330,30303.0303,3.75697,0.13523,0.04044,0.03479,0.01854,0.05662,0.67968,0.01005
330.5,30257.18608,3.75129,0.13915,0.04278,0.03515,0.0206,0.05879,0.60625,0.01113
331,30211.48036,3.74562,0.14454,0.04525,0.03587,0.02222,0.06086,0.54113,0.01266
331.5,30165.91252,3.73997,0.14679,0.04672,0.03485,0.02229,0.0602,0.48111,0.01184
332,30120.48193,3.73434,0.15103,0.04969,0.03543,0.02422,0.06268,0.43015,0.01261
332.5,30075.18797,3.72872,0.1548,0.05098,0.0354,0.02586,0.06339,0.38408,0.01345
333,30030.03003,3.72312,0.1581,0.0534,0.03562,0.02712,0.06449,0.34347,0.01358
333.5,29985.0075,3.71754,0.16284,0.05563,0.03557,0.02849,0.06593,0.30468,0.01429
334,29940.11976,3.71198,0.16655,0.05753,0.03556,0.02979,0.06723,0.26928,0.01542
334.5,29895.36622,3.70643,0.17094,0.06158,0.03686,0.03223,0.06937,0.23923,0.01612
335,29850.74627,3.7009,0.17577,0.06359,0.03675,0.03402,0.07108,0.21306,0.01722
335.5,29806.25931,3.69538,0.179,0.06581,0.03649,0.03526,0.07202,0.18894,0.01721
336,29761.90476,3.68988,0.18472,0.06912,0.03796,0.03785,0.07436,0.16865,0.01896
336.5,29717.68202,3.6844,0.18839,0.07204,0.03793,0.03945,0.0759,0.15053,0.01987
337,29673.5905,3.67893,0.1924,0.07478,0.03812,0.04053,0.07745,0.1331,0.01988
337.5,29629.62963,3.67348,0.19714,0.07825,0.03855,0.04323,0.07947,0.1188,0.02151
338,29585.79882,3.66805,0.20196,0.08043,0.03835,0.04528,0.08116,0.10574,0.02288
338.5,29542.09749,3.66263,0.20576,0.08336,0.03975,0.04729,0.08307,0.09488,0.02311
339,29498.52507,3.65723,0.21064,0.08666,0.04057,0.04937,0.08509,0.08571,0.02445
339.5,29455.081,3.65184,0.21434,0.08928,0.04066,0.05179,0.08732,0.07705,0.02561
340,29411.76471,3.64647,0.21874,0.09268,0.04165,0.05322,0.0889,0.06961,0.02602
340.5,29368.57562,3.64112,0.22344,0.09581,0.04243,0.05604,0.0908,0.0634,0.02757
341,29325.5132,3.63578,0.22779,0.09902,0.04283,0.05775,0.09329,0.05727,0.02887
341.5,29282.57687,3.63045,0.2322,0.10272,0.04428,0.06059,0.09555,0.05289,0.03016
342,29239.76608,3.62515,0.23729,0.10598,0.04494,0.06309,0.09734,0.04906,0.03188
342.5,29197.08029,3.61985,0.24107,0.10901,0.04577,0.06533,0.0993,0.04491,0.03275
343,29154.51895,3.61458,0.24544,0.11239,0.04683,0.0682,0.10223,0.04167,0.03439
343.5,29112.08151,3.60932,0.25067,0.11604,0.04714,0.07057,0.10421,0.03912,0.03551
344,29069.76744,3.60407,0.25486,0.11896,0.04798,0.07271,0.10638,0.03539,0.03667
344.5,29027.5762,3.59884,0.25972,0.1232,0.04969,0.07608,0.10882,0.03376,0.03866
345,28985.50725,3.59362,0.26538,0.12706,0.05091,0.07917,0.11146,0.03179,0.04045
345.5,28943.56006,3.58842,0.26852,0.13005,0.0517,0.08125,0.11367,0.02975,0.04146
346,28901.7341,3.58324,0.27372,0.13454,0.05329,0.0847,0.11674,0.02895,0.04343
346.5,28860.02886,3.57807,0.2783,0.13816,0.05441,0.0877,0.11905,0.0277,0.04517
347,28818.4438,3.57291,0.28285,0.14226,0.05545,0.0903,0.1215,0.02653,0.04668
347.5,28776.97842,3.56777,0.28766,0.14616,0.05713,0.09363,0.12401,0.02558,0.04844
348,28735.63218,3.56264,0.29156,0.15007,0.05891,0.09736,0.12665,0.02465,0.05074
348.5,28694.40459,3.55753,0.29672,0.15397,0.05982,0.09952,0.12895,0.02343,0.05177
349,28653.29513,3.55244,0.30129,0.15847,0.06115,0.10303,0.13193,0.02337,0.05372
349.5,28612.30329,3.54735,0.30481,0.16221,0.06287,0.10642,0.13439,0.02277,0.05572
350,28571.42857,3.54229,0.3101,0.16649,0.0652,0.10974,0.13772,0.02277,0.05809
350.5,28530.67047,3.53723,0.31441,0.17066,0.06642,0.11294,0.14038,0.02261,0.05988
351,28490.02849,3.53219,0.31782,0.17395,0.06802,0.11585,0.14249,0.02137,0.06153
351.5,28449.50213,3.52717,0.32271,0.17914,0.06964,0.11974,0.14566,0.02181,0.0637
352,28409.09091,3.52216,0.32698,0.18292,0.0711,0.12309,0.14823,0.02168,0.066
352.5,28368.79433,3.51716,0.33073,0.1867,0.07267,0.12599,0.1508,0.02103,0.0679
353,28328.6119,3.51218,0.33557,0.1917,0.07514,0.13016,0.15397,0.02098,0.06958
353.5,28288.54314,3.50721,0.33953,0.19648,0.07719,0.13417,0.15712,0.02137,0.07252
354,28248.58757,3.50226,0.34329,0.20096,0.07942,0.13737,0.15929,0.02079,0.07419
354.5,28208.74471,3.49732,0.34755,0.20565,0.08127,0.14159,0.16253,0.02137,0.07714
355,28169.01408,3.49239,0.35251,0.20995,0.08326,0.14568,0.16593,0.02103,0.08012
355.5,28129.39522,3.48748,0.35582,0.21466,0.08545,0.14911,0.16844,0.02062,0.08166
356,28089.88764,3.48258,0.35951,0.21982,0.08756,0.15329,0.17116,0.0207,0.08434
356.5,28050.49088,3.4777,0.36329,0.22383,0.08989,0.15715,0.17453,0.02071,0.08638
357,28011.20448,3.47283,0.36809,0.22903,0.09281,0.16137,0.17714,0.02102,0.08945
357.5,27972.02797,3.46797,0.37188,0.23414,0.09478,0.16575,0.18046,0.02167,0.09208
358,27932.96089,3.46313,0.37489,0.23841,0.09688,0.1696,0.1833,0.02073,0.09493
358.5,27894.00279,3.4583,0.37826,0.24282,0.09984,0.17314,0.1861,0.0209,0.0971
359,27855.1532,3.45348,0.38239,0.24853,0.10224,0.1775,0.18904,0.02121,0.10014
359.5,27816.41168,3.44868,0.38456,0.25215,0.10467,0.18156,0.19193,0.02139,0.10261
360,27777.77778,3.44389,0.38817,0.25688,0.10744,0.18563,0.1944,0.02137,0.10503
360.5,27739.25104,3.43911,0.39145,0.26193,0.10931,0.18987,0.19731,0.0213,0.10764
361,27700.83102,3.43435,0.39411,0.26538,0.11156,0.19324,0.19882,0.02107,0.10984
361.5,27662.51729,3.4296,0.39784,0.27204,0.11471,0.19835,0.20311,0.02208,0.1133
362,27624.30939,3.42486,0.40068,0.27565,0.11754,0.20303,0.20625,0.02188,0.11617
362.5,27586.2069,3.42014,0.40267,0.28024,0.11997,0.20634,0.20807,0.02157,0.11879
363,27548.20937,3.41543,0.40596,0.28568,0.12316,0.21052,0.21119,0.02189,0.12159
363.5,27510.31637,3.41073,0.4082,0.29,0.12535,0.21608,0.21397,0.0221,0.12447
364,27472.52747,3.40604,0.41049,0.29529,0.12814,0.21999,0.21631,0.02214,0.12737
364.5,27434.84225,3.40137,0.41316,0.29988,0.13145,0.22482,0.21916,0.02247,0.13083
365,27397.26027,3.39671,0.41534,0.3042,0.13399,0.22929,0.22171,0.02222,0.13415
365.5,27359.78112,3.39207,0.41773,0.30917,0.13726,0.23327,0.22381,0.02241,0.13659
366,27322.40437,3.38743,0.42025,0.31446,0.13979,0.23825,0.22656,0.02264,0.1401
366.5,27285.1296,3.38281,0.42214,0.31914,0.14292,0.24359,0.2295,0.02293,0.14374
367,27247.9564,3.3782,0.4237,0.32294,0.14569,0.24758,0.23166,0.02305,0.14579
367.5,27210.88435,3.37361,0.42531,0.32858,0.14877,0.25305,0.23427,0.02334,0.14983
368,27173.91304,3.36902,0.4268,0.33375,0.152,0.25673,0.23637,0.0227,0.15242
368.5,27137.04206,3.36445,0.42878,0.33806,0.15573,0.26176,0.23919,0.02377,0.15613
369,27100.271,3.35989,0.43,0.34273,0.15904,0.26671,0.24158,0.02435,0.15953
369.5,27063.59946,3.35535,0.43009,0.34693,0.16106,0.27027,0.2431,0.02357,0.16172
370,27027.02703,3.35081,0.43163,0.35177,0.16467,0.27549,0.24525,0.02403,0.16496
370.5,26990.55331,3.34629,0.43276,0.35554,0.16747,0.27975,0.24763,0.02421,0.16864
371,26954.1779,3.34178,0.43349,0.36007,0.16997,0.28413,0.24952,0.0244,0.17112
371.5,26917.9004,3.33728,0.43432,0.36511,0.17339,0.2888,0.25128,0.02498,0.17499
372,26881.72043,3.3328,0.43416,0.36771,0.17615,0.29261,0.25281,0.02469,0.1773
372.5,26845.63758,3.32832,0.43423,0.37238,0.17967,0.29674,0.25465,0.0244,0.18012
373,26809.65147,3.32386,0.43529,0.37666,0.18189,0.3017,0.257,0.02479,0.18403
373.5,26773.76171,3.31941,0.43478,0.38047,0.18562,0.30631,0.25792,0.02514,0.18665
374,26737.96791,3.31497,0.4352,0.38585,0.18925,0.31185,0.2603,0.02569,0.19051
374.5,26702.26969,3.31055,0.43467,0.3896,0.19224,0.31631,0.26137,0.02549,0.194
375,26666.66667,3.30613,0.43551,0.39437,0.19537,0.32022,0.26304,0.02543,0.19725
375.5,26631.15846,3.30173,0.43426,0.39754,0.19919,0.32489,0.26459,0.026,0.20105
376,26595.74468,3.29734,0.4332,0.40118,0.20174,0.32906,0.26556,0.02608,0.20377
376.5,26560.42497,3.29296,0.43218,0.40491,0.20441,0.33346,0.26731,0.02543,0.20699
377,26525.19894,3.28859,0.432,0.40962,0.20873,0.33876,0.26889,0.0268,0.21015
377.5,26490.06623,3.28424,0.43133,0.41247,0.21071,0.34216,0.26897,0.02647,0.2135
378,26455.02646,3.27989,0.42887,0.41533,0.2139,0.34564,0.26907,0.0261,0.21677
378.5,26420.07926,3.27556,0.42795,0.419,0.21774,0.35075,0.27176,0.02713,0.2207
379,26385.22427,3.27124,0.42708,0.42258,0.22048,0.3547,0.27193,0.02624,0.22337
379.5,26350.46113,3.26693,0.42498,0.42538,0.22415,0.35953,0.27247,0.0268,0.22649
380,26315.78947,3.26263,0.4234,0.42845,0.22705,0.36355,0.2729,0.02653,0.22974
380.5,26281.20894,3.25834,0.42077,0.43139,0.22965,0.36734,0.2737,0.02702,0.23293
381,26246.71916,3.25407,0.41935,0.43409,0.23335,0.37224,0.27372,0.02753,0.23625
381.5,26212.31979,3.2498,0.41693,0.43749,0.23573,0.37576,0.27466,0.02743,0.23958
382,26178.01047,3.24555,0.4145,0.43929,0.23895,0.37871,0.27436,0.02757,0.24246
382.5,26143.79085,3.24131,0.41257,0.44226,0.24137,0.38277,0.27456,0.02738,0.24497
383,26109.66057,3.23708,0.41017,0.44486,0.24464,0.38665,0.27473,0.02743,0.24781
383.5,26075.6193,3.23286,0.40679,0.44645,0.24702,0.38931,0.27386,0.02691,0.25061
384,26041.66667,3.22865,0.40436,0.44973,0.25024,0.39363,0.27473,0.02737,0.25459
384.5,26007.80234,3.22445,0.40152,0.45124,0.25305,0.3977,0.27385,0.027,0.25707
385,25974.02597,3.22026,0.39838,0.45383,0.25628,0.40017,0.27361,0.02699,0.2594
385.5,25940.33722,3.21608,0.39526,0.45586,0.25857,0.40373,0.27313,0.02749,0.26277
386,25906.73575,3.21192,0.38978,0.45691,0.26042,0.4068,0.27181,0.02667,0.26533
386.5,25873.22122,3.20776,0.38812,0.45918,0.26428,0.41047,0.27191,0.02725,0.26862
387,25839.79328,3.20362,0.38448,0.46053,0.26649,0.41264,0.27125,0.02721,0.27073
387.5,25806.45161,3.19948,0.38003,0.46097,0.2689,0.41605,0.26993,0.02666,0.27366
388,25773.19588,3.19536,0.37628,0.46172,0.27165,0.41838,0.269,0.02655,0.27614
388.5,25740.02574,3.19125,0.37291,0.4637,0.274,0.42193,0.26799,0.02678,0.27914
389,25706.94087,3.18715,0.36789,0.46455,0.27626,0.42371,0.2669,0.02643,0.28108
389.5,25673.94095,3.18306,0.3644,0.4651,0.27854,0.4263,0.26572,0.02667,0.28307
390,25641.02564,3.17897,0.35994,0.46665,0.28122,0.42979,0.26411,0.02617,0.28594
390.5,25608.19462,3.1749,0.35588,0.46613,0.28375,0.43169,0.2624,0.02604,0.28805
391,25575.44757,3.17084,0.35208,0.46705,0.28535,0.4339,0.26127,0.02615,0.28975
391.5,25542.78416,3.16679,0.34709,0.46697,0.28734,0.43593,0.25922,0.02583,0.29302
392,25510.20408,3.16276,0.34288,0.46728,0.2893,0.43718,0.25746,0.02552,0.29427
392.5,25477.70701,3.15873,0.33844,0.46702,0.29092,0.43923,0.25545,0.02567,0.29666
393,25445.29262,3.15471,0.3328,0.46675,0.29287,0.441,0.25304,0.02452,0.29873
393.5,25412.96061,3.1507,0.32845,0.46629,0.29481,0.44277,0.2513,0.02482,0.30063
394,25380.71066,3.1467,0.32407,0.46632,0.29671,0.44467,0.24884,0.0252,0.3025
394.5,25348.54246,3.14271,0.31897,0.46452,0.29829,0.44561,0.24653,0.02411,0.30404
395,25316.4557,3.13873,0.31404,0.46466,0.30027,0.44745,0.24455,0.02475,0.30633
395.5,25284.45006,3.13477,0.30906,0.46291,0.30178,0.44799,0.24209,0.02375,0.30781
396,25252.52525,3.13081,0.30265,0.46159,0.30255,0.44836,0.23842,0.0229,0.30914
396.5,25220.68096,3.12686,0.29851,0.46099,0.30456,0.44976,0.23684,0.02339,0.31098
397,25188.91688,3.12292,0.29368,0.45944,0.30605,0.45134,0.23401,0.02279,0.31198
397.5,25157.2327,3.11899,0.28722,0.45743,0.30712,0.45043,0.23071,0.02163,0.31313
398,25125.62814,3.11508,0.28227,0.45634,0.30798,0.45215,0.228,0.02187,0.31538
398.5,25094.10289,3.11117,0.2776,0.4549,0.30948,0.45217,0.22516,0.0218,0.31598
399,25062.65664,3.10727,0.27198,0.4522,0.31073,0.45272,0.22252,0.02189,0.31704
399.5,25031.28911,3.10338,0.26743,0.45002,0.31065,0.45197,0.21881,0.02111,0.3187
400,25000,3.0995,0.26189,0.44804,0.31144,0.45204,0.2164,0.02112,0.31889
400.5,24968.78901,3.09563,0.25684,0.44533,0.31303,0.45254,0.21311,0.02017,0.32005
401,24937.65586,3.09177,0.25168,0.44318,0.3134,0.45212,0.20972,0.02018,0.32039
401.5,24906.60025,3.08792,0.24535,0.43996,0.31349,0.45102,0.20651,0.01882,0.32094
402,24875.62189,3.08408,0.24112,0.4382,0.31542,0.45099,0.20342,0.01947,0.3221
402.5,24844.7205,3.08025,0.2359,0.43466,0.31461,0.44975,0.20043,0.01907,0.32222
403,24813.89578,3.07643,0.23017,0.43111,0.31533,0.44884,0.19657,0.01808,0.32209
403.5,24783.14746,3.07261,0.22507,0.42876,0.31542,0.44749,0.19316,0.01794,0.32326
404,24752.47525,3.06881,0.21908,0.42516,0.31548,0.44677,0.189,0.01738,0.32262
404.5,24721.87886,3.06502,0.2138,0.42104,0.31514,0.44527,0.18507,0.01678,0.32312
405,24691.35802,3.06123,0.2089,0.4176,0.31541,0.44417,0.18199,0.01682,0.32345
405.5,24660.91245,3.05746,0.20419,0.41348,0.31508,0.44232,0.17843,0.01551,0.32318
406,24630.54187,3.05369,0.19799,0.40966,0.31474,0.43966,0.17413,0.0145,0.32255
406.5,24600.246,3.04994,0.19356,0.4059,0.31455,0.4391,0.1712,0.01528,0.32301
407,24570.02457,3.04619,0.18854,0.40129,0.31451,0.43723,0.16701,0.01445,0.32259
407.5,24539.8773,3.04245,0.183,0.39699,0.31344,0.43369,0.16295,0.0134,0.32159
408,24509.80392,3.03873,0.17804,0.39283,0.31251,0.43177,0.15953,0.01367,0.32178
408.5,24479.80416,3.03501,0.17284,0.38783,0.31134,0.42942,0.15575,0.01217,0.32062
409,24449.87775,3.0313,0.16886,0.38442,0.31125,0.42727,0.15238,0.01294,0.32045
409.5,24420.02442,3.02759,0.16395,0.37949,0.31015,0.4247,0.14912,0.01194,0.32012
410,24390.2439,3.0239,0.15897,0.37404,0.30863,0.42106,0.14501,0.01076,0.31784
410.5,24360.53593,3.02022,0.15435,0.36989,0.30778,0.41871,0.14126,0.01065,0.31721
411,24330.90024,3.01655,0.15005,0.36517,0.30651,0.41531,0.138,0.01007,0.31691
411.5,24301.33657,3.01288,0.14442,0.35934,0.30506,0.41206,0.13375,0.00897,0.31485
412,24271.84466,3.00922,0.14066,0.35427,0.30409,0.4089,0.13085,0.00887,0.3135
412.5,24242.42424,3.00558,0.13659,0.35045,0.30236,0.40576,0.12765,0.0087,0.31296
413,24213.07506,3.00194,0.13175,0.34451,0.3006,0.40183,0.12332,0.00804,0.31084
413.5,24183.79686,2.99831,0.1278,0.33957,0.29892,0.39872,0.11981,0.00747,0.30977
414,24154.58937,2.99469,0.12402,0.3348,0.29729,0.39513,0.11659,0.00738,0.30831
414.5,24125.45235,2.99107,0.11945,0.32801,0.29551,0.39046,0.11283,0.00676,0.30684
415,24096.38554,2.98747,0.11525,0.323,0.29327,0.38616,0.11,0.00615,0.30425
415.5,24067.38869,2.98387,0.1116,0.31691,0.29099,0.3826,0.10625,0.00541,0.30265
416,24038.46154,2.98029,0.10718,0.31097,0.28885,0.37706,0.10181,0.00482,0.30025
416.5,24009.60384,2.97671,0.10372,0.30605,0.2866,0.37393,0.09965,0.00453,0.29822
417,23980.81535,2.97314,0.0994,0.29922,0.28376,0.36891,0.09677,0.00383,0.29645
417.5,23952.09581,2.96958,0.09583,0.29379,0.28174,0.36427,0.09268,0.00344,0.29429
418,23923.44498,2.96603,0.09241,0.2879,0.27868,0.3597,0.08968,0.00291,0.29182
418.5,23894.8626,2.96249,0.08795,0.28216,0.27604,0.35458,0.08642,0.00238,0.28934
419,23866.34845,2.95895,0.08516,0.27667,0.27393,0.35028,0.08435,0.00195,0.28637
419.5,23837.90226,2.95542,0.08321,0.27219,0.27141,0.34548,0.08135,0.00187,0.28455
420,23809.52381,2.9519,0.07841,0.26539,0.26771,0.34013,0.0777,4.55262E-4,0.28193
420.5,23781.21284,2.94839,0.07624,0.2606,0.26496,0.3356,0.07504,0.00111,0.27925
421,23752.96912,2.94489,0.07356,0.25471,0.26199,0.3309,0.0727,1.34809E-4,0.2765
421.5,23724.79241,2.9414,0.06996,0.24864,0.25951,0.32533,0.06963,-1.91424E-4,0.27395
422,23696.68246,2.93791,0.06727,0.2431,0.25618,0.32053,0.06731,-7.45497E-4,0.271
422.5,23668.63905,2.93444,0.06482,0.23816,0.25365,0.3157,0.06518,-8.43907E-4,0.26873
423,23640.66194,2.93097,0.06153,0.23199,0.25027,0.30997,0.06239,-0.00165,0.26508
423.5,23612.75089,2.92751,0.05936,0.22675,0.24656,0.30509,0.06044,-0.00109,0.26269
424,23584.90566,2.92406,0.05698,0.22121,0.24337,0.29988,0.05852,-0.00156,0.25978
424.5,23557.12603,2.92061,0.0541,0.215,0.23999,0.29383,0.05566,-0.00272,0.2555
425,23529.41176,2.91718,0.05177,0.21013,0.23626,0.28874,0.05392,-0.00261,0.25349
425.5,23501.76263,2.91375,0.0491,0.20424,0.23234,0.28325,0.05135,-0.00337,0.24993
426,23474.1784,2.91033,0.04625,0.19848,0.22963,0.2775,0.04904,-0.00379,0.24638
426.5,23446.65885,2.90692,0.04499,0.1938,0.22566,0.27297,0.04758,-0.00327,0.24433
427,23419.20375,2.90351,0.0425,0.18799,0.22211,0.26684,0.0453,-0.00352,0.23999
427.5,23391.81287,2.90012,0.04062,0.18265,0.21833,0.26118,0.04352,-0.00404,0.23662
428,23364.48598,2.89673,0.03851,0.17773,0.21419,0.25621,0.04188,-0.00402,0.2338
428.5,23337.22287,2.89335,0.03661,0.17276,0.2113,0.25085,0.04027,-0.00456,0.23057
429,23310.02331,2.88998,0.03551,0.16823,0.20725,0.24518,0.03872,-0.00391,0.22768
429.5,23282.88708,2.88661,0.03368,0.16324,0.20372,0.24096,0.03733,-0.0049,0.22388
430,23255.81395,2.88326,0.03055,0.15752,0.19955,0.23413,0.03438,-0.00602,0.21996
430.5,23228.80372,2.87991,0.02976,0.15366,0.19616,0.22985,0.03389,-0.00517,0.21737
431,23201.85615,2.87657,0.02848,0.14929,0.19233,0.22516,0.03322,-0.00529,0.21377
431.5,23174.97103,2.87323,0.02681,0.14428,0.18894,0.21936,0.03154,-0.00547,0.21086
432,23148.14815,2.86991,0.02534,0.14013,0.18533,0.21484,0.03003,-0.00592,0.20741
432.5,23121.38728,2.86659,0.02461,0.13654,0.18171,0.2101,0.0296,-0.00591,0.20461
433,23094.68822,2.86328,0.02245,0.13166,0.1783,0.20517,0.02777,-0.00603,0.2008
433.5,23068.05075,2.85998,0.02162,0.12787,0.17432,0.20013,0.02708,-0.00561,0.19813
434,23041.47465,2.85668,0.02034,0.12327,0.17066,0.19478,0.02624,-0.0062,0.19512
434.5,23014.95972,2.85339,0.0186,0.11895,0.16626,0.18948,0.02474,-0.00653,0.19062
435,22988.50575,2.85011,0.01813,0.11532,0.16309,0.18542,0.02432,-0.00577,0.18855
435.5,22962.11251,2.84684,0.01692,0.1112,0.15897,0.18025,0.02329,-0.00683,0.1847
436,22935.77982,2.84358,0.01539,0.10833,0.15601,0.17568,0.02313,-0.00608,0.18189
436.5,22909.50745,2.84032,0.01517,0.10417,0.1519,0.1716,0.02204,-0.00592,0.17899
437,22883.29519,2.83707,0.01332,0.10017,0.1484,0.16656,0.02091,-0.00645,0.17565
437.5,22857.14286,2.83383,0.0131,0.09746,0.14512,0.16321,0.02146,-0.00538,0.17294
438,22831.05023,2.83059,0.01237,0.09383,0.14139,0.15864,0.02051,-0.00567,0.1695
438.5,22805.0171,2.82737,0.01083,0.09051,0.13796,0.15427,0.01986,-0.00604,0.16707
439,22779.04328,2.82415,0.01051,0.08755,0.1343,0.15036,0.01936,-0.00611,0.16402
439.5,22753.12856,2.82093,0.00979,0.08459,0.1311,0.14654,0.0191,-0.00596,0.16126
440,22727.27273,2.81773,0.00827,0.08123,0.12794,0.14215,0.01808,-0.00622,0.1582
440.5,22701.4756,2.81453,0.00837,0.07915,0.12495,0.13893,0.0183,-0.00538,0.15633
441,22675.73696,2.81134,0.00742,0.07636,0.12217,0.13583,0.01868,-0.00563,0.15383
441.5,22650.05663,2.80815,0.00734,0.07386,0.11922,0.13174,0.01813,-0.00546,0.15128
442,22624.43439,2.80498,0.00641,0.07165,0.11606,0.12871,0.01804,-0.00494,0.14906
442.5,22598.87006,2.80181,0.0057,0.0685,0.1128,0.1252,0.01762,-0.00504,0.14667
443,22573.36343,2.79865,0.00534,0.06646,0.11099,0.12243,0.018,-0.00458,0.14456
443.5,22547.91432,2.79549,0.00497,0.06466,0.10799,0.11912,0.01766,-0.00438,0.14296
444,22522.52252,2.79234,0.00357,0.06179,0.10502,0.11547,0.01762,-0.00465,0.14049
444.5,22497.18785,2.7892,0.0042,0.06012,0.10282,0.11289,0.01801,-0.00357,0.13825
445,22471.91011,2.78607,0.0033,0.0581,0.09969,0.11022,0.0181,-0.00334,0.13605
445.5,22446.68911,2.78294,0.00289,0.0556,0.09732,0.10752,0.01767,-0.00374,0.13401
446,22421.52466,2.77982,0.00223,0.05475,0.09499,0.1058,0.01881,-0.00248,0.13267
446.5,22396.41657,2.77671,0.00215,0.0528,0.09255,0.10271,0.01849,-0.00275,0.13134
447,22371.36465,2.7736,0.0014,0.05111,0.09079,0.10029,0.01874,-0.00209,0.12958
447.5,22346.36872,2.7705,0.00194,0.04957,0.08888,0.09834,0.0195,-0.00182,0.12837
448,22321.42857,2.76741,7.6908E-4,0.04754,0.0863,0.09618,0.01938,-0.00193,0.12679
448.5,22296.54404,2.76433,4.75735E-4,0.04613,0.08447,0.09339,0.01928,-0.00116,0.12509
449,22271.71492,2.76125,-2.0621E-4,0.04526,0.08231,0.09223,0.02003,-9.79415E-5,0.12429
449.5,22246.94105,2.75818,-1.10504E-4,0.04366,0.08051,0.09023,0.0199,-9.12348E-4,0.12308
450,22222.22222,2.75511,-8.92614E-4,0.04264,0.07883,0.08818,0.02073,1.4574E-5,0.12219
450.5,22197.55827,2.75205,-2.93679E-4,0.04179,0.07768,0.08715,0.0212,7.69375E-4,0.1213
451,22172.949,2.749,-0.00126,0.04026,0.07581,0.08563,0.02179,7.70869E-4,0.12024
451.5,22148.39424,2.74596,-0.00128,0.03901,0.07423,0.08391,0.02169,9.43973E-4,0.1193
452,22123.89381,2.74292,-0.00133,0.03859,0.07285,0.08276,0.02204,0.00183,0.11881
452.5,22099.44751,2.73989,-0.00216,0.03711,0.07177,0.08159,0.02247,0.0019,0.11804
453,22075.05519,2.73687,-0.00229,0.03656,0.0707,0.08043,0.02349,0.00298,0.1173
453.5,22050.71665,2.73385,-0.00225,0.03569,0.06957,0.07943,0.02421,0.00308,0.11726
454,22026.43172,2.73084,-0.00329,0.03457,0.06785,0.07808,0.02436,0.00354,0.11727
454.5,22002.20022,2.72783,-0.00277,0.03434,0.06739,0.07799,0.02568,0.00479,0.11674
455,21978.02198,2.72484,-0.00254,0.03396,0.06658,0.0773,0.02641,0.00551,0.11653
455.5,21953.89682,2.72184,-0.00292,0.03286,0.06609,0.07642,0.02715,0.00598,0.11698
456,21929.82456,2.71886,-0.00356,0.03241,0.06484,0.07555,0.02755,0.00675,0.11688
456.5,21905.80504,2.71588,-0.00403,0.03177,0.06427,0.07508,0.0284,0.00655,0.11663
457,21881.83807,2.71291,-0.00391,0.03126,0.06395,0.07469,0.02922,0.00747,0.11684
457.5,21857.9235,2.70995,-0.00404,0.03109,0.06317,0.07412,0.03013,0.00818,0.11701
458,21834.06114,2.70699,-0.00446,0.03027,0.06326,0.07408,0.03071,0.0088,0.11779
458.5,21810.25082,2.70403,-0.0046,0.02974,0.0631,0.07367,0.03136,0.00958,0.11811
459,21786.49237,2.70109,-0.0047,0.02974,0.0626,0.07354,0.03236,0.01074,0.11851
459.5,21762.78564,2.69815,-0.005,0.02937,0.06257,0.0733,0.03326,0.01103,0.1192
460,21739.13043,2.69522,-0.00502,0.02916,0.06261,0.07348,0.03419,0.01189,0.11971
460.5,21715.5266,2.69229,-0.00509,0.02917,0.06267,0.07346,0.03534,0.01262,0.12057
461,21691.97397,2.68937,-0.00633,0.0285,0.0626,0.07288,0.03586,0.01329,0.12161
461.5,21668.47237,2.68646,-0.00553,0.02862,0.06283,0.07352,0.03699,0.01427,0.122
462,21645.02165,2.68355,-0.00554,0.02882,0.06322,0.07397,0.03869,0.01505,0.12312
462.5,21621.62162,2.68065,-0.00623,0.02812,0.06319,0.07388,0.03914,0.01579,0.12391
463,21598.27214,2.67775,-0.00613,0.0281,0.06348,0.0747,0.04011,0.01702,0.12497
463.5,21574.97303,2.67487,-0.00631,0.02831,0.06412,0.07485,0.04141,0.0177,0.1263
464,21551.72414,2.67198,-0.00693,0.02739,0.06447,0.07475,0.04199,0.0184,0.12738
464.5,21528.5253,2.66911,-0.00668,0.02796,0.06505,0.07562,0.04367,0.02017,0.12909
465,21505.37634,2.66624,-0.00653,0.02814,0.06583,0.07709,0.04523,0.02047,0.13022
465.5,21482.27712,2.66337,-0.00711,0.02751,0.06659,0.07649,0.04575,0.02175,0.13162
466,21459.22747,2.66052,-0.00744,0.02774,0.06694,0.07672,0.04681,0.02306,0.13292
466.5,21436.22722,2.65766,-0.00766,0.02758,0.06782,0.07807,0.04837,0.0239,0.13457
467,21413.27623,2.65482,-0.00731,0.02796,0.06945,0.07863,0.0496,0.02474,0.13615
467.5,21390.37433,2.65198,-0.00804,0.02809,0.06987,0.07953,0.05079,0.02614,0.13783
468,21367.52137,2.64915,-0.00847,0.0276,0.07076,0.08024,0.05232,0.02726,0.13928
468.5,21344.71718,2.64632,-0.00825,0.02773,0.07216,0.08103,0.05341,0.02838,0.14119
469,21321.96162,2.6435,-0.00809,0.02826,0.07279,0.08177,0.05472,0.03004,0.14299
469.5,21299.25453,2.64068,-0.00886,0.02754,0.07422,0.08239,0.05599,0.03084,0.1449
470,21276.59574,2.63787,-0.00878,0.02803,0.07533,0.0832,0.05765,0.03207,0.1463
470.5,21253.98512,2.63507,-0.00831,0.02827,0.07665,0.08459,0.0592,0.03351,0.14868
471,21231.42251,2.63227,-0.00903,0.02762,0.07782,0.08447,0.0601,0.03433,0.15041
471.5,21208.90774,2.62948,-0.00935,0.02835,0.07883,0.0861,0.06185,0.03596,0.15221
472,21186.44068,2.62669,-0.0092,0.0285,0.08014,0.08722,0.0634,0.03715,0.15427
472.5,21164.02116,2.62392,-0.00985,0.02839,0.08149,0.08753,0.06438,0.03822,0.15578
473,21141.64905,2.62114,-0.0104,0.0284,0.08319,0.08911,0.06616,0.03998,0.15818
473.5,21119.32418,2.61837,-0.00981,0.02847,0.08453,0.09029,0.06792,0.04155,0.16049
474,21097.04641,2.61561,-0.01017,0.0288,0.08657,0.09111,0.06886,0.04271,0.16275
474.5,21074.8156,2.61286,-0.01001,0.02911,0.08806,0.09239,0.07083,0.04482,0.16496
475,21052.63158,2.61011,-0.0107,0.0289,0.08937,0.09355,0.07292,0.04613,0.16737
475.5,21030.49422,2.60736,-0.01049,0.02943,0.09186,0.09462,0.07442,0.04799,0.16968
476,21008.40336,2.60462,-0.01081,0.02922,0.09281,0.09526,0.07563,0.04956,0.17181
476.5,20986.35887,2.60189,-0.01147,0.02871,0.09454,0.09656,0.07791,0.05061,0.17432
477,20964.36059,2.59916,-0.01115,0.02955,0.09723,0.0984,0.07956,0.05295,0.17665
477.5,20942.40838,2.59644,-0.01109,0.02974,0.09857,0.09933,0.08177,0.05457,0.17912
478,20920.50209,2.59372,-0.01229,0.02879,0.10048,0.09992,0.08299,0.05597,0.18147
478.5,20898.64159,2.59101,-0.01158,0.02999,0.10265,0.10205,0.0851,0.05836,0.18409
479,20876.82672,2.58831,-0.01151,0.02993,0.10467,0.103,0.08706,0.06012,0.18643
479.5,20855.05735,2.58561,-0.01251,0.02951,0.10637,0.10344,0.08841,0.06154,0.18904
480,20833.33333,2.58292,-0.01225,0.02979,0.10834,0.1055,0.0906,0.06396,0.19151
480.5,20811.65453,2.58023,-0.01254,0.02987,0.11067,0.1064,0.09276,0.06557,0.19389
481,20790.02079,2.57755,-0.01292,0.02979,0.11262,0.10716,0.09429,0.06752,0.19645
481.5,20768.43198,2.57487,-0.01295,0.02993,0.11481,0.10853,0.09645,0.06983,0.19877
482,20746.88797,2.5722,-0.01313,0.02984,0.11704,0.11007,0.0986,0.0714,0.20112
482.5,20725.3886,2.56953,-0.01329,0.02974,0.11901,0.111,0.10021,0.07364,0.20392
483,20703.93375,2.56687,-0.01335,0.0303,0.12136,0.11235,0.10272,0.07639,0.20665
483.5,20682.52327,2.56422,-0.01388,0.02977,0.1231,0.11361,0.10454,0.0776,0.20907
484,20661.15702,2.56157,-0.01347,0.03023,0.12659,0.11486,0.10688,0.0805,0.21213
484.5,20639.83488,2.55893,-0.01376,0.03071,0.12856,0.11628,0.1093,0.08335,0.21505
485,20618.5567,2.55629,-0.01492,0.02983,0.13077,0.1174,0.11117,0.08477,0.21747
485.5,20597.32235,2.55366,-0.01416,0.03018,0.13375,0.11852,0.11385,0.08797,0.22011
486,20576.13169,2.55103,-0.01417,0.0304,0.13581,0.11985,0.11597,0.09061,0.22282
486.5,20554.98458,2.54841,-0.01494,0.02989,0.13844,0.12089,0.11805,0.09255,0.226
487,20533.8809,2.54579,-0.0151,0.02994,0.14156,0.1225,0.12072,0.09571,0.22869
487.5,20512.82051,2.54318,-0.01477,0.03017,0.14367,0.12379,0.12325,0.09805,0.23128
488,20491.80328,2.54057,-0.0155,0.02976,0.14654,0.12488,0.12554,0.10085,0.23463
488.5,20470.82907,2.53797,-0.0155,0.03006,0.14939,0.12584,0.1283,0.1038,0.237
489,20449.89775,2.53538,-0.01567,0.03008,0.15205,0.12772,0.13086,0.10651,0.24
489.5,20429.00919,2.53279,-0.0161,0.02939,0.15472,0.12844,0.13272,0.10931,0.24247
490,20408.16327,2.5302,-0.01593,0.02974,0.15708,0.12982,0.13576,0.11263,0.24545
490.5,20387.35984,2.52762,-0.01617,0.02946,0.16016,0.13115,0.13859,0.11469,0.24823
491,20366.59878,2.52505,-0.01628,0.02955,0.16353,0.13183,0.1408,0.11834,0.25089
491.5,20345.87996,2.52248,-0.01648,0.02931,0.16578,0.13339,0.14358,0.12135,0.25393
492,20325.20325,2.51992,-0.01694,0.02843,0.16856,0.13434,0.14626,0.12385,0.25653
492.5,20304.56853,2.51736,-0.01696,0.02892,0.17172,0.13541,0.14853,0.12763,0.25881
493,20283.97566,2.51481,-0.01694,0.02915,0.17472,0.13675,0.15175,0.13094,0.26255
493.5,20263.42452,2.51226,-0.01739,0.02845,0.1779,0.13758,0.15443,0.13402,0.265
494,20242.91498,2.50972,-0.01736,0.0289,0.18152,0.13875,0.15765,0.13797,0.26817
494.5,20222.44692,2.50718,-0.01735,0.02838,0.1843,0.13999,0.16062,0.14145,0.27083
495,20202.0202,2.50465,-0.01799,0.02766,0.18733,0.14068,0.16339,0.14504,0.27406
495.5,20181.63471,2.50212,-0.01778,0.02788,0.19085,0.14196,0.16639,0.14938,0.27649
496,20161.29032,2.4996,-0.01811,0.02763,0.19369,0.14296,0.16922,0.15227,0.27907
496.5,20140.98691,2.49708,-0.01854,0.02688,0.1969,0.14348,0.17223,0.15604,0.28203
497,20120.72435,2.49457,-0.01843,0.02743,0.20075,0.14488,0.17577,0.16074,0.28508
497.5,20100.50251,2.49206,-0.01835,0.0273,0.20363,0.14631,0.17945,0.1643,0.28767
498,20080.32129,2.48956,-0.01869,0.02677,0.20794,0.14688,0.18199,0.16889,0.29064
498.5,20060.18054,2.48706,-0.0189,0.02641,0.21115,0.14803,0.18552,0.17323,0.29341
499,20040.08016,2.48457,-0.01868,0.02621,0.21434,0.14895,0.18875,0.17671,0.29627
499.5,20020.02002,2.48208,-0.01901,0.02604,0.21808,0.14959,0.19164,0.18138,0.2988
500,20000,2.4796,-0.01943,0.0257,0.22068,0.15072,0.19451,0.18575,0.3012
500.5,19980.01998,2.47712,-0.01927,0.02531,0.2248,0.15123,0.19831,0.19019,0.30406
501,19960.07984,2.47465,-0.01923,0.02532,0.22904,0.15261,0.20223,0.19548,0.30665
501.5,19940.17946,2.47218,-0.01952,0.02525,0.23197,0.15284,0.20515,0.19986,0.30898
502,19920.31873,2.46972,-0.02,0.02391,0.23515,0.1532,0.20813,0.20385,0.31179
502.5,19900.49751,2.46726,-0.01983,0.02444,0.23905,0.15449,0.21222,0.20903,0.31412
503,19880.71571,2.46481,-0.01962,0.02385,0.24295,0.15505,0.2159,0.21371,0.31656
503.5,19860.97319,2.46236,-0.02059,0.02318,0.24618,0.1551,0.21872,0.21889,0.31923
504,19841.26984,2.45992,-0.02027,0.0231,0.25051,0.15623,0.22296,0.22488,0.32156
504.5,19821.60555,2.45748,-0.02009,0.02314,0.25456,0.15735,0.22694,0.23032,0.32466
505,19801.9802,2.45505,-0.02068,0.02215,0.258,0.15691,0.22969,0.23558,0.32647
505.5,19782.39367,2.45262,-0.02047,0.02203,0.26216,0.15825,0.23425,0.24138,0.32908
506,19762.84585,2.4502,-0.02045,0.02191,0.26552,0.15866,0.23803,0.2467,0.33168
506.5,19743.33662,2.44778,-0.02101,0.02099,0.27037,0.15877,0.24171,0.25277,0.33365
507,19723.86588,2.44536,-0.02088,0.02112,0.27397,0.15961,0.24582,0.25943,0.33646
507.5,19704.4335,2.44296,-0.02104,0.02051,0.27812,0.16013,0.25009,0.26478,0.33807
508,19685.03937,2.44055,-0.02105,0.02041,0.28232,0.16028,0.25375,0.27126,0.34004
508.5,19665.68338,2.43815,-0.02102,0.01986,0.28618,0.16066,0.25756,0.27759,0.34264
509,19646.36542,2.43576,-0.02149,0.01932,0.29012,0.16101,0.26166,0.28364,0.34441
509.5,19627.08538,2.43337,-0.02118,0.01929,0.29412,0.16124,0.26523,0.28981,0.34608
510,19607.84314,2.43098,-0.02122,0.01884,0.29767,0.16168,0.26917,0.29663,0.34842
510.5,19588.63859,2.4286,-0.02169,0.01813,0.30195,0.16171,0.27343,0.30277,0.35005
511,19569.47162,2.42622,-0.02145,0.01805,0.30647,0.16243,0.27741,0.31036,0.3521
511.5,19550.34213,2.42385,-0.02166,0.01756,0.30967,0.16219,0.2814,0.31643,0.35346
512,19531.25,2.42148,-0.02224,0.01663,0.31357,0.1618,0.28527,0.32277,0.35511
512.5,19512.19512,2.41912,-0.02163,0.01654,0.31774,0.16233,0.28928,0.33019,0.35667
513,19493.17739,2.41676,-0.02156,0.01658,0.32191,0.16284,0.29372,0.337,0.35828
513.5,19474.19669,2.41441,-0.02222,0.01548,0.326,0.16187,0.29759,0.34454,0.35998
514,19455.25292,2.41206,-0.02206,0.01545,0.33041,0.16216,0.30196,0.35265,0.36128
514.5,19436.34597,2.40972,-0.02226,0.01499,0.33426,0.16238,0.30635,0.35999,0.36271
515,19417.47573,2.40738,-0.0226,0.01388,0.3387,0.16146,0.30998,0.36749,0.36344
515.5,19398.6421,2.40504,-0.02246,0.01403,0.34268,0.16174,0.31464,0.37602,0.36511
516,19379.84496,2.40271,-0.02222,0.01339,0.34653,0.16164,0.31902,0.38332,0.36656
516.5,19361.08422,2.40039,-0.02233,0.01304,0.35138,0.16163,0.32323,0.39172,0.36739
517,19342.35977,2.39807,-0.0225,0.01265,0.35512,0.1611,0.32778,0.40032,0.36868
517.5,19323.6715,2.39575,-0.02309,0.01138,0.35881,0.16052,0.33153,0.40764,0.36909
518,19305.01931,2.39344,-0.02273,0.01155,0.36379,0.16057,0.33647,0.41669,0.37012
518.5,19286.40309,2.39113,-0.02263,0.01124,0.36719,0.16021,0.34014,0.4247,0.3709
519,19267.82274,2.38882,-0.02329,0.01023,0.37111,0.15923,0.34431,0.43264,0.37184
519.5,19249.27815,2.38653,-0.02258,0.01028,0.37587,0.15945,0.34929,0.44201,0.3722
520,19230.76923,2.38423,-0.02302,0.00987,0.37881,0.15878,0.35349,0.45011,0.37262
520.5,19212.29587,2.38194,-0.02325,0.00884,0.38345,0.15778,0.35699,0.45899,0.37328
521,19193.85797,2.37965,-0.02301,0.00912,0.38698,0.15763,0.3617,0.46867,0.37375
521.5,19175.45542,2.37737,-0.02306,0.00844,0.39059,0.15718,0.36585,0.47657,0.37385
522,19157.08812,2.3751,-0.02374,0.00741,0.39474,0.15618,0.36915,0.48504,0.37398
522.5,19138.75598,2.37282,-0.02346,0.00736,0.39805,0.1558,0.3741,0.49451,0.37415
523,19120.45889,2.37055,-0.02331,0.00671,0.40213,0.15577,0.37851,0.50325,0.37423
523.5,19102.19675,2.36829,-0.02364,0.00632,0.40589,0.15422,0.38212,0.5127,0.37428
524,19083.96947,2.36603,-0.02361,0.00581,0.4094,0.15342,0.38665,0.52309,0.37408
524.5,19065.77693,2.36378,-0.02379,0.00506,0.41324,0.15287,0.39109,0.53204,0.37403
525,19047.61905,2.36152,-0.02373,0.00485,0.4173,0.15193,0.39501,0.54203,0.3737
525.5,19029.49572,2.35928,-0.02372,0.00456,0.42082,0.15102,0.39954,0.55213,0.37334
526,19011.40684,2.35703,-0.02423,0.0034,0.42422,0.15016,0.4032,0.56164,0.37322
526.5,18993.35233,2.3548,-0.02383,0.00352,0.42832,0.14932,0.40772,0.57235,0.37231
527,18975.33207,2.35256,-0.02384,0.00333,0.43124,0.14823,0.41197,0.58236,0.37195
527.5,18957.34597,2.35033,-0.02455,0.00191,0.43429,0.14712,0.41583,0.59167,0.37123
528,18939.39394,2.34811,-0.02392,0.00199,0.43811,0.14652,0.42026,0.60263,0.37003
528.5,18921.47588,2.34588,-0.02416,0.00163,0.44125,0.1454,0.42394,0.61284,0.36936
529,18903.59168,2.34367,-0.02463,6.88206E-4,0.44426,0.14346,0.42761,0.62336,0.36871
529.5,18885.74127,2.34145,-0.024,7.34579E-4,0.44791,0.14315,0.43193,0.63429,0.36764
530,18867.92453,2.33925,-0.02406,3.97454E-4,0.45052,0.14211,0.4356,0.64342,0.36645
530.5,18850.14138,2.33704,-0.02448,-4.82809E-4,0.45363,0.14048,0.43912,0.65414,0.36534
531,18832.39171,2.33484,-0.02436,-6.7086E-4,0.45657,0.13951,0.44333,0.66529,0.36412
531.5,18814.67545,2.33264,-0.02424,-0.00118,0.45944,0.13847,0.44712,0.67501,0.36283
532,18796.99248,2.33045,-0.02454,-0.00148,0.46212,0.13689,0.44985,0.68517,0.36129
532.5,18779.34272,2.32826,-0.02449,-0.00184,0.46444,0.13617,0.45372,0.69663,0.35997
533,18761.72608,2.32608,-0.02458,-0.00279,0.46709,0.13478,0.45742,0.70624,0.35896
533.5,18744.14246,2.3239,-0.02443,-0.00298,0.47025,0.13325,0.46106,0.71774,0.35715
534,18726.59176,2.32172,-0.02463,-0.00328,0.47222,0.13209,0.46461,0.72988,0.35531
534.5,18709.0739,2.31955,-0.02471,-0.00379,0.47462,0.13066,0.46812,0.74082,0.35386
535,18691.58879,2.31738,-0.02438,-0.00386,0.47763,0.12968,0.47192,0.75291,0.35191
535.5,18674.13632,2.31522,-0.02431,-0.00436,0.47958,0.1282,0.47496,0.76368,0.34977
536,18656.71642,2.31306,-0.02496,-0.00548,0.48119,0.12595,0.4781,0.77507,0.34798
536.5,18639.32898,2.3109,-0.02474,-0.00542,0.48385,0.12521,0.48132,0.78701,0.34575
537,18621.97393,2.30875,-0.02464,-0.00564,0.48557,0.12379,0.48483,0.79847,0.34361
537.5,18604.65116,2.3066,-0.02511,-0.00644,0.48729,0.12167,0.48752,0.80983,0.34151
538,18587.36059,2.30446,-0.02445,-0.00679,0.48933,0.12093,0.49081,0.82207,0.33957
538.5,18570.10214,2.30232,-0.02468,-0.00689,0.4907,0.1192,0.49371,0.83328,0.3372
539,18552.8757,2.30019,-0.02521,-0.00782,0.49225,0.11756,0.49584,0.84486,0.33461
539.5,18535.68119,2.29805,-0.02488,-0.00791,0.49343,0.11624,0.49896,0.85665,0.33202
540,18518.51852,2.29593,-0.02465,-0.00808,0.49508,0.11486,0.50217,0.86775,0.33004
540.5,18501.3876,2.2938,-0.0252,-0.00865,0.49612,0.11276,0.50362,0.87978,0.32733
541,18484.28835,2.29168,-0.02477,-0.00868,0.49684,0.11159,0.50637,0.89189,0.32499
541.5,18467.22068,2.28957,-0.02497,-0.00932,0.49802,0.11011,0.50891,0.90245,0.32256
542,18450.1845,2.28745,-0.0249,-0.00945,0.49942,0.10827,0.51102,0.91493,0.31961
542.5,18433.17972,2.28535,-0.02447,-0.00955,0.49962,0.10738,0.51322,0.92621,0.31701
543,18416.20626,2.28324,-0.02557,-0.0106,0.49949,0.10495,0.51537,0.93728,0.31467
543.5,18399.26403,2.28114,-0.02474,-0.01068,0.50089,0.10387,0.51707,0.94997,0.31127
544,18382.35294,2.27904,-0.02465,-0.01037,0.50107,0.10221,0.51928,0.96174,0.30883
544.5,18365.47291,2.27695,-0.02544,-0.01155,0.50098,0.10007,0.52068,0.97357,0.30534
545,18348.62385,2.27486,-0.02518,-0.01163,0.50198,0.0988,0.52267,0.98594,0.30238
545.5,18331.80568,2.27278,-0.02512,-0.01181,0.50133,0.09734,0.52442,0.99752,0.29929
546,18315.01832,2.2707,-0.0257,-0.01278,0.50091,0.09497,0.52506,1.00903,0.29622
546.5,18298.26167,2.26862,-0.02516,-0.01204,0.50132,0.09397,0.52705,1.02134,0.29354
547,18281.53565,2.26654,-0.02492,-0.01268,0.50081,0.09232,0.52819,1.03247,0.29012
547.5,18264.84018,2.26447,-0.02499,-0.0129,0.50056,0.09035,0.52893,1.04387,0.28693
548,18248.17518,2.26241,-0.02486,-0.01315,0.4997,0.0885,0.53053,1.05624,0.28416
548.5,18231.54057,2.26035,-0.02507,-0.01392,0.49916,0.08731,0.53141,1.06697,0.28054
549,18214.93625,2.25829,-0.02499,-0.01375,0.49862,0.08533,0.53197,1.07841,0.27744
549.5,18198.36215,2.25623,-0.02519,-0.01424,0.49683,0.08357,0.53168,1.08908,0.27388
550,18181.81818,2.25418,-0.02529,-0.01471,0.49668,0.08222,0.53294,1.09869,0.27086
550.5,18165.30427,2.25213,-0.0249,-0.01453,0.49544,0.08046,0.53338,1.11034,0.26764
551,18148.82033,2.25009,-0.02474,-0.01434,0.49422,0.07871,0.53361,1.12085,0.26471
551.5,18132.36627,2.24805,-0.0252,-0.01537,0.49269,0.0774,0.53335,1.13027,0.26113
552,18115.94203,2.24601,-0.02479,-0.01517,0.49157,0.07586,0.53373,1.14057,0.25757
552.5,18099.54751,2.24398,-0.02513,-0.01546,0.48939,0.07465,0.53358,1.14996,0.25474
553,18083.18264,2.24195,-0.02515,-0.01597,0.48794,0.07247,0.53274,1.15976,0.25151
553.5,18066.84734,2.23993,-0.02522,-0.01577,0.48625,0.0711,0.53303,1.16902,0.24743
554,18050.54152,2.23791,-0.02436,-0.01582,0.48381,0.06986,0.53262,1.1777,0.24417
554.5,18034.2651,2.23589,-0.02535,-0.01663,0.48108,0.06698,0.53139,1.18716,0.24025
555,18018.01802,2.23387,-0.025,-0.01674,0.47906,0.06592,0.53091,1.19678,0.23674
555.5,18001.80018,2.23186,-0.02465,-0.01692,0.4769,0.06451,0.52988,1.20418,0.23319
556,17985.61151,2.22986,-0.02517,-0.01724,0.47406,0.06202,0.52848,1.2126,0.22986
556.5,17969.45193,2.22785,-0.02451,-0.01696,0.4718,0.06126,0.52781,1.2214,0.22648
557,17953.32136,2.22585,-0.02495,-0.01787,0.46873,0.05927,0.52617,1.22799,0.2224
557.5,17937.21973,2.22386,-0.0252,-0.01785,0.46578,0.0572,0.52451,1.23573,0.21875
558,17921.14695,2.22186,-0.02483,-0.01804,0.46237,0.05573,0.52252,1.24359,0.21536
558.5,17905.10295,2.21987,-0.02511,-0.01829,0.45972,0.0545,0.52162,1.24943,0.21184
559,17889.08766,2.21789,-0.02493,-0.01833,0.45729,0.05302,0.51927,1.25527,0.20814
559.5,17873.10098,2.21591,-0.02513,-0.01839,0.45294,0.05122,0.51747,1.26123,0.20456
560,17857.14286,2.21393,-0.02521,-0.01945,0.44976,0.04928,0.51518,1.26539,0.20132
560.5,17841.2132,2.21195,-0.02494,-0.01908,0.447,0.0483,0.51304,1.27239,0.19759
561,17825.31194,2.20998,-0.02462,-0.0186,0.44339,0.04685,0.51114,1.27563,0.1944
561.5,17809.439,2.20801,-0.02553,-0.01952,0.43891,0.04467,0.50775,1.28089,0.19059
562,17793.59431,2.20605,-0.02499,-0.01975,0.43561,0.04354,0.50542,1.28554,0.18676
562.5,17777.77778,2.20409,-0.02488,-0.01969,0.43199,0.04204,0.50326,1.28931,0.18335
563,17761.98934,2.20213,-0.02498,-0.01953,0.42794,0.04058,0.50039,1.29273,0.17952
563.5,17746.22893,2.20018,-0.02509,-0.02025,0.42341,0.03919,0.49769,1.29604,0.17585
564,17730.49645,2.19823,-0.02475,-0.02012,0.41955,0.03775,0.49411,1.29849,0.17259
564.5,17714.79185,2.19628,-0.025,-0.02064,0.4147,0.03593,0.4907,1.30033,0.16854
565,17699.11504,2.19434,-0.02478,-0.02048,0.41104,0.03522,0.48802,1.30261,0.16557
565.5,17683.46596,2.1924,-0.02477,-0.02083,0.40613,0.03293,0.48421,1.30388,0.16148
566,17667.84452,2.19046,-0.025,-0.02092,0.40159,0.03147,0.48092,1.30554,0.15789
566.5,17652.25066,2.18853,-0.02474,-0.02084,0.39719,0.03095,0.47773,1.30661,0.15507
567,17636.6843,2.1866,-0.02475,-0.02145,0.39244,0.02892,0.47338,1.30883,0.15113
567.5,17621.14537,2.18467,-0.02482,-0.02125,0.38675,0.0276,0.46933,1.30774,0.14727
568,17605.6338,2.18275,-0.02481,-0.02143,0.38216,0.02666,0.46605,1.30776,0.14456
568.5,17590.14952,2.18083,-0.02471,-0.02139,0.37776,0.02515,0.46197,1.3083,0.14076
569,17574.69244,2.17891,-0.02478,-0.02133,0.37185,0.02341,0.45757,1.30681,0.1368
569.5,17559.26251,2.177,-0.0249,-0.02194,0.3673,0.02249,0.45372,1.30587,0.13411
570,17543.85965,2.17509,-0.02485,-0.02196,0.36257,0.02115,0.44972,1.30462,0.13054
570.5,17528.48379,2.17318,-0.02469,-0.02175,0.35676,0.02005,0.44533,1.30285,0.12741
571,17513.13485,2.17128,-0.02486,-0.02234,0.35189,0.01869,0.44098,1.30122,0.12415
571.5,17497.81277,2.16938,-0.02472,-0.0221,0.3469,0.01767,0.43682,1.29929,0.12083
572,17482.51748,2.16748,-0.02423,-0.02219,0.3416,0.01654,0.43238,1.29633,0.11806
572.5,17467.24891,2.16559,-0.02493,-0.02252,0.33659,0.015,0.42825,1.29435,0.11502
573,17452.00698,2.1637,-0.02491,-0.02261,0.33092,0.01394,0.42329,1.29151,0.11106
573.5,17436.79163,2.16181,-0.02433,-0.02241,0.32551,0.0134,0.41943,1.28842,0.10892
574,17421.60279,2.15993,-0.02463,-0.0228,0.3199,0.01174,0.41389,1.28468,0.10499
574.5,17406.44038,2.15805,-0.02472,-0.02272,0.31415,0.01057,0.4089,1.28113,0.10182
575,17391.30435,2.15617,-0.02456,-0.02287,0.30874,0.00985,0.40485,1.27657,0.09952
575.5,17376.19461,2.1543,-0.02451,-0.02295,0.30306,0.00862,0.39943,1.27332,0.09607
576,17361.11111,2.15243,-0.02443,-0.02307,0.29646,0.00712,0.39417,1.26837,0.09257
576.5,17346.05377,2.15056,-0.02482,-0.02336,0.29104,0.00653,0.38961,1.26347,0.0898
577,17331.02253,2.1487,-0.02472,-0.0232,0.2855,0.0052,0.38361,1.25917,0.08671
577.5,17316.01732,2.14684,-0.02431,-0.02328,0.2795,0.00427,0.37864,1.25321,0.08376
578,17301.03806,2.14498,-0.02485,-0.02351,0.27378,0.00349,0.37408,1.24802,0.08117
578.5,17286.0847,2.14313,-0.02492,-0.02359,0.26801,0.00212,0.36835,1.24303,0.07806
579,17271.15717,2.14128,-0.02443,-0.02374,0.26185,9.24725E-4,0.36304,1.23655,0.07537
579.5,17256.25539,2.13943,-0.02445,-0.02329,0.25704,7.55713E-4,0.35868,1.23224,0.07272
580,17241.37931,2.13759,-0.02476,-0.02358,0.25113,-6.52509E-4,0.35297,1.22537,0.06979
580.5,17226.52885,2.13575,-0.02426,-0.02334,0.24542,-7.52549E-4,0.34809,1.21929,0.06785
581,17211.70396,2.13391,-0.02411,-0.02346,0.23997,-0.00205,0.34286,1.21319,0.0646
581.5,17196.90456,2.13207,-0.02454,-0.02384,0.23389,-0.00315,0.3374,1.2062,0.06214
582,17182.13058,2.13024,-0.02413,-0.02365,0.22918,-0.00303,0.33301,1.19992,0.06055
582.5,17167.38197,2.12841,-0.02434,-0.02368,0.22377,-0.00464,0.32742,1.19365,0.0574
583,17152.65866,2.12659,-0.02442,-0.02356,0.2173,-0.00529,0.3219,1.18629,0.05484
583.5,17137.96058,2.12476,-0.02464,-0.02396,0.21189,-0.00591,0.3167,1.17811,0.05265
584,17123.28767,2.12295,-0.02445,-0.02423,0.20613,-0.00756,0.31017,1.17012,0.05011
584.5,17108.63986,2.12113,-0.02422,-0.02366,0.20004,-0.00753,0.30529,1.16227,0.04755
585,17094.01709,2.11932,-0.02424,-0.02371,0.19479,-0.00799,0.30024,1.15425,0.0459
585.5,17079.4193,2.11751,-0.02441,-0.02386,0.18917,-0.00923,0.29409,1.1459,0.04288
586,17064.84642,2.1157,-0.02438,-0.02392,0.18336,-0.0098,0.28824,1.13748,0.04039
586.5,17050.29838,2.1139,-0.02436,-0.02404,0.17805,-0.01049,0.28352,1.12856,0.0392
587,17035.77513,2.1121,-0.02442,-0.02383,0.17273,-0.01118,0.27747,1.11893,0.0364
587.5,17021.2766,2.1103,-0.02419,-0.02391,0.16704,-0.01169,0.27206,1.11008,0.03447
588,17006.80272,2.1085,-0.0244,-0.02382,0.1615,-0.01232,0.26653,1.09989,0.03256
588.5,16992.35344,2.10671,-0.02463,-0.02414,0.15615,-0.01333,0.26068,1.08978,0.02996
589,16977.92869,2.10492,-0.02394,-0.02396,0.15144,-0.0132,0.25547,1.08102,0.02873
589.5,16963.52841,2.10314,-0.02399,-0.02378,0.14618,-0.01407,0.25037,1.07097,0.02651
590,16949.15254,2.10136,-0.02459,-0.02416,0.14106,-0.01512,0.24439,1.06026,0.02434
590.5,16934.80102,2.09958,-0.02385,-0.02418,0.13617,-0.01477,0.23975,1.04972,0.02305
591,16920.47377,2.0978,-0.0242,-0.02426,0.13146,-0.01592,0.23371,1.03914,0.02073
591.5,16906.17075,2.09603,-0.02416,-0.02388,0.12629,-0.01631,0.22831,1.02862,0.01947
592,16891.89189,2.09426,-0.02404,-0.0236,0.12205,-0.01589,0.22393,1.01721,0.0185
592.5,16877.63713,2.09249,-0.02434,-0.02411,0.11757,-0.01706,0.21779,1.00659,0.01599
593,16863.40641,2.09073,-0.02397,-0.02379,0.11207,-0.01756,0.2124,0.99511,0.01437
593.5,16849.19966,2.08896,-0.02424,-0.02393,0.10778,-0.01766,0.20754,0.98185,0.01331
594,16835.01684,2.08721,-0.02397,-0.02371,0.10384,-0.01792,0.20144,0.96962,0.01166
594.5,16820.85786,2.08545,-0.02381,-0.02395,0.09849,-0.01874,0.19619,0.95651,0.00999
595,16806.72269,2.0837,-0.02447,-0.02402,0.09424,-0.01928,0.19077,0.94363,0.00836
595.5,16792.61125,2.08195,-0.02378,-0.02387,0.09024,-0.01969,0.18529,0.92983,0.00701
596,16778.52349,2.0802,-0.02384,-0.02395,0.08601,-0.01979,0.18034,0.91657,0.00603
596.5,16764.45935,2.07846,-0.02416,-0.02388,0.08173,-0.02046,0.17471,0.90284,0.00429
597,16750.41876,2.07672,-0.02425,-0.02407,0.07744,-0.0208,0.1692,0.88793,0.00288
597.5,16736.40167,2.07498,-0.02374,-0.02393,0.07368,-0.02071,0.16449,0.87352,0.00198
598,16722.40803,2.07324,-0.0239,-0.02385,0.07014,-0.02126,0.15883,0.85882,3.31337E-4
598.5,16708.43776,2.07151,-0.02401,-0.02397,0.06586,-0.02226,0.1537,0.8446,-8.52102E-4
599,16694.49082,2.06978,-0.02391,-0.02352,0.06268,-0.02132,0.14956,0.82983,-0.00104
599.5,16680.56714,2.06806,-0.02361,-0.02367,0.05938,-0.0222,0.14395,0.81512,-0.00274
600,16666.66667,2.06633,-0.02412,-0.0236,0.05544,-0.02255,0.13903,0.80067,-0.0039
600.5,16652.78934,2.06461,-0.02373,-0.02354,0.05232,-0.02224,0.13475,0.78402,-0.00455
601,16638.93511,2.0629,-0.02345,-0.02387,0.04952,-0.02303,0.12926,0.76853,-0.00551
601.5,16625.10391,2.06118,-0.02371,-0.02363,0.04606,-0.02313,0.12467,0.75365,-0.00693
602,16611.29568,2.05947,-0.02362,-0.02354,0.04332,-0.02297,0.12074,0.73806,-0.00705
602.5,16597.51037,2.05776,-0.02377,-0.02376,0.04036,-0.0237,0.11537,0.72242,-0.00861
603,16583.74793,2.05605,-0.02367,-0.02365,0.0368,-0.02366,0.11068,0.70544,-0.00936
603.5,16570.00829,2.05435,-0.0237,-0.02368,0.03439,-0.02393,0.10671,0.68828,-0.00965
604,16556.29139,2.05265,-0.02365,-0.02369,0.03148,-0.02412,0.10195,0.67166,-0.01078
604.5,16542.59719,2.05095,-0.02317,-0.02352,0.02896,-0.0238,0.09783,0.65373,-0.01115
605,16528.92562,2.04926,-0.02388,-0.02373,0.02637,-0.02423,0.09311,0.63732,-0.01199
605.5,16515.27663,2.04756,-0.02391,-0.02354,0.0233,-0.02495,0.08832,0.61945,-0.01325
606,16501.65017,2.04587,-0.02313,-0.02357,0.02188,-0.02422,0.08469,0.60196,-0.01334
606.5,16488.04617,2.04419,-0.02359,-0.02365,0.01919,-0.02499,0.08033,0.58538,-0.01413
607,16474.46458,2.0425,-0.02396,-0.02368,0.01644,-0.02525,0.0759,0.56735,-0.01524
607.5,16460.90535,2.04082,-0.02352,-0.02431,0.01434,-0.02507,0.07249,0.54948,-0.01536
608,16447.36842,2.03914,-0.02361,-0.02365,0.01246,-0.02537,0.06799,0.53261,-0.01628
608.5,16433.85374,2.03747,-0.02379,-0.02381,0.01024,-0.02573,0.06432,0.51568,-0.01675
609,16420.36125,2.0358,-0.0238,-0.02403,0.00848,-0.02513,0.06113,0.49856,-0.01661
609.5,16406.89089,2.03413,-0.02365,-0.02386,0.0069,-0.02583,0.05729,0.48231,-0.01779
610,16393.44262,2.03246,-0.02322,-0.02382,0.00465,-0.02579,0.05371,0.46628,-0.01799
610.5,16380.01638,2.03079,-0.02358,-0.02375,0.00327,-0.02541,0.05099,0.44899,-0.01819
611,16366.61211,2.02913,-0.02372,-0.02386,0.00213,-0.02575,0.04712,0.4326,-0.01914
611.5,16353.22976,2.02747,-0.02339,-0.02392,-1.07072E-4,-0.02608,0.04397,0.41657,-0.01954
612,16339.86928,2.02582,-0.02389,-0.02372,-0.0014,-0.02591,0.04142,0.4004,-0.01947
612.5,16326.53061,2.02416,-0.02377,-0.02388,-0.00244,-0.02632,0.03771,0.38531,-0.0201
613,16313.2137,2.02251,-0.02321,-0.02363,-0.00384,-0.02553,0.03576,0.36931,-0.02007
613.5,16299.9185,2.02086,-0.0235,-0.024,-0.00536,-0.02611,0.03226,0.35311,-0.02055
614,16286.64495,2.01922,-0.02344,-0.0239,-0.00634,-0.02657,0.02953,0.33778,-0.02073
614.5,16273.393,2.01758,-0.0235,-0.02399,-0.00778,-0.0261,0.02692,0.3215,-0.02097
615,16260.1626,2.01593,-0.02353,-0.02403,-0.00886,-0.02672,0.0239,0.30703,-0.02179
615.5,16246.9537,2.0143,-0.0239,-0.02429,-0.01049,-0.02682,0.02099,0.29224,-0.02229
616,16233.76623,2.01266,-0.02376,-0.02412,-0.01058,-0.02606,0.01956,0.27832,-0.02156
616.5,16220.60016,2.01103,-0.02356,-0.02416,-0.01198,-0.02686,0.01695,0.26476,-0.02229
617,16207.45543,2.0094,-0.02374,-0.0242,-0.01342,-0.02687,0.01435,0.24997,-0.02281
617.5,16194.33198,2.00777,-0.02332,-0.02424,-0.01331,-0.02625,0.01311,0.23763,-0.02236
618,16181.22977,2.00615,-0.02346,-0.02434,-0.01417,-0.02671,0.01065,0.22461,-0.02279
618.5,16168.14875,2.00453,-0.02356,-0.02409,-0.01571,-0.02692,0.00861,0.21185,-0.02327
619,16155.08885,2.00291,-0.02364,-0.02412,-0.01609,-0.02644,0.0072,0.20113,-0.02276
619.5,16142.05004,2.00129,-0.0238,-0.0243,-0.01695,-0.02697,0.00485,0.18882,-0.02366
620,16129.03226,1.99968,-0.02349,-0.0242,-0.01759,-0.02675,0.0035,0.17812,-0.02368
620.5,16116.03546,1.99807,-0.02374,-0.02457,-0.01818,-0.02693,0.00152,0.16763,-0.02373
621,16103.05958,1.99646,-0.02364,-0.02425,-0.01819,-0.02671,5.76604E-4,0.15785,-0.0239
621.5,16090.10459,1.99485,-0.02339,-0.02432,-0.01904,-0.02647,-8.85432E-4,0.14838,-0.0237
622,16077.17042,1.99325,-0.02358,-0.0243,-0.01955,-0.02675,-0.00234,0.139,-0.02402
622.5,16064.25703,1.99165,-0.02369,-0.02439,-0.01981,-0.02671,-0.00378,0.13038,-0.02429
623,16051.36437,1.99005,-0.02368,-0.02455,-0.02052,-0.02674,-0.00474,0.12146,-0.02394
623.5,16038.49238,1.98845,-0.02371,-0.02426,-0.02067,-0.02698,-0.00611,0.11286,-0.02427
624,16025.64103,1.98686,-0.02374,-0.02425,-0.02137,-0.02709,-0.00771,0.10501,-0.02444
624.5,16012.81025,1.98527,-0.02345,-0.02434,-0.02158,-0.02645,-0.008,0.0975,-0.02407
625,16000,1.98368,-0.02328,-0.0244,-0.02171,-0.02676,-0.00945,0.09041,-0.02434
625.5,15987.21023,1.98209,-0.02375,-0.0244,-0.02278,-0.02714,-0.01082,0.08298,-0.0251
626,15974.44089,1.98051,-0.02382,-0.02431,-0.02268,-0.02644,-0.01073,0.07664,-0.02414
626.5,15961.69194,1.97893,-0.02376,-0.02432,-0.02284,-0.02692,-0.01231,0.07039,-0.02488
627,15948.96332,1.97735,-0.02355,-0.02447,-0.02348,-0.02731,-0.01357,0.06417,-0.02528
627.5,15936.25498,1.97578,-0.02361,-0.02456,-0.02345,-0.0265,-0.01356,0.05919,-0.02457
628,15923.56688,1.9742,-0.02387,-0.02468,-0.02378,-0.02676,-0.01503,0.05361,-0.02535
628.5,15910.89897,1.97263,-0.0237,-0.02422,-0.02407,-0.02678,-0.01522,0.04894,-0.02491
629,15898.25119,1.97107,-0.02391,-0.02436,-0.02407,-0.0267,-0.01547,0.04524,-0.02515
629.5,15885.62351,1.9695,-0.02342,-0.02455,-0.02388,-0.02685,-0.01644,0.04018,-0.02509
630,15873.01587,1.96794,-0.02336,-0.02431,-0.02452,-0.02638,-0.01653,0.03631,-0.02479
630.5,15860.42823,1.96638,-0.02374,-0.02446,-0.02476,-0.02687,-0.01749,0.03243,-0.02528
631,15847.86054,1.96482,-0.02397,-0.02456,-0.02495,-0.02718,-0.01822,0.0289,-0.02534
631.5,15835.31275,1.96326,-0.02348,-0.02453,-0.02511,-0.02651,-0.01819,0.02567,-0.025
632,15822.78481,1.96171,-0.0235,-0.02428,-0.025,-0.02656,-0.01889,0.02257,-0.02515
632.5,15810.27668,1.96016,-0.0236,-0.02407,-0.02567,-0.02691,-0.019,0.01966,-0.0251
633,15797.78831,1.95861,-0.02361,-0.02444,-0.02519,-0.02619,-0.01891,0.01668,-0.02481
633.5,15785.31965,1.95706,-0.0236,-0.0242,-0.02535,-0.02669,-0.02009,0.01391,-0.02523
634,15772.87066,1.95552,-0.02318,-0.02429,-0.02587,-0.02702,-0.02042,0.01151,-0.02559
634.5,15760.44129,1.95398,-0.02356,-0.02461,-0.02544,-0.02662,-0.02023,0.00907,-0.02483
635,15748.0315,1.95244,-0.02393,-0.02451,-0.02592,-0.02707,-0.0212,0.00643,-0.02548
635.5,15735.64123,1.9509,-0.02371,-0.02434,-0.02647,-0.02677,-0.0213,0.00468,-0.02542
636,15723.27044,1.94937,-0.02392,-0.02436,-0.02601,-0.02713,-0.02106,0.00257,-0.02491
636.5,15710.91909,1.94784,-0.02382,-0.02471,-0.02644,-0.02704,-0.02166,5.93845E-4,-0.02567
637,15698.58713,1.94631,-0.02366,-0.02466,-0.02662,-0.02694,-0.0222,-0.001,-0.02546
637.5,15686.27451,1.94478,-0.02372,-0.02444,-0.02648,-0.02733,-0.022,-0.00256,-0.02537
638,15673.98119,1.94326,-0.02381,-0.02435,-0.02644,-0.02707,-0.02234,-0.00413,-0.0254
638.5,15661.70713,1.94174,-0.02359,-0.02425,-0.02659,-0.02684,-0.02208,-0.00535,-0.02501
639,15649.45227,1.94022,-0.02354,-0.02445,-0.02724,-0.02743,-0.02286,-0.00719,-0.02559
639.5,15637.21658,1.9387,-0.02358,-0.02432,-0.02659,-0.027,-0.02273,-0.00797,-0.02569
640,15625,1.93719,-0.02364,-0.02441,-0.02687,-0.02663,-0.02262,-0.00906,-0.02516
640.5,15612.8025,1.93568,-0.02424,-0.02441,-0.02705,-0.02722,-0.02329,-0.01053,-0.02576
641,15600.62402,1.93417,-0.02373,-0.02457,-0.0272,-0.02739,-0.02358,-0.01126,-0.02602
641.5,15588.46454,1.93266,-0.02354,-0.02436,-0.02724,-0.02665,-0.02282,-0.01204,-0.02526
642,15576.32399,1.93115,-0.0237,-0.02458,-0.02681,-0.02695,-0.02358,-0.01325,-0.02563
642.5,15564.20233,1.92965,-0.02397,-0.02425,-0.02745,-0.02728,-0.02373,-0.0141,-0.02571
643,15552.09953,1.92815,-0.02356,-0.02396,-0.02689,-0.02654,-0.02317,-0.01408,-0.02525
643.5,15540.01554,1.92665,-0.02353,-0.02443,-0.02682,-0.02704,-0.02354,-0.01512,-0.02536
644,15527.95031,1.92516,-0.02371,-0.02448,-0.02774,-0.02737,-0.0242,-0.01629,-0.02567
644.5,15515.9038,1.92366,-0.02396,-0.02458,-0.02732,-0.02682,-0.02379,-0.0169,-0.02541
645,15503.87597,1.92217,-0.02386,-0.02425,-0.02696,-0.02694,-0.02413,-0.01723,-0.02548
645.5,15491.86677,1.92068,-0.02359,-0.02425,-0.02742,-0.02682,-0.0238,-0.01788,-0.02539
646,15479.87616,1.9192,-0.02384,-0.02479,-0.02753,-0.02728,-0.02436,-0.01911,-0.02604
646.5,15467.9041,1.91771,-0.02363,-0.02445,-0.02699,-0.02713,-0.02415,-0.019,-0.02542
647,15455.95054,1.91623,-0.02347,-0.02458,-0.02762,-0.02677,-0.02396,-0.01964,-0.02537
647.5,15444.01544,1.91475,-0.02411,-0.02449,-0.02715,-0.02686,-0.02447,-0.02005,-0.02574
648,15432.09877,1.91327,-0.02397,-0.02446,-0.02725,-0.02714,-0.02431,-0.0203,-0.02593
648.5,15420.20046,1.9118,-0.02356,-0.02438,-0.02738,-0.02682,-0.0241,-0.02077,-0.02535
649,15408.32049,1.91032,-0.02349,-0.02441,-0.02738,-0.02743,-0.02464,-0.02134,-0.02573
649.5,15396.45881,1.90885,-0.0238,-0.02448,-0.02767,-0.02713,-0.02463,-0.02157,-0.02578
650,15384.61538,1.90738,-0.02362,-0.02406,-0.02695,-0.02654,-0.024,-0.0215,-0.025
650.5,15372.79016,1.90592,-0.02359,-0.02403,-0.0269,-0.02685,-0.02421,-0.02153,-0.02547
651,15360.9831,1.90445,-0.02392,-0.02452,-0.02816,-0.02763,-0.02514,-0.02267,-0.02621
651.5,15349.19417,1.90299,-0.02387,-0.02444,-0.02731,-0.0268,-0.02417,-0.02251,-0.02583
652,15337.42331,1.90153,-0.02354,-0.02454,-0.02705,-0.02717,-0.02476,-0.02265,-0.02572
652.5,15325.6705,1.90008,-0.02366,-0.02433,-0.02758,-0.02671,-0.02482,-0.02316,-0.02571
653,15313.93568,1.89862,-0.02381,-0.02456,-0.02748,-0.0269,-0.02445,-0.02323,-0.02539
653.5,15302.21882,1.89717,-0.02403,-0.02485,-0.02743,-0.02707,-0.02483,-0.02348,-0.02599
654,15290.51988,1.89572,-0.02335,-0.02447,-0.02751,-0.02643,-0.02482,-0.02357,-0.02556
654.5,15278.83881,1.89427,-0.02376,-0.02462,-0.02747,-0.02686,-0.02479,-0.02409,-0.02589
655,15267.17557,1.89282,-0.02389,-0.02478,-0.02752,-0.0272,-0.02503,-0.02396,-0.02599
655.5,15255.53013,1.89138,-0.02366,-0.02454,-0.02768,-0.02673,-0.02465,-0.02453,-0.02556
656,15243.90244,1.88994,-0.02358,-0.02426,-0.02735,-0.02693,-0.02492,-0.02454,-0.02597
656.5,15232.29246,1.8885,-0.02375,-0.02467,-0.0276,-0.02701,-0.02492,-0.02437,-0.02577
657,15220.70015,1.88706,-0.02385,-0.02454,-0.02738,-0.02658,-0.02452,-0.02487,-0.02518
657.5,15209.12548,1.88563,-0.02337,-0.02437,-0.02717,-0.02702,-0.02474,-0.02487,-0.02588
658,15197.56839,1.88419,-0.0236,-0.02416,-0.02761,-0.02712,-0.02493,-0.02487,-0.02591
658.5,15186.02885,1.88276,-0.0237,-0.02477,-0.02733,-0.02692,-0.02443,-0.02494,-0.02542
659,15174.50683,1.88134,-0.02348,-0.02485,-0.02705,-0.02711,-0.02514,-0.02516,-0.0259
659.5,15163.00227,1.87991,-0.02335,-0.02434,-0.02743,-0.02685,-0.02489,-0.02522,-0.02555
660,15151.51515,1.87848,-0.02404,-0.02449,-0.02754,-0.02697,-0.02446,-0.02548,-0.02569
660.5,15140.04542,1.87706,-0.02359,-0.02474,-0.02727,-0.02709,-0.02503,-0.02543,-0.02596
661,15128.59304,1.87564,-0.02352,-0.0246,-0.02773,-0.02757,-0.02526,-0.02557,-0.02582
661.5,15117.15797,1.87423,-0.02385,-0.02461,-0.02743,-0.02723,-0.0249,-0.02558,-0.02574
662,15105.74018,1.87281,-0.02343,-0.02455,-0.02685,-0.02659,-0.02463,-0.02525,-0.02532
662.5,15094.33962,1.8714,-0.02336,-0.02443,-0.02744,-0.0269,-0.02467,-0.02578,-0.02562
663,15082.95626,1.86998,-0.02361,-0.02451,-0.02704,-0.02681,-0.02466,-0.02556,-0.02591
663.5,15071.59005,1.86858,-0.02366,-0.02446,-0.0274,-0.02745,-0.02469,-0.02559,-0.02582
664,15060.24096,1.86717,-0.02326,-0.02438,-0.02733,-0.02666,-0.02456,-0.02582,-0.02532
664.5,15048.90895,1.86576,-0.02356,-0.02455,-0.02721,-0.02727,-0.02497,-0.02593,-0.02587
665,15037.59398,1.86436,-0.02366,-0.02436,-0.02754,-0.02729,-0.02499,-0.02587,-0.02601
665.5,15026.29602,1.86296,-0.02322,-0.02444,-0.02718,-0.02665,-0.02447,-0.02582,-0.02524
666,15015.01502,1.86156,-0.02336,-0.02447,-0.02672,-0.02701,-0.02468,-0.02605,-0.02539
666.5,15003.75094,1.86017,-0.02351,-0.02454,-0.02767,-0.0272,-0.02522,-0.02603,-0.02601
667,14992.50375,1.85877,-0.02343,-0.02449,-0.02687,-0.02658,-0.02422,-0.02592,-0.02499
667.5,14981.27341,1.85738,-0.02385,-0.02471,-0.02708,-0.02735,-0.0249,-0.02633,-0.02618
668,14970.05988,1.85599,-0.02354,-0.02469,-0.02787,-0.02723,-0.02543,-0.02679,-0.02636
668.5,14958.86313,1.8546,-0.02358,-0.02467,-0.02717,-0.0271,-0.02465,-0.02647,-0.02531
669,14947.68311,1.85321,-0.02353,-0.02421,-0.02655,-0.02689,-0.02483,-0.026,-0.02559
669.5,14936.51979,1.85183,-0.02343,-0.02442,-0.0271,-0.02708,-0.02504,-0.02637,-0.02561
670,14925.37313,1.85045,-0.02382,-0.02447,-0.02757,-0.02708,-0.02492,-0.02654,-0.02585
670.5,14914.2431,1.84907,-0.02374,-0.02431,-0.02732,-0.02704,-0.02508,-0.02606,-0.02589
671,14903.12966,1.84769,-0.0232,-0.02416,-0.0274,-0.02638,-0.02517,-0.02643,-0.02543
671.5,14892.03276,1.84631,-0.02384,-0.02436,-0.02719,-0.02713,-0.02486,-0.02629,-0.02575
672,14880.95238,1.84494,-0.02383,-0.02432,-0.02728,-0.02712,-0.02498,-0.02617,-0.02564
672.5,14869.88848,1.84357,-0.02354,-0.02468,-0.02723,-0.02676,-0.02481,-0.02637,-0.02569
673,14858.84101,1.8422,-0.02389,-0.0246,-0.02774,-0.02735,-0.02519,-0.02682,-0.02601
673.5,14847.80995,1.84083,-0.02346,-0.02428,-0.02718,-0.02694,-0.02525,-0.02627,-0.02584
674,14836.79525,1.83947,-0.02365,-0.02415,-0.02707,-0.02686,-0.02432,-0.02639,-0.02504
674.5,14825.79689,1.8381,-0.02358,-0.02432,-0.02685,-0.02686,-0.02509,-0.02644,-0.02564
675,14814.81481,1.83674,-0.02365,-0.0243,-0.02735,-0.02732,-0.0251,-0.02658,-0.02582
675.5,14803.849,1.83538,-0.02378,-0.02442,-0.02748,-0.02693,-0.0246,-0.02661,-0.02539
676,14792.89941,1.83402,-0.02357,-0.02447,-0.02674,-0.02701,-0.02506,-0.02641,-0.02545
676.5,14781.966,1.83267,-0.0236,-0.02434,-0.02742,-0.02705,-0.02502,-0.02677,-0.02548
677,14771.04874,1.83131,-0.02384,-0.0245,-0.02716,-0.02713,-0.02456,-0.02652,-0.02572
677.5,14760.1476,1.82996,-0.02379,-0.02459,-0.02721,-0.02736,-0.02547,-0.02671,-0.02579
678,14749.26254,1.82861,-0.02345,-0.02423,-0.02739,-0.02679,-0.02461,-0.0266,-0.02546
678.5,14738.39352,1.82727,-0.02389,-0.02438,-0.0272,-0.02715,-0.02485,-0.02665,-0.02563
679,14727.5405,1.82592,-0.02346,-0.02443,-0.02691,-0.02701,-0.02488,-0.02622,-0.02513
679.5,14716.70346,1.82458,-0.02339,-0.02429,-0.02735,-0.02654,-0.02475,-0.02661,-0.0256
680,14705.88235,1.82324,-0.02383,-0.02438,-0.02737,-0.02698,-0.02489,-0.02691,-0.02604
680.5,14695.07715,1.8219,-0.0239,-0.0242,-0.02752,-0.02712,-0.02506,-0.02651,-0.02565
681,14684.28781,1.82056,-0.02364,-0.02416,-0.02699,-0.02651,-0.02429,-0.0267,-0.02497
681.5,14673.51431,1.81922,-0.0238,-0.02431,-0.02731,-0.02713,-0.0251,-0.02669,-0.02557
682,14662.7566,1.81789,-0.02381,-0.02424,-0.02742,-0.02698,-0.02492,-0.02661,-0.02594
682.5,14652.01465,1.81656,-0.02338,-0.024,-0.02712,-0.02653,-0.02439,-0.02646,-0.02512
683,14641.28843,1.81523,-0.02325,-0.02402,-0.027,-0.02672,-0.02477,-0.02651,-0.0252
683.5,14630.57791,1.8139,-0.02359,-0.0242,-0.02736,-0.02716,-0.02507,-0.02683,-0.02581
684,14619.88304,1.81257,-0.0236,-0.02435,-0.02714,-0.02653,-0.02458,-0.02671,-0.02551
684.5,14609.2038,1.81125,-0.02378,-0.02434,-0.02678,-0.02703,-0.02501,-0.02666,-0.02565
685,14598.54015,1.80993,-0.02375,-0.02398,-0.02726,-0.02701,-0.02484,-0.02665,-0.02553
685.5,14587.89205,1.80861,-0.02364,-0.02408,-0.02734,-0.0268,-0.02471,-0.02672,-0.02537
686,14577.25948,1.80729,-0.02369,-0.02442,-0.02685,-0.02708,-0.02467,-0.02588,-0.02561
686.5,14566.64239,1.80597,-0.02299,-0.02369,-0.0271,-0.02636,-0.02449,-0.02622,-0.02512
687,14556.04076,1.80466,-0.02369,-0.024,-0.0271,-0.02704,-0.02463,-0.02637,-0.02534
687.5,14545.45455,1.80335,-0.02373,-0.02429,-0.02738,-0.02712,-0.02523,-0.02662,-0.02569
688,14534.88372,1.80203,-0.02347,-0.02405,-0.02691,-0.02642,-0.02484,-0.02674,-0.02515
688.5,14524.32825,1.80073,-0.0235,-0.02413,-0.02717,-0.027,-0.02486,-0.02666,-0.02569
689,14513.7881,1.79942,-0.02401,-0.02411,-0.02723,-0.02704,-0.02537,-0.02654,-0.02604
689.5,14503.26323,1.79811,-0.02345,-0.02418,-0.02753,-0.02676,-0.02481,-0.02685,-0.02516
690,14492.75362,1.79681,-0.02353,-0.02412,-0.02708,-0.02701,-0.02483,-0.02699,-0.02563
690.5,14482.25923,1.79551,-0.02351,-0.02404,-0.02727,-0.02641,-0.02492,-0.02665,-0.02546
691,14471.78003,1.79421,-0.02368,-0.0238,-0.02726,-0.02658,-0.02452,-0.02672,-0.02562
691.5,14461.31598,1.79291,-0.02349,-0.02414,-0.02736,-0.02667,-0.02523,-0.02652,-0.02526
692,14450.86705,1.79162,-0.02334,-0.02407,-0.02723,-0.027,-0.02516,-0.02651,-0.02591
692.5,14440.43321,1.79032,-0.02286,-0.02334,-0.02684,-0.02642,-0.02444,-0.0262,-0.02507
693,14430.01443,1.78903,-0.02363,-0.02413,-0.0274,-0.02671,-0.02502,-0.02661,-0.02563
693.5,14419.61067,1.78774,-0.02318,-0.0239,-0.02674,-0.02673,-0.0246,-0.02662,-0.02542
694,14409.2219,1.78646,-0.02309,-0.02381,-0.02697,-0.02701,-0.02493,-0.02669,-0.02511
694.5,14398.84809,1.78517,-0.02332,-0.02372,-0.02712,-0.02662,-0.02479,-0.02652,-0.02551
695,14388.48921,1.78388,-0.02359,-0.02428,-0.02724,-0.02693,-0.02506,-0.02631,-0.02578
695.5,14378.14522,1.7826,-0.02303,-0.02378,-0.02714,-0.02618,-0.02459,-0.0264,-0.02525
696,14367.81609,1.78132,-0.02276,-0.02408,-0.02692,-0.02653,-0.02446,-0.0266,-0.02509
696.5,14357.50179,1.78004,-0.0231,-0.02388,-0.02684,-0.02671,-0.02454,-0.02625,-0.02548
697,14347.2023,1.77877,-0.02312,-0.02347,-0.02694,-0.02646,-0.02504,-0.02697,-0.02523
697.5,14336.91756,1.77749,-0.02291,-0.02374,-0.02705,-0.02686,-0.02485,-0.02648,-0.02538
698,14326.64756,1.77622,-0.02375,-0.02407,-0.02735,-0.02702,-0.02493,-0.02644,-0.0257
698.5,14316.39227,1.77495,-0.02344,-0.02431,-0.02743,-0.02654,-0.02502,-0.02659,-0.02525
699,14306.15165,1.77368,-0.02269,-0.02371,-0.02687,-0.02674,-0.025,-0.02641,-0.02546
699.5,14295.92566,1.77241,-0.02327,-0.02374,-0.02736,-0.02643,-0.0248,-0.02683,-0.02536
700,14285.71429,1.77114,-0.0231,-0.02398,-0.02715,-0.0263,-0.02475,-0.02648,-0.02501