2.0000 6387.1025
2.0100 6485.5225
2.0200 6532.7250
2.0300 6555.2125
2.0400 6321.5900
2.0500 6185.2525
2.0600 6264.5200
2.0700 6346.2125
2.0800 6404.6000
2.0900 6308.2550
2.1000 6308.2900
2.1100 6314.2925
2.1200 6293.4875
2.1300 6347.9700
2.1400 6281.9575
2.1500 6211.9775
2.1600 6219.3300
2.1700 6289.8475
2.1800 6249.1325
2.1900 6153.9575
2.2000 6061.5775
2.2100 6207.7275
2.2200 6321.5325
2.2300 6210.2325
2.2400 6258.2325
2.2500 6643.1800
2.2600 6723.5650
2.2700 7055.6750
2.2800 7361.6100
2.2900 7819.2150
2.3000 8140.1575
2.3100 8231.4475
2.3200 8066.8300
2.3300 8126.0750
2.3400 8371.8975
2.3500 8273.3400
2.3600 8125.8425
2.3700 8016.6675
2.3800 8014.8200
2.3900 7992.0150
2.4000 8025.9125
2.4100 8391.1350
2.4200 8449.0325
2.4300 8316.6675
2.4400 8239.1275
2.4500 7957.3425
2.4600 8067.8975
2.4700 7921.6575
2.4800 7706.7650
2.4900 7605.6700
2.5000 7507.9400
2.5100 7469.5100
2.5200 7486.1125
2.5300 7493.2150
2.5400 7498.0775
2.5500 7688.9475
2.5600 7536.7125
2.5700 7304.4650
2.5800 7491.7350
2.5900 7587.0150
2.6000 7541.3725
2.6100 7433.3325
2.6200 7445.0625
2.6300 7512.5900
2.6400 7394.9425
2.6500 7185.6675
2.6600 7299.4825
2.6700 7567.3875
2.6800 7608.4800
2.6900 7295.5550
2.7000 7059.2275
2.7100 7293.7825
2.7200 7207.2550
2.7300 6958.0675
2.7400 7143.5500
2.7500 7249.2450
2.7600 7125.0000
2.7700 6920.7650
2.7800 6983.8550
2.7900 7101.0325
2.8000 7001.4600
2.8100 7156.9600
2.8200 7114.1625
2.8300 6772.1325
2.8400 7033.3250
2.8500 6670.6350
2.8600 6764.2750
2.8700 6702.6725
2.8800 6783.3325
2.8900 6787.4125
2.9000 6941.0400
2.9100 6517.7925
2.9200 6585.2975
2.9300 6735.5025
2.9400 6965.3350
2.9500 6724.9850
2.9600 6716.6850
2.9700 6658.6750
2.9800 6691.3450
2.9900 6395.6825
3.0000 6244.2400
3.0100 6437.4800
3.0200 6547.3250
3.0300 6436.6550
3.0400 6175.2600
3.0500 6230.9350
3.0600 6049.2850
3.0700 6025.7250
3.0800 6096.4575
3.0900 6360.9750
3.1000 6414.3850
3.1100 6228.3650
3.1200 6294.8150
3.1300 6058.7100
3.1400 6468.0500
3.1500 6407.3450
3.1600 6069.3225
3.1700 6026.3475
3.1800 6078.3975
3.1900 6182.0950
3.2000 5979.8200
3.2100 6063.8225
3.2200 6150.0400
3.2300 6113.4950
3.2400 5944.6075
3.2500 6184.3925
3.2600 6135.4825
3.2700 5875.1200
3.2800 5856.3050
3.2900 6157.1300
3.3000 6279.8250
3.3100 6233.8575
3.3200 6347.3200
3.3300 5994.1075
3.3400 6154.4825
3.3500 6149.0475
3.3600 6141.6675
3.3700 5909.2875
3.3800 6027.9225
3.3900 6009.4700
3.4000 5993.0500
3.4100 6088.5375
3.4200 5770.7850
3.4300 5645.1350
3.4400 5892.7850
3.4500 6072.3500
3.4600 6127.0675
3.4700 6032.2900
3.4800 5914.4525
3.4900 5938.3950
3.5000 6036.3850
3.5100 6117.8650
3.5200 5935.8075
3.5300 5811.2400
3.5400 5615.5325
3.5500 5716.0100
3.5600 5687.2400
3.5700 5763.1575
3.5800 5778.8625
3.5900 5825.9775
3.6000 5765.5625
3.6100 5785.8500
3.6200 5818.8450
3.6300 5818.7475
3.6400 5860.2175
3.6500 5844.0425
3.6600 5821.0100
3.6700 5877.9775
3.6800 5777.9775
3.6900 5696.9075
3.7000 5798.1150
3.7100 5757.5100
3.7200 5730.9800
3.7300 5495.2825
3.7400 5684.2250
3.7500 5782.3250
3.7600 5903.9550
3.7700 5865.0250
3.7800 5703.1600
3.7900 5684.6325
3.8000 5705.7425
3.8100 5634.0700
3.8200 5617.0475
3.8300 5675.8775
3.8400 5739.3625
3.8500 5864.6125
3.8600 5877.7200
3.8700 5736.5775
3.8800 5796.1025
3.8900 5924.0350
3.9000 5882.0975
3.9100 5673.7725
3.9200 5615.6525
3.9300 5713.6850
3.9400 5784.9700
3.9500 5874.1700
3.9600 5779.6900
3.9700 5757.6275
3.9800 5609.3350
3.9900 5670.9425
4.0000 5738.9450
4.0100 5670.5750
4.0200 5723.1375
4.0300 5815.5000
4.0400 5897.0325
4.0500 5903.3100
4.0600 5798.7625
4.0700 5726.8300
4.0800 5751.0800
4.0900 5701.6950
4.1000 5640.2850
4.1100 5614.0175
4.1200 5566.4025
4.1300 5598.9125
4.1400 5670.1150
4.1500 5620.9825
4.1600 5608.8150
4.1700 5543.9300
4.1800 5577.6675
4.1900 5753.9925
4.2000 5797.5975
4.2100 5784.0750
4.2200 5705.9925
4.2300 5803.5800
4.2400 5967.8050
4.2500 5863.9300
4.2600 5710.0050
4.2700 5705.9475
4.2800 5555.2275
4.2900 5482.3950
4.3000 5788.9100
4.3100 5796.1925
4.3200 5625.2150
4.3300 5557.8275
4.3400 5462.5100
4.3500 5586.4400
4.3600 5757.8475
4.3700 5771.2800
4.3800 5721.6600
4.3900 5703.7275
4.4000 5864.3475
4.4100 5878.3775
4.4200 5637.9825
4.4300 5425.0175
4.4400 5453.9300
4.4500 5684.6375
4.4600 5713.5400
4.4700 5578.6650
4.4800 5470.9675
4.4900 5669.7975
4.5000 5913.9300
4.5100 5975.9775
4.5200 5922.8700
4.5300 5892.0175
4.5400 5878.2900
4.5500 5741.8050
4.5600 5673.4950
4.5700 5604.4025
4.5800 5540.4800
4.5900 5697.7325
4.6000 5693.7375
4.6100 5750.6300
4.6200 5946.8025
4.6300 6040.1275
4.6400 5994.3850
4.6500 5738.6350
4.6600 5633.4725
4.6700 5584.4275
4.6800 5630.8925
4.6900 5412.8475
4.7000 5282.6625
4.7100 5481.9925
4.7200 5645.6800
4.7300 5648.3150
4.7400 5607.5750
4.7500 5654.7275
4.7600 5692.2925
4.7700 5720.4250
4.7800 5894.0575
4.7900 5655.1000
4.8000 5673.4250
4.8100 5750.0000
4.8200 5741.5750
4.8300 5838.9925
4.8400 5918.0275
4.8500 5608.4925
4.8600 5540.4200
4.8700 5513.4175
4.8800 5757.3050
4.8900 5900.9825
4.9000 5830.4550
4.9100 5775.5900
4.9200 5871.3050
4.9300 5928.2875
4.9400 5821.1900
4.9500 5718.6400
4.9600 5671.2275
4.9700 5699.1175
4.9800 5848.7650
4.9900 5826.9050
5.0000 5718.0650
5.0100 5661.1725
5.0200 5580.9000
5.0300 5688.4825
5.0400 5726.3875
5.0500 5538.0625
5.0600 5712.3725
5.0700 5748.7600
5.0800 5772.3825
5.0900 5429.0600
5.1000 5558.3875
5.1100 5827.5900
5.1200 5717.8675
5.1300 5518.1175
5.1400 5598.2375
5.1500 5792.5750
5.1600 5846.4500
5.1700 5620.3975
5.1800 5618.7050
5.1900 5749.8850
5.2000 5693.6725
5.2100 5849.3600
5.2200 5838.8925
5.2300 5529.3350
5.2400 5811.9600
5.2500 5555.0700
5.2600 5548.0875
5.2700 5638.1275
5.2800 5860.2425
5.2900 5657.6225
5.3000 5660.2175
5.3100 5526.9625
5.3200 5608.2100
5.3300 5711.4000
5.3400 5455.5700
5.3500 5534.5450
5.3600 5573.9750
5.3700 5523.6900
5.3800 5575.7050
5.3900 5893.7175
5.4000 5902.6150
5.4100 6119.8225
5.4200 5856.3625
5.4300 5631.3150
5.4400 5577.9025
5.4500 5644.5150
5.4600 5614.7575
5.4700 5647.8925
5.4800 5545.4950
5.4900 5366.0350
5.5000 5573.6125
5.5100 5350.5450
5.5200 5695.1850
5.5300 5740.3275
5.5400 5312.6275
5.5500 5377.4700
5.5600 5630.6425
5.5700 5670.8575
5.5800 5556.7800
5.5900 5594.4625
5.6000 5290.4175
5.6100 5451.5875
5.6200 5391.2075
5.6300 5581.4675
5.6400 5562.5050
5.6500 5597.8700
5.6600 5354.1650
5.6700 5536.4375
5.6800 5573.5100
5.6900 5426.4325
5.7000 5591.6675
5.7100 5585.4750
5.7200 5460.0900
5.7300 5323.9175
5.7400 5313.3900
5.7500 5636.7300
5.7600 5715.1050
5.7700 5435.3875
5.7800 5500.4625
5.7900 5519.1250
5.8000 5613.8025
5.8100 5482.8750
5.8200 5455.0250
5.8300 5247.2400
5.8400 5697.8100
5.8500 5460.3200
5.8600 5790.8550
5.8700 5508.3975
5.8800 5416.9700
5.8900 5383.5475
5.9000 5424.6050
5.9100 5350.9425
5.9200 5473.0425
5.9300 5483.1775
5.9400 5467.0300
5.9500 5499.1700
5.9600 5256.9925
5.9700 5435.7175
5.9800 5586.5500
5.9900 5294.7975
6.0000 5291.3325
6.0100 5403.2800
6.0200 5265.2900
6.0300 5432.6050
6.0400 5512.7300
6.0500 5516.6675
6.0600 5406.8350
6.0700 5423.4600
6.0800 5292.4975
6.0900 5337.7150
6.1000 5310.6925
6.1100 5262.0250
6.1200 5612.2050
6.1300 5664.6700
6.1400 5590.2450
6.1500 5651.8875
6.1600 5316.7050
6.1700 5510.3300
6.1800 5638.9125
6.1900 5544.7750
6.2000 5248.6775
6.2100 5268.9275
6.2200 5394.0500
6.2300 5475.0725
6.2400 5372.4775
6.2500 5498.2750
6.2600 5516.6675
6.2700 5619.0800
6.2800 5502.1100
6.2900 5410.6825
6.3000 5218.9950
6.3100 5732.8075
6.3200 5579.3875
6.3300 5412.6900
6.3400 5527.3350
6.3500 5550.0000
6.3600 5486.1850
6.3700 5263.0275
6.3800 5386.9400
6.3900 5409.6500
6.4000 5317.4475
6.4100 5272.1350
6.4200 5454.0925
6.4300 5616.1725
6.4400 5538.2825
6.4500 5530.4025
6.4600 5553.8625
6.4700 5517.4250
6.4800 5501.5400
6.4900 5763.9825
6.5000 5737.3250
6.5100 5656.1900
6.5200 5547.9375
6.5300 5931.8925
6.5400 6020.0425
6.5500 5831.2725
6.5600 5915.2675
6.5700 5877.7050
6.5800 5877.9775
6.5900 6144.2650
6.6000 6190.6725
6.6100 6202.7575
6.6200 6234.1325
6.6300 6254.5175
6.6400 6328.7475
6.6500 6636.9575
6.6600 6921.9275
6.6700 6736.5350
6.6800 6368.3550
6.6900 6494.7850
6.7000 6397.7725
6.7100 6223.2775
6.7200 6170.9200
6.7300 6339.7800
6.7400 6042.8125
6.7500 6076.1550
6.7600 6176.1025
6.7700 5954.3175
6.7800 5933.3450
6.7900 6085.1250
6.8000 6073.1975
6.8100 6073.9575
6.8200 6172.8150
6.8300 6137.0375
6.8400 6279.9375
6.8500 6414.8275
6.8600 6382.9725
6.8700 6434.3225
6.8800 6268.7375
6.8900 6287.6875
6.9000 6344.8800
6.9100 6367.2500
6.9200 6781.5325
6.9300 6886.8400
6.9400 6605.8400
6.9500 7062.7500
6.9600 7519.1400
6.9700 7513.0200
6.9800 7606.2400
6.9900 7791.7425
7.0000 7938.5675
7.0100 8016.4025
7.0200 8093.7000
7.0300 8272.5350
7.0400 8513.2200
7.0500 8767.9275
7.0600 9500.1425
7.0700 9994.9825
7.0800 10390.4225
7.0900 11045.6950
7.1000 11666.4000
7.1100 11998.5525
7.1200 12516.1600
7.1300 13344.8950
7.1400 14281.8975
7.1500 15144.2650
7.1600 16445.4875
7.1700 18003.0875
7.1800 19276.5550
7.1900 20863.2400
7.2000 23200.3225
7.2100 25831.3100
7.2200 28064.1675
7.2300 31282.2000
7.2400 34926.5300
7.2500 38557.6800
7.2600 43077.7125
7.2700 47961.2550
7.2800 53834.1750
7.2900 61431.7000
7.3000 69383.5225
7.3100 78306.9925
7.3200 87084.1975
7.3300 96879.6800
7.3400 108434.6725
7.3500 118955.4650
7.3600 127813.3325
7.3700 135069.4075
7.3800 140150.7225
7.3900 143156.6650
7.4000 142487.3325
7.4100 137267.7400
7.4200 128391.4050
7.4300 116638.0900
7.4400 102406.6875
7.4500 87232.3425
7.4600 73175.4675
7.4700 60521.8425
7.4800 49379.4725
7.4900 40077.3150
7.5000 33164.5000
7.5100 28381.1325
7.5200 24449.0875
7.5300 21093.1350
7.5400 18687.1275
7.5500 17076.9100
7.5600 15756.3150
7.5700 14712.3100
7.5800 13788.9725
7.5900 12908.4200
7.6000 12160.5125
7.6100 11803.8425
7.6200 11448.1550
7.6300 10732.1500
7.6400 10485.1000
7.6500 10313.0650
7.6600 9824.9600
7.6700 9436.6325
7.6800 9016.6500
7.6900 8824.8500
7.7000 8841.7450
7.7100 8696.5675
7.7200 8639.8975
7.7300 8358.7075
7.7400 7877.5350
7.7500 7554.5175
7.7600 7353.0125
7.7700 7415.5425
7.7800 7366.6150
7.7900 7032.7225
7.8000 6916.2675
7.8100 7098.0150
7.8200 6843.0675
7.8300 6527.9225
7.8400 6650.6700
7.8500 6864.5950
7.8600 6959.7250
7.8700 6805.5275
7.8800 6629.7125
7.8900 6480.9500
7.9000 6377.1025
7.9100 6326.4375
7.9200 6385.1800
7.9300 6466.3150
7.9400 6336.8425
7.9500 6257.2400
7.9600 6316.6075
7.9700 6125.6350
7.9800 5917.0675
7.9900 6026.9500
8.0000 6213.2675
8.0100 6006.9450
8.0200 5855.7700
8.0300 5910.7650
8.0400 5865.7975
8.0500 5650.6275
8.0600 5549.8775
8.0700 5633.3325
8.0800 5608.7450
8.0900 5578.8725
8.1000 5569.7025
8.1100 5606.9075
8.1200 5862.2250
8.1300 5896.9725
8.1400 5597.0325
8.1500 5567.1800
8.1600 5685.8675
8.1700 5680.7550
8.1800 5823.0250
8.1900 5879.4575
8.2000 5556.2450
8.2100 5814.5675
8.2200 6163.7125
8.2300 6280.4950
8.2400 6253.5075
8.2500 6250.7150
8.2600 6558.5525
8.2700 6877.6600
8.2800 6928.2025
8.2900 7111.3900
8.3000 7302.5975
8.3100 7336.6575
8.3200 7532.7750
8.3300 7894.0975
8.3400 8244.2100
8.3500 8939.9200
8.3600 9592.7950
8.3700 10143.3300
8.3800 10709.5925
8.3900 11433.1325
8.4000 12365.6450
8.4100 13803.6650
8.4200 15503.8350
8.4300 16872.0750
8.4400 18682.1275
8.4500 20327.2875
8.4600 22495.7450
8.4700 24505.1625
8.4800 26813.0425
8.4900 29404.8725
8.5000 32220.8100
8.5100 34403.6200
8.5200 35743.7450
8.5300 36527.0850
8.5400 37024.9450
8.5500 36372.8000
8.5600 34533.6875
8.5700 32189.4275
8.5800 29294.7825
8.5900 25977.7675
8.6000 22312.3825
8.6100 18531.9625
8.6200 15795.0375
8.6300 13926.5125
8.6400 12035.7050
8.6500 10516.3325
8.6600 9071.7425
8.6700 8153.9700
8.6800 7559.8350
8.6900 7178.7600
8.7000 7070.2650
8.7100 6849.4500
8.7200 6380.4025
8.7300 6077.1725
8.7400 5731.6475
8.7500 5898.2475
8.7600 5873.0225
8.7700 5594.1900
8.7800 5294.9250
8.7900 5222.9025
8.8000 5438.9200
8.8100 5248.2325
8.8200 4991.1700
8.8300 5204.8300
8.8400 5088.7300
8.8500 4837.3925
8.8600 4992.5675
8.8700 4863.8250
8.8800 4787.6875
8.8900 4688.7575
8.9000 4707.3200
8.9100 4679.3700
8.9200 4742.4825
8.9300 4454.6200
8.9400 4366.7325
8.9500 4504.6350
8.9600 4459.0850
8.9700 4333.3550
8.9800 4440.3625
8.9900 4471.8200
9.0000 4367.2050
9.0100 4148.3400
9.0200 4110.5875
9.0300 4314.1325
9.0400 4441.4775
9.0500 4264.6075
9.0600 4246.9725
9.0700 4229.9425
9.0800 4276.3500
9.0900 4348.1025
9.1000 4311.0625
9.1100 4122.4400
9.1200 4063.5100
9.1300 4316.6675
9.1400 4292.0975
9.1500 4091.5425
9.1600 4232.7900
9.1700 4137.4100
9.1800 4035.8375
9.1900 4216.7850
9.2000 4114.4400
9.2100 3946.3450
9.2200 4279.7125
9.2300 4387.0050
9.2400 3953.2325
9.2500 3995.4250
9.2600 4036.2075
9.2700 3957.2800
9.2800 3840.7000
9.2900 3945.4950
9.3000 4003.6875
9.3100 4052.7550
9.3200 3979.3325
9.3300 4179.5950
9.3400 4117.5625
9.3500 4145.7350
9.3600 4361.1325
9.3700 4080.0250
9.3800 3847.1900
9.3900 3965.2725
9.4000 3929.3875
9.4100 3830.2425
9.4200 3744.2125
9.4300 3586.0300
9.4400 3675.6650
9.4500 3965.5150
9.4600 3927.7375
9.4700 4032.3775
9.4800 3985.4950
9.4900 3691.6675
9.5000 3694.4425
9.5100 3870.9475
9.5200 4180.8200
9.5300 3958.9225
9.5400 4023.4875
9.5500 3791.8400
9.5600 3833.6500
9.5700 4008.2400
9.5800 3800.5975
9.5900 3692.2300
9.6000 3865.3475
9.6100 3916.1725
9.6200 3743.8000
9.6300 3585.6325
9.6400 3763.5775
9.6500 3676.7575
9.6600 3732.0800
9.6700 3619.4450
9.6800 3551.7425
9.6900 3590.4825
9.7000 3591.6675
9.7100 3720.5925
9.7200 3877.7325
9.7300 3650.7725
9.7400 3577.6650
9.7500 3710.6750
9.7600 3637.0500
9.7700 3458.5975
9.7800 3743.1650
9.7900 3908.5150
9.8000 3743.1925
9.8100 3670.4050
9.8200 3760.8300
9.8300 3758.8400
9.8400 3727.0975
9.8500 3732.7900
9.8600 3702.2500
9.8700 3606.9800
9.8800 3600.0000
9.8900 3623.1400
9.9000 3625.0000
9.9100 3448.4575
9.9200 3548.1875
9.9300 3596.5225
9.9400 3584.7625
9.9500 3530.1325
9.9600 3585.6500
9.9700 3417.7325
9.9800 3490.5225
9.9900 3688.1175
10.0000 3745.8625
10.0100 3592.7700
10.0200 3604.8725
10.0300 3615.7825
10.0400 3564.6525
10.0500 3617.6300
10.0600 3654.5725
10.0700 3466.5950
10.0800 3478.4450
10.0900 3483.3325
10.1000 3432.1025
10.1100 3541.7975
10.1200 3543.7700
10.1300 3490.8275
10.1400 3425.3800
10.1500 3380.5400
10.1600 3526.3450
10.1700 3334.3500
10.1800 3515.0925
10.1900 3678.7225
10.2000 3607.2750
10.2100 3506.2950
10.2200 3562.6250
10.2300 3518.3825
10.2400 3515.3925
10.2500 3411.0625
10.2600 3335.4900
10.2700 3500.0875
10.2800 3687.0050
10.2900 3556.4325
10.3000 3511.1025
10.3100 3335.0825
10.3200 3300.0000
10.3300 3313.7875
10.3400 3247.9150
10.3500 3384.1825
10.3600 3512.4050
10.3700 3396.9275
10.3800 3196.6175
10.3900 3232.9550
10.4000 3331.1875
10.4100 3255.5375
10.4200 3361.1875
10.4300 3472.1975
10.4400 3418.0450
10.4500 3393.3250
10.4600 3491.5150
10.4700 3357.3450
10.4800 3356.3875
10.4900 3379.8700
10.5000 3304.3225
10.5100 3125.7450
10.5200 3148.8150
10.5300 3127.4875
10.5400 3364.1250
10.5500 3283.9700
10.5600 3293.4750
10.5700 3224.3775
10.5800 3238.6400
10.5900 3153.6675
10.6000 3176.2350
10.6100 3134.1900
10.6200 3135.7725
10.6300 3262.3275
10.6400 3148.0125
10.6500 3087.3700
10.6600 3114.8200
10.6700 3307.1000
10.6800 3397.9750
10.6900 3345.8975
10.7000 3262.7400
10.7100 3278.9150
10.7200 3353.5700
10.7300 3189.8200
10.7400 3149.6200
10.7500 3103.0975
10.7600 3199.6050
10.7700 3339.2975
10.7800 3247.2300
10.7900 3290.9975
10.8000 3143.5325
10.8100 3207.6900
10.8200 3252.3200
10.8300 3232.0125
10.8400 3320.6575
10.8500 3298.7225
10.8600 3120.4700
10.8700 3135.3700
10.8800 3308.4700
10.8900 3319.5400
10.9000 3341.1150
10.9100 3288.0625
10.9200 3217.4625
10.9300 3421.2025
10.9400 3394.7900
10.9500 3301.1625
10.9600 3260.2575
10.9700 3284.5100
10.9800 3202.5200
10.9900 3346.9850
11.0000 3416.2350
11.0100 3311.7375
11.0200 3255.3375
11.0300 3159.6400
11.0400 3212.3800
11.0500 3219.0425
11.0600 3160.8300
11.0700 3197.4500
11.0800 3152.7050
11.0900 3172.1075
11.1000 3111.5725
11.1100 3050.1375
11.1200 3167.9925
11.1300 3216.9075
11.1400 3230.1650
11.1500 3165.4925
11.1600 2989.4025
11.1700 3100.4975
11.1800 3264.6775
11.1900 3106.5850
11.2000 3107.1125
11.2100 3118.6200
11.2200 3096.9875
11.2300 3100.0000
11.2400 3100.0000
11.2500 3142.1650
11.2600 3250.7250
11.2700 3179.5575
11.2800 3056.1375
11.2900 3040.6075
11.3000 3179.6450
11.3100 3335.8675
11.3200 3280.2925
11.3300 3165.3150
11.3400 3025.8475
11.3500 3060.3625
11.3600 3160.5925
11.3700 3107.3150
11.3800 2916.9050
11.3900 2855.2050
11.4000 3025.5250
11.4100 3165.0050
11.4200 3241.5075
11.4300 3215.3925
11.4400 3056.1875
11.4500 2989.8025
11.4600 3019.6675
11.4700 2999.0300
11.4800 3087.3275
11.4900 3117.9950
11.5000 3049.3800
11.5100 3034.6675
11.5200 3022.3975
11.5300 3070.7425
11.5400 2987.4950
11.5500 2843.9900
11.5600 2955.6150
11.5700 3109.2775
11.5800 3080.3325
11.5900 3099.1550
11.6000 3117.2050
11.6100 3002.9650
11.6200 3035.6775
11.6300 3051.7675
11.6400 3032.3350
11.6500 3095.1550
11.6600 3083.7225
11.6700 2967.7425
11.6800 2927.3225
11.6900 2931.8525
11.7000 2966.3950
11.7100 3044.3700
11.7200 2953.8200
11.7300 3002.0425
11.7400 3204.6225
11.7500 3244.4700
11.7600 3339.9975
11.7700 3340.3125
11.7800 3113.8950
11.7900 3039.7825
11.8000 3078.9750
11.8100 3118.4175
11.8200 3119.4025
11.8300 3182.4500
11.8400 3296.4675
11.8500 3359.4375
11.8600 3421.3050
11.8700 3445.9125
11.8800 3471.1450
11.8900 3491.6675
11.9000 3563.0100
11.9100 3716.9450
11.9200 3945.7575
11.9300 4087.5175
11.9400 4017.2150
11.9500 4201.1025
11.9600 4663.3550
11.9700 5107.8125
11.9800 5451.7125
11.9900 5728.5375
12.0000 6041.5400
12.0100 6617.5625
12.0200 7103.3575
12.0300 7571.7475
12.0400 8125.8725
12.0500 8544.2625
12.0600 9165.4125
12.0700 9629.6000
12.0800 9681.8925
12.0900 9444.9425
12.1000 9213.2850
12.1100 8560.3325
12.1200 7845.5050
12.1300 7356.1925
12.1400 6618.9325
12.1500 5891.7900
12.1600 5459.3025
12.1700 5012.6425
12.1800 4526.1500
12.1900 4201.1375
12.2000 4059.0750
12.2100 3930.5325
12.2200 3707.9000
12.2300 3469.1825
12.2400 3366.6675
12.2500 3395.8050
12.2600 3295.5175
12.2700 3138.3325
12.2800 3202.6225
12.2900 3181.9800
12.3000 3109.4900
12.3100 3087.1975
12.3200 3035.6000
12.3300 3078.1425
12.3400 3092.1500
12.3500 3107.1500
12.3600 3077.7975
12.3700 2945.1225
12.3800 3022.2525
12.3900 3066.7725
12.4000 3010.6125
12.4100 2934.5900
12.4200 2830.8675
12.4300 2928.3625
12.4400 2842.9300
12.4500 2824.9875
12.4600 2946.9175
12.4700 2810.5275
12.4800 2820.3225
12.4900 2999.3850
12.5000 2962.0750
12.5100 2805.5525
12.5200 2713.7075
12.5300 2668.0375
12.5400 2781.9550
12.5500 2811.0725
12.5600 2771.8350
12.5700 2788.7150
12.5800 2831.2700
12.5900 2854.1450
12.6000 2840.8525
12.6100 2894.5475
12.6200 2988.0350
12.6300 2803.5875
12.6400 2791.0175
12.6500 2830.3050
12.6600 2770.7525
12.6700 2716.9825
12.6800 2729.0100
12.6900 2661.1975
12.7000 2812.5550
12.7100 2882.8925
12.7200 2807.1600
12.7300 2840.4875
12.7400 2730.8975
12.7500 2659.8475
12.7600 2767.4400
12.7700 2813.8175
12.7800 2808.3325
12.7900 2768.8650
12.8000 2702.8825
12.8100 2808.6800
12.8200 2908.4125
12.8300 2717.0475
12.8400 2649.4050
12.8500 2771.8400
12.8600 2813.9525
12.8700 2746.2250
12.8800 2670.3775
12.8900 2796.6875
12.9000 2755.9425
12.9100 2621.5400
12.9200 2655.2525
12.9300 2656.2200
12.9400 2661.9025
12.9500 2737.9125
12.9600 2697.3375
12.9700 2556.9850
12.9800 2634.8200
12.9900 2745.9525
13.0000 2757.4350
13.0100 2684.2375
13.0200 2628.1725
13.0300 2707.0500
13.0400 2768.6275
13.0500 2662.6825
13.0600 2566.7375
13.0700 2721.1150
13.0800 2654.7850
13.0900 2661.9100
13.1000 2642.9100
13.1100 2629.6975
13.1200 2653.3400
13.1300 2704.2150
13.1400 2758.3325
13.1500 2726.2550
13.1600 2639.3900
13.1700 2642.3825
13.1800 2675.6575
13.1900 2650.8600
13.2000 2543.2975
13.2100 2625.4850
13.2200 2678.4775
13.2300 2736.5725
13.2400 2681.4850
13.2500 2693.5575
13.2600 2634.4675
13.2700 2542.0950
13.2800 2656.6550
13.2900 2770.8200
13.3000 2754.1800
13.3100 2751.9750
13.3200 2760.8100
13.3300 2659.1300
13.3400 2602.7575
13.3500 2751.6925
13.3600 2743.5150
13.3700 2646.3175
13.3800 2786.8050
13.3900 2923.5900
13.4000 2874.2575
13.4100 2778.2625
13.4200 2634.7500
13.4300 2609.8225
13.4400 2688.7325
13.4500 2629.4975
13.4600 2552.7850
13.4700 2496.6175
13.4800 2404.9225
13.4900 2547.0900
13.5000 2625.8600
13.5100 2807.8525
13.5200 2649.7850
13.5300 2503.9775
13.5400 2464.9700
13.5500 2575.2925
13.5600 2444.0250
13.5700 2551.6950
13.5800 2549.9225
13.5900 2511.6625
13.6000 2499.9375
13.6100 2531.6925
13.6200 2534.7600
13.6300 2575.0000
13.6400 2610.1775
13.6500 2774.1850
13.6600 2789.8125
13.6700 2554.2075
13.6800 2500.0000
13.6900 2484.7000
13.7000 2440.9250
13.7100 2575.5425
13.7200 2684.2225
13.7300 2651.4750
13.7400 2643.7200
13.7500 2603.9525
13.7600 2720.1575
13.7700 2609.5650
13.7800 2587.6600
13.7900 2630.5000
13.8000 2537.4700
13.8100 2544.6775
13.8200 2466.8875
13.8300 2426.3375
13.8400 2434.6575
13.8500 2454.7800
13.8600 2505.5350
13.8700 2406.4200
13.8800 2483.5975
13.8900 2720.4375
13.9000 2741.6675
13.9100 2749.0475
13.9200 2781.9350
13.9300 2693.7200
13.9400 2540.4525
13.9500 2761.5600
13.9600 2913.5675
13.9700 2779.0250
13.9800 2693.1850
13.9900 2681.4275
14.0000 2873.3525
14.0100 2818.1950
14.0200 2910.3900
14.0300 3079.9075
14.0400 3011.6125
14.0500 3114.5950
14.0600 3293.5200
14.0700 3427.0300
14.0800 3461.7125
14.0900 3609.3225
14.1000 3664.4775
14.1100 4074.0850
14.1200 4463.2900
14.1300 4573.2175
14.1400 4662.8325
14.1500 4988.4950
14.1600 5174.7325
14.1700 5250.4975
14.1800 5291.9425
14.1900 4984.3450
14.2000 4766.5650
14.2100 4660.9400
14.2200 4361.2675
14.2300 4133.4050
14.2400 3893.6725
14.2500 3801.4375
14.2600 3484.0175
14.2700 3399.3125
14.2800 3284.6950
14.2900 3028.6050
14.3000 2885.9650
14.3100 2808.9100
14.3200 2615.4825
14.3300 2444.2825
14.3400 2757.0125
14.3500 2732.6000
14.3600 2625.6350
14.3700 2610.9550
14.3800 2350.3750
14.3900 2575.0075
14.4000 2672.2600
14.4100 2536.9675
14.4200 2705.0125
14.4300 2767.3825
14.4400 2656.7400
14.4500 2641.6275
14.4600 2764.6450
14.4700 2728.9000
14.4800 2654.9750
14.4900 2608.8725
14.5000 2753.7925
14.5100 2670.1450
14.5200 2595.7625
14.5300 2818.3475
14.5400 2685.2175
14.5500 2563.4075
14.5600 2667.8000
14.5700 2702.2450
14.5800 2936.5025
14.5900 3011.7275
14.6000 3092.3200
14.6100 3104.8800
14.6200 3015.7625
14.6300 2998.0175
14.6400 3181.0725
14.6500 3362.5475
14.6600 3497.1825
14.6700 3681.1900
14.6800 3895.9500
14.6900 4056.8125
14.7000 4330.0875
14.7100 4882.8850
14.7200 5226.7525
14.7300 5319.8800
14.7400 5906.4525
14.7500 6264.6600
14.7600 6649.1675
14.7700 7150.2175
14.7800 7776.3000
14.7900 7878.7800
14.8000 7451.6525
14.8100 7634.5850
14.8200 7798.6950
14.8300 7581.9750
14.8400 7281.6125
14.8500 6715.3150
14.8600 5841.6475
14.8700 5517.1325
14.8800 5026.4325
14.8900 4510.6075
14.9000 4218.3825
14.9100 3803.0675
14.9200 3461.3550
14.9300 3194.4200
14.9400 2936.3825
14.9500 2851.1075
14.9600 2751.4750
14.9700 2831.9800
14.9800 2669.6175
14.9900 2699.3600
15.0000 2618.3875
15.0100 2787.7975
15.0200 2807.9400
15.0300 2653.9650
15.0400 2447.1900
15.0500 2660.3725
15.0600 2755.6350
15.0700 2637.1950
15.0800 2633.3325
15.0900 2496.4575
15.1000 2596.1800
15.1100 2616.0550
15.1200 2448.3475
15.1300 2401.6500
15.1400 2511.8750
15.1500 2516.6675
15.1600 2524.6325
15.1700 2525.0000
15.1800 2366.1450
15.1900 2366.2650
15.2000 2327.0725
15.2100 2411.9725
15.2200 2432.4550
15.2300 2354.5075
15.2400 2397.2250
15.2500 2376.4250
15.2600 2335.7675
15.2700 2254.9850
15.2800 2351.6975
15.2900 2366.1450
15.3000 2382.2650
15.3100 2336.6100
15.3200 2411.0850
15.3300 2385.6125
15.3400 2491.8525
15.3500 2492.2600
15.3600 2445.3000
15.3700 2595.9850
15.3800 2538.9975
15.3900 2448.7200
15.4000 2480.0675
15.4100 2260.9450
15.4200 2318.2350
15.4300 2470.2550
15.4400 2460.4325
15.4500 2412.6050
15.4600 2240.9175
15.4700 2528.9200
15.4800 2527.9875
15.4900 2229.5925
15.5000 2147.0600
15.5100 2315.3450
15.5200 2408.7275
15.5300 2394.0825
15.5400 2331.5375
15.5500 2400.0450
15.5600 2483.2625
15.5700 2327.0800
15.5800 2368.0900
15.5900 2292.9625
15.6000 2238.6550
15.6100 2300.2475
15.6200 2352.8725
15.6300 2291.6275
15.6400 2401.7350
15.6500 2172.8425
15.6600 2193.3050
15.6700 2170.5375
15.6800 2387.2875
15.6900 2600.2300
15.7000 2493.0425
15.7100 2372.5275
15.7200 2175.6325
15.7300 2186.4825
15.7400 2264.5175
15.7500 2304.0950
15.7600 2330.1200
15.7700 2362.3375
15.7800 2381.1450
15.7900 2441.1575
15.8000 2370.6175
15.8100 2300.6900
15.8200 2392.3825
15.8300 2415.5150
15.8400 2452.5225
15.8500 2522.7725
15.8600 2376.0650
15.8700 2278.6275
15.8800 2259.5400
15.8900 2336.5950
15.9000 2385.5175
15.9100 2327.8375
15.9200 2295.4250
15.9300 2213.9000
15.9400 2305.8750
15.9500 2346.1425
15.9600 2399.2525
15.9700 2253.7900
15.9800 2246.0400
15.9900 2285.0125
16.0000 2368.5700
16.0100 2369.3725
16.0200 2366.6675
16.0300 2373.6250
16.0400 2395.8400
16.0500 2434.6775
16.0600 2379.3475
16.0700 2235.3175
16.0800 2132.4100
16.0900 2261.3775
16.1000 2339.8250
16.1100 2370.6075
16.1200 2491.5825
16.1300 2400.2725
16.1400 2265.6300
16.1500 2412.2825
16.1600 2313.7275
16.1700 2194.9000
16.1800 2249.7075
16.1900 2314.1300
16.2000 2318.2300
16.2100 2215.2875
16.2200 2245.6475
16.2300 2339.1750
16.2400 2418.8650
16.2500 2305.7500
16.2600 2315.2250
16.2700 2385.2375
16.2800 2353.2250
16.2900 2174.8850
16.3000 2093.3700
16.3100 2236.2725
16.3200 2275.0000
16.3300 2261.7450
16.3400 2251.7175
16.3500 2283.0300
16.3600 2271.8800
16.3700 2260.0825
16.3800 2297.7750
16.3900 2288.6450
16.4000 2322.6475
16.4100 2346.4150
16.4200 2402.2450
16.4300 2344.9475
16.4400 2311.9825
16.4500 2353.8225
16.4600 2334.2275
16.4700 2201.9350
16.4800 2173.1325
16.4900 2278.2900
16.5000 2392.1175
16.5100 2365.1925
16.5200 2362.8475
16.5300 2507.7525
16.5400 2447.5625
16.5500 2352.7500
16.5600 2371.6200
16.5700 2491.6325
16.5800 2467.7600
16.5900 2475.3975
16.6000 2438.9625
16.6100 2399.6875
16.6200 2448.5250
16.6300 2536.0450
16.6400 2690.5600
16.6500 2645.3300
16.6600 2616.6675
16.6700 2641.7275
16.6800 2506.1475
16.6900 2458.3325
16.7000 2464.5675
16.7100 2379.5450
16.7200 2449.4000
16.7300 2576.3650
16.7400 2564.9925
16.7500 2463.4625
16.7600 2353.1125
16.7700 2522.1325
16.7800 2665.4675
16.7900 2575.0150
16.8000 2521.0750
16.8100 2687.9950
16.8200 2798.8675
16.8300 2871.5500
16.8400 2873.4025
16.8500 2763.3500
16.8600 2797.8050
16.8700 2770.4900
16.8800 2822.5575
16.8900 2856.0350
16.9000 3045.1350
16.9100 3110.6500
16.9200 3396.5900
16.9300 3424.4025
16.9400 3457.5000
16.9500 3871.6825
16.9600 3971.3200
16.9700 4080.9900
16.9800 4448.3600
16.9900 4919.1550
17.0000 5330.8150
17.0100 5873.3400
17.0200 6563.5750
17.0300 7169.8300
17.0400 7762.7800
17.0500 8446.7175
17.0600 9326.6625
17.0700 10029.7075
17.0800 10541.3450
17.0900 11021.6000
17.1000 11428.6600
17.1100 11448.6750
17.1200 11060.2200
17.1300 10659.2850
17.1400 10324.5100
17.1500 9682.4575
17.1600 8583.1775
17.1700 7774.3800
17.1800 7290.5125
17.1900 6619.5625
17.2000 5757.0700
17.2100 5000.9375
17.2200 4560.9700
17.2300 4276.2025
17.2400 3947.3550
17.2500 3549.7500
17.2600 3388.3575
17.2700 3352.3925
17.2800 3149.8425
17.2900 3148.4450
17.3000 2983.6525
17.3100 2827.2125
17.3200 2777.5900
17.3300 2738.7050
17.3400 2635.6800
17.3500 2742.1250
17.3600 2772.1650
17.3700 2633.3900
17.3800 2624.8875
17.3900 2755.1300
17.4000 2802.8100
17.4100 2777.9450
17.4200 2739.1475
17.4300 2725.0000
17.4400 2829.2000
17.4500 2724.5775
17.4600 2636.2025
17.4700 2600.6050
17.4800 2599.6675
17.4900 2700.7350
17.5000 2684.8925
17.5100 2579.5925
17.5200 2465.9800
17.5300 2354.8450
17.5400 2510.5900
17.5500 2589.7800
17.5600 2515.9575
17.5700 2435.1125
17.5800 2467.1625
17.5900 2574.7375
17.6000 2595.3525
17.6100 2567.3750
17.6200 2414.9750
17.6300 2296.2350
17.6400 2296.1600
17.6500 2355.8600
17.6600 2446.5875
17.6700 2467.5475
17.6800 2390.0575
17.6900 2465.3325
17.7000 2580.4300
17.7100 2597.8875
17.7200 2555.1700
17.7300 2465.6775
17.7400 2435.3900
17.7500 2374.2600
17.7600 2328.1575
17.7700 2407.6600
17.7800 2442.8625
17.7900 2407.5975
17.8000 2453.3200
17.8100 2476.2825
17.8200 2389.8825
17.8300 2265.0250
17.8400 2395.1675
17.8500 2554.1475
17.8600 2496.9525
17.8700 2401.0925
17.8800 2425.6225
17.8900 2463.3875
17.9000 2527.1900
17.9100 2531.4275
17.9200 2463.1100
17.9300 2358.1000
17.9400 2403.4500
17.9500 2411.7025
17.9600 2295.2000
17.9700 2291.4475
17.9800 2374.6900
17.9900 2423.2125
18.0000 2383.8300
18.0100 2340.1175
18.0200 2422.1050
18.0300 2488.2550
18.0400 2467.1000
18.0500 2386.2475
18.0600 2473.8250
18.0700 2571.5525
18.0800 2482.3500
18.0900 2455.6025
18.1000 2434.7550
18.1100 2453.3350
18.1200 2544.9000
18.1300 2539.8600
18.1400 2503.5125
18.1500 2567.3675
18.1600 2559.0325
18.1700 2492.6975
18.1800 2441.5075
18.1900 2440.5425
18.2000 2544.1250
18.2100 2584.5475
18.2200 2533.4300
18.2300 2494.1175
18.2400 2478.6025
18.2500 2555.2525
18.2600 2578.9725
18.2700 2437.1375
18.2800 2274.9025
18.2900 2216.6675
18.3000 2333.5550
18.3100 2513.6625
18.3200 2574.0175
18.3300 2515.5350
18.3400 2572.4275
18.3500 2645.3700
18.3600 2613.9375
18.3700 2628.5675
18.3800 2626.1100
18.3900 2600.0000
18.4000 2668.7850
18.4100 2825.6850
18.4200 2871.7925
18.4300 2910.0475
18.4400 2843.8200
18.4500 2732.5850
18.4600 2815.6400
18.4700 2982.1300
18.4800 3121.5325
18.4900 3170.4950
18.5000 3130.6950
18.5100 3216.6775
18.5200 3504.7750
18.5300 3823.1150
18.5400 4194.7725
18.5500 4395.5475
18.5600 4498.3100
18.5700 4915.3950
18.5800 5452.2725
18.5900 5935.6050
18.6000 6400.3025
18.6100 6617.1325
18.6200 6875.2700
18.6300 7253.3675
18.6400 7706.5350
18.6500 7882.5575
18.6600 7783.3325
18.6700 7805.0675
18.6800 7642.7950
18.6900 7267.1850
18.7000 6880.5650
18.7100 6286.0400
18.7200 5516.9975
18.7300 4926.4200
18.7400 4661.1875
18.7500 4347.1925
18.7600 3963.6050
18.7700 3735.1650
18.7800 3599.3225
18.7900 3346.0425
18.8000 3154.5050
18.8100 3225.7050
18.8200 3224.3975
18.8300 3006.6675
18.8400 2833.2675
18.8500 2984.2625
18.8600 2995.2775
18.8700 2820.7825
18.8800 2762.5100
18.8900 2828.9400
18.9000 2945.7425
18.9100 2888.0125
18.9200 2899.2200
18.9300 2991.6675
18.9400 3045.1500
18.9500 3161.5850
18.9600 3212.7075
18.9700 3191.8225
18.9800 3330.2200
18.9900 3524.0500
19.0000 3696.6900
19.0100 3999.5775
19.0200 4203.3250
19.0300 4209.1075
19.0400 4441.2150
19.0500 4736.7725
19.0600 5047.2375
19.0700 5774.7625
19.0800 6368.8450
19.0900 6792.1500
19.1000 7222.5950
19.1100 7506.0275
19.1200 7848.1075
19.1300 8157.6025
19.1400 8242.5525
19.1500 8284.0550
19.1600 8188.9225
19.1700 7741.7475
19.1800 7242.1525
19.1900 6704.3700
19.2000 6287.6725
19.2100 5827.9575
19.2200 5224.3025
19.2300 4879.1050
19.2400 4467.6575
19.2500 4011.7825
19.2600 3679.5000
19.2700 3508.4475
19.2800 3319.8100
19.2900 3132.2775
19.3000 3167.9200
19.3100 3098.5475
19.3200 2889.3525
19.3300 2889.3950
19.3400 2931.7850
19.3500 2931.1425
19.3600 2855.6475
19.3700 2746.6050
19.3800 2680.4250
19.3900 2700.3150
19.4000 2805.0875
19.4100 2820.0500
19.4200 2682.2375
19.4300 2637.9825
19.4400 2582.5475
19.4500 2529.3950
19.4600 2670.9250
19.4700 2676.5275
19.4800 2568.6700
19.4900 2670.6975
19.5000 2846.8975
19.5100 2762.1200
19.5200 2514.9375
19.5300 2426.8350
19.5400 2512.2700
19.5500 2596.9175
19.5600 2633.1275
19.5700 2553.2925
19.5800 2448.6475
19.5900 2395.2425
19.6000 2389.2925
19.6100 2399.9250
19.6200 2525.7075
19.6300 2664.1800
19.6400 2609.0600
19.6500 2504.8050
19.6600 2524.6475
19.6700 2523.2050
19.6800 2489.0200
19.6900 2529.3150
19.7000 2579.2675
19.7100 2632.7025
19.7200 2611.0950
19.7300 2443.2350
19.7400 2347.7825
19.7500 2391.6675
19.7600 2498.3550
19.7700 2629.3975
19.7800 2483.5250
19.7900 2364.5175
19.8000 2446.9725
19.8100 2524.5025
19.8200 2574.3900
19.8300 2477.5900
19.8400 2357.6550
19.8500 2344.0075
19.8600 2416.5200
19.8700 2408.4425
19.8800 2403.2075
19.8900 2411.7650
19.9000 2425.0325
19.9100 2354.9150
19.9200 2406.6325
19.9300 2413.3575
19.9400 2414.9350
19.9500 2444.7575
19.9600 2511.1350
19.9700 2520.7850
19.9800 2469.6175
19.9900 2535.8800
20.0000 2581.9050
20.0100 2582.8975
20.0200 2579.1875
20.0300 2497.7950
20.0400 2470.6750
20.0500 2500.5900
20.0600 2455.7525
20.0700 2405.8000
20.0800 2448.4250
20.0900 2617.6225
20.1000 2674.5825
20.1100 2611.1475
20.1200 2521.2500
20.1300 2430.1800
20.1400 2491.0750
20.1500 2590.5825
20.1600 2596.9175
20.1700 2589.6025
20.1800 2473.0425
20.1900 2424.8675
20.2000 2510.0775
20.2100 2586.4275
20.2200 2588.5800
20.2300 2503.3050
20.2400 2400.4425
20.2500 2464.4600
20.2600 2536.1075
20.2700 2568.5200
20.2800 2481.1900
20.2900 2543.9350
20.3000 2566.6100
20.3100 2585.7700
20.3200 2492.5850
20.3300 2395.9525
20.3400 2401.8350
20.3500 2547.4825
20.3600 2432.6700
20.3700 2418.9550
20.3800 2558.3325
20.3900 2561.2900
20.4000 2581.4175
20.4100 2561.2475
20.4200 2516.0950
20.4300 2588.7375
20.4400 2527.8450
20.4500 2457.0425
20.4600 2539.9125
20.4700 2513.7750
20.4800 2438.2600
20.4900 2596.4525
20.5000 2679.8675
20.5100 2598.6375
20.5200 2602.5050
20.5300 2666.7825
20.5400 2483.5400
20.5500 2539.7475
20.5600 2554.3675
20.5700 2447.4550
20.5800 2528.5250
20.5900 2630.5225
20.6000 2596.9750
20.6100 2524.8950
20.6200 2497.2425
20.6300 2513.8950
20.6400 2538.8650
20.6500 2635.8125
20.6600 2750.1725
20.6700 2716.5075
20.6800 2714.3275
20.6900 2649.8775
20.7000 2639.3725
20.7100 2624.1675
20.7200 2716.4775
20.7300 2657.5175
20.7400 2529.7050
20.7500 2599.7475
20.7600 2643.5275
20.7700 2745.5400
20.7800 2774.8775
20.7900 2667.9700
20.8000 2805.4375
20.8100 2946.9675
20.8200 2916.0500
20.8300 2851.3550
20.8400 2931.9900
20.8500 3030.5150
20.8600 3109.8075
20.8700 3063.5475
20.8800 3132.1950
20.8900 3403.5200
20.9000 3745.6825
20.9100 3734.9425
20.9200 3685.4700
20.9300 3950.6400
20.9400 4242.7125
20.9500 4512.3800
20.9600 4712.0075
20.9700 4743.1200
20.9800 4693.1625
20.9900 4675.9825
21.0000 4691.5225
21.0100 4563.1275
21.0200 4337.4925
21.0300 4194.1600
21.0400 4130.3875
21.0500 3892.2925
21.0600 3677.1125
21.0700 3575.9375
21.0800 3519.0050
21.0900 3356.3725
21.1000 3089.0200
21.1100 2897.7175
21.1200 2972.5850
21.1300 2774.1175
21.1400 2664.4950
21.1500 2712.0450
21.1600 2758.4800
21.1700 2783.2350
21.1800 2708.2350
21.1900 2615.4750
21.2000 2591.6675
21.2100 2643.7450
21.2200 2746.6775
21.2300 2665.5875
21.2400 2667.4775
21.2500 2815.2125
21.2600 2969.0200
21.2700 2769.1875
21.2800 2611.0875
21.2900 2581.9350
21.3000 2590.7800
21.3100 2580.4550
21.3200 2628.1225
21.3300 2685.7425
21.3400 2740.1150
21.3500 2628.0950
21.3600 2478.7050
21.3700 2580.7250
21.3800 2688.0850
21.3900 2543.6125
21.4000 2338.0150
21.4100 2463.9600
21.4200 2520.5550
21.4300 2510.5500
21.4400 2549.8000
21.4500 2613.0400
21.4600 2515.7700
21.4700 2510.4375
21.4800 2637.6975
21.4900 2673.9250
21.5000 2793.7025
21.5100 2891.9550
21.5200 2739.2275
21.5300 2691.1500
21.5400 2615.9750
21.5500 2543.8000
21.5600 2539.3625
21.5700 2533.7825
21.5800 2627.3600
21.5900 2717.0500
21.6000 2829.2700
21.6100 2774.5350
21.6200 2479.1275
21.6300 2474.9200
21.6400 2633.4100
21.6500 2639.1450
21.6600 2802.1525
21.6700 2719.6675
21.6800 2541.3750
21.6900 2599.8275
21.7000 2651.4375
21.7100 2719.1450
21.7200 2672.9800
21.7300 2688.8175
21.7400 2746.2900
21.7500 2686.3300
21.7600 2650.5600
21.7700 2746.4100
21.7800 2730.1200
21.7900 2748.6775
21.8000 2551.8575
21.8100 2495.0950
21.8200 2661.2075
21.8300 2746.4225
21.8400 2793.3750
21.8500 2747.6150
21.8600 2821.0850
21.8700 2715.3950
21.8800 2713.9675
21.8900 2841.4700
21.9000 2915.4925
21.9100 2847.3300
21.9200 2692.8975
21.9300 2620.9700
21.9400 2772.5025
21.9500 2827.5750
21.9600 2776.0700
21.9700 2851.8200
21.9800 2824.0400
21.9900 2915.7050
22.0000 2974.7175
22.0100 3093.4975
22.0200 3120.0550
22.0300 3115.3675
22.0400 2876.0600
22.0500 2985.5700
22.0600 2980.0600
22.0700 3184.0250
22.0800 3306.5500
22.0900 3321.3350
22.1000 3438.9700
22.1100 3620.3975
22.1200 3802.2950
22.1300 4017.4750
22.1400 4243.2450
22.1500 4401.0875
22.1600 4565.8450
22.1700 4984.1225
22.1800 5609.5200
22.1900 5805.3150
22.2000 6837.7600
22.2100 7055.7825
22.2200 7377.7675
22.2300 8131.1275
22.2400 8575.8200
22.2500 8943.3425
22.2600 9053.4675
22.2700 9486.6150
22.2800 9530.2325
22.2900 9376.7350
22.3000 9233.3200
22.3100 8629.0075
22.3200 8026.6175
22.3300 7598.3000
22.3400 6984.3900
22.3500 6530.9700
22.3600 6068.6650
22.3700 5400.1800
22.3800 4962.3975
22.3900 4525.0350
22.4000 4211.6425
22.4100 4028.2475
22.4200 3728.9625
22.4300 3427.1075
22.4400 3296.3325
22.4500 3316.6675
22.4600 3295.0725
22.4700 3172.3475
22.4800 3005.6325
22.4900 2844.9025
22.5000 2997.7125
22.5100 2937.9100
22.5200 2866.7800
22.5300 2808.1525
22.5400 2872.8850
22.5500 2807.1650
22.5600 2744.2400
22.5700 2825.9650
22.5800 2788.7325
22.5900 2756.0025
22.6000 2689.9500
22.6100 2802.8975
22.6200 2803.6825
22.6300 2728.7375
22.6400 2670.9575
22.6500 2683.1200
22.6600 2661.5200
22.6700 2786.5725
22.6800 2901.1025
22.6900 2788.9325
22.7000 2815.2725
22.7100 2790.2975
22.7200 2738.6725
22.7300 2911.3325
22.7400 2775.3600
22.7500 2659.5400
22.7600 2724.6125
22.7700 2812.3850
22.7800 2823.9225
22.7900 2773.6625
22.8000 2766.6675
22.8100 2748.1025
22.8200 2650.0000
22.8300 2642.1175
22.8400 2583.0000
22.8500 2509.8900
22.8600 2622.5850
22.8700 2698.7100
22.8800 2681.4000
22.8900 2593.0650
22.9000 2430.6500
22.9100 2518.4550
22.9200 2554.8525
22.9300 2455.4525
22.9400 2562.0175
22.9500 2737.4100
22.9600 2773.7525
22.9700 2552.8775
22.9800 2432.3375
22.9900 2487.1700
23.0000 2578.9200
23.0100 2685.5400
23.0200 2584.4150
23.0300 2504.7900
23.0400 2583.3325
23.0500 2556.1725
23.0600 2389.3175
23.0700 2410.0700
23.0800 2608.7175
23.0900 2546.5150
23.1000 2772.9750
23.1100 2702.6075
23.1200 2647.3025
23.1300 2541.9975
23.1400 2638.7275
23.1500 2580.1225
23.1600 2685.6275
23.1700 2805.0050
23.1800 2774.5050
23.1900 2725.4475
23.2000 2771.3250
23.2100 2725.3225
23.2200 2950.0000
23.2300 2952.1475
23.2400 2935.6975
23.2500 2701.6375
23.2600 2573.3500
23.2700 2800.0675
23.2800 2823.8725
23.2900 2577.1025
23.3000 2525.0725
23.3100 2476.9325
23.3200 2556.1250
23.3300 2595.9400
23.3400 2557.5850
23.3500 2491.6675
23.3600 2497.6500
23.3700 2555.5475
23.3800 2651.4350
23.3900 2593.1425
23.4000 2557.2500
23.4100 2672.0950
23.4200 2630.7550
23.4300 2492.8975
23.4400 2556.2100
23.4500 2478.7800
23.4600 2497.0675
23.4700 2437.2600
23.4800 2630.5025
23.4900 2345.3525
23.5000 2382.3250
23.5100 2462.5950
23.5200 2637.8525
23.5300 2638.1700
23.5400 2338.6875
23.5500 2388.6525
23.5600 2428.9275
23.5700 2408.2950
23.5800 2535.2200
23.5900 2397.9700
23.6000 2337.5000
23.6100 2578.0325
23.6200 2453.2550
23.6300 2430.1900
23.6400 2628.3400
23.6500 2651.7000
23.6600 2582.6100
23.6700 2487.7350
23.6800 2398.5450
23.6900 2602.1550
23.7000 2468.2675
23.7100 2499.2275
23.7200 2652.3675
23.7300 2678.9175
23.7400 2693.3375
23.7500 2472.0700
23.7600 2527.2975
23.7700 2546.1975
23.7800 2510.5975
23.7900 2547.5675
23.8000 2683.4875
23.8100 2597.0500
23.8200 2569.5950
23.8300 2592.0100
23.8400 2512.6575
23.8500 2555.4725
23.8600 2512.2300
23.8700 2372.8875
23.8800 2361.8675
23.8900 2490.9750
23.9000 2481.2725
23.9100 2474.6825
23.9200 2650.2275
23.9300 2548.9550
23.9400 2462.9225
23.9500 2693.8425
23.9600 2508.6750
23.9700 2331.5575
23.9800 2516.0350
23.9900 2603.2450
24.0000 2549.2325
24.0100 2646.0425
24.0200 2685.1350
24.0300 2501.8400
24.0400 2528.0400
24.0500 2571.4875
24.0600 2637.5125
24.0700 2696.9900
24.0800 2773.6975
24.0900 2870.1475
24.1000 2930.4575
24.1100 3105.8550
24.1200 2972.4225
24.1300 3178.3825
24.1400 3332.8275
24.1500 3224.1925
24.1600 3470.5700
24.1700 3773.6325
24.1800 3878.7125
24.1900 3931.7600
24.2000 3932.2125
24.2100 4307.5875
24.2200 4561.6850
24.2300 4763.7775
24.2400 5104.3575
24.2500 5038.2275
24.2600 4986.7350
24.2700 5043.5875
24.2800 5067.8750
24.2900 4954.2250
24.3000 5037.9900
24.3100 5234.0375
24.3200 4808.5150
24.3300 4657.7175
24.3400 4461.9925
24.3500 3786.8250
24.3600 3835.3475
24.3700 3559.0075
24.3800 3406.1675
24.3900 3203.3600
24.4000 3105.8800
24.4100 3051.4725
24.4200 2918.6575
24.4300 2950.0875
24.4400 2778.3000
24.4500 2680.3450
24.4600 2791.2900
24.4700 2782.2200
24.4800 2755.0450
24.4900 2676.8525
24.5000 2540.0700
24.5100 2683.6375
24.5200 2499.6575
24.5300 2496.7400
24.5400 2619.3300
24.5500 2683.3325
24.5600 2677.5375
24.5700 2545.9975
24.5800 2860.1325
24.5900 2688.6100
24.6000 2611.3375
24.6100 2691.6675
24.6200 2693.9825
24.6300 2761.4600
24.6400 2845.8175
24.6500 2725.8200
24.6600 2746.5150
24.6700 2634.8400
24.6800 2434.7750
24.6900 2747.9625
24.7000 2942.3600
24.7100 2692.6300
24.7200 2720.5200
24.7300 2566.6675
24.7400 2568.9175
24.7500 2651.9775
24.7600 2721.3575
24.7700 2588.5575
24.7800 2795.7375
24.7900 2954.7650
24.8000 2805.6325
24.8100 2692.2300
24.8200 2716.4850
24.8300 2708.5100
24.8400 2715.9800
24.8500 2685.8275
24.8600 2805.5975
24.8700 2664.6450
24.8800 2561.9400
24.8900 2758.9125
24.9000 2792.9225
24.9100 2868.6825
24.9200 2989.6025
24.9300 2854.4975
24.9400 2603.4325
24.9500 2843.2500
24.9600 2956.0700
24.9700 2783.0250
24.9800 2757.9450
24.9900 2726.1025
25.0000 2827.6000
25.0100 3074.0225
25.0200 2976.5225
25.0300 3140.3925
25.0400 2991.6000
25.0500 2983.6950
25.0600 3032.2875
25.0700 2875.2975
25.0800 2925.1325
25.0900 2950.1175
25.1000 2975.4750
25.1100 3091.2950
25.1200 2983.3100
25.1300 2975.3450
25.1400 3133.5025
25.1500 3241.5600
25.1600 3125.0275
25.1700 3216.6350
25.1800 3624.6075
25.1900 3367.0775
25.2000 3674.3150
25.2100 3400.7825
25.2200 3599.3050
25.2300 3741.0850
25.2400 4048.5425
25.2500 4141.1750
25.2600 4357.0375
25.2700 4432.8375
25.2800 4557.4300
25.2900 4880.7800
25.3000 5618.7125
25.3100 6070.9050
25.3200 6314.3150
25.3300 7034.1625
25.3400 7379.5850
25.3500 7877.5350
25.3600 8492.4650
25.3700 8582.2625
25.3800 9051.9375
25.3900 9822.4175
25.4000 9981.1275
25.4100 9769.9875
25.4200 9709.2625
25.4300 9528.0375
25.4400 8918.9350
25.4500 8761.0050
25.4600 8079.4150
25.4700 7739.6825
25.4800 7439.2350
25.4900 6878.1625
25.5000 6475.0300
25.5100 6164.9700
25.5200 5783.4875
25.5300 5660.9875
25.5400 5682.7500
25.5500 5748.4000
25.5600 5904.4375
25.5700 6095.1650
25.5800 6189.2975
25.5900 6540.5175
25.6000 7222.9400
25.6100 7573.8725
25.6200 8498.3450
25.6300 9625.5550
25.6400 10483.2275
25.6500 10969.0125
25.6600 12606.8025
25.6700 13933.6850
25.6800 15443.1450
25.6900 17321.6550
25.7000 19719.7225
25.7100 21080.1750
25.7200 22694.0300
25.7300 24631.6425
25.7400 25808.9825
25.7500 27673.0400
25.7600 29322.7725
25.7700 29736.2500
25.7800 29052.6300
25.7900 28384.1475
25.8000 26941.3500
25.8100 24963.2200
25.8200 22740.5675
25.8300 21027.9675
25.8400 18770.3800
25.8500 16815.6225
25.8600 15537.0700
25.8700 13084.3600
25.8800 10999.6925
25.8900 10176.0250
25.9000 8837.0775
25.9100 7582.5375
25.9200 7000.6500
25.9300 6308.0700
25.9400 5687.8425
25.9500 5317.3650
25.9600 4903.7775
25.9700 4732.8650
25.9800 4725.0000
25.9900 4487.7200
26.0000 4261.5850
26.0100 4178.9075
26.0200 3930.2800
26.0300 3885.1100
26.0400 3780.8400
26.0500 3688.3300
26.0600 3832.9400
26.0700 3818.0600
26.0800 3431.3300
26.0900 3526.2175
26.1000 3682.5575
26.1100 3534.6875
26.1200 3454.4050
26.1300 3512.7100
26.1400 3399.1600
26.1500 3360.3525
26.1600 3186.2100
26.1700 3214.0950
26.1800 3169.7850
26.1900 3119.8150
26.2000 3179.0975
26.2100 3152.1375
26.2200 3087.6500
26.2300 3114.4875
26.2400 2992.1250
26.2500 3208.9175
26.2600 3022.8825
26.2700 2985.0275
26.2800 2758.1825
26.2900 3005.4675
26.3000 3040.5075
26.3100 3033.9175
26.3200 3010.1025
26.3300 2930.9450
26.3400 2855.3950
26.3500 2757.2525
26.3600 2649.5900
26.3700 2788.3275
26.3800 2884.8550
26.3900 2883.9575
26.4000 2698.4375
26.4100 2845.0150
26.4200 2950.6625
26.4300 3019.8475
26.4400 2902.0525
26.4500 2891.6675
26.4600 2669.1125
26.4700 2603.9850
26.4800 2661.3150
26.4900 2812.1950
26.5000 2825.0000
26.5100 2748.5050
26.5200 2756.9550
26.5300 2926.4025
26.5400 2926.3975
26.5500 2680.8500
26.5600 2711.7075
26.5700 2891.9225
26.5800 2946.4075
26.5900 2843.4625
26.6000 2909.3825
26.6100 2886.2675
26.6200 2777.0025
26.6300 2842.5675
26.6400 2751.3925
26.6500 2734.0875
26.6600 2672.7300
26.6700 2757.5125
26.6800 2728.8400
26.6900 2717.4400
26.7000 2830.0000
26.7100 2788.8125
26.7200 2655.0550
26.7300 2724.6150
26.7400 2808.6925
26.7500 2786.5425
26.7600 2745.7025
26.7700 2756.7100
26.7800 2765.8500
26.7900 2736.6200
26.8000 2778.3725
26.8100 2798.3375
26.8200 2635.0750
26.8300 2706.5675
26.8400 2918.8100
26.8500 2889.2925
26.8600 2711.3625
26.8700 2983.0800
26.8800 2979.3300
26.8900 2840.6775
26.9000 2832.4575
26.9100 2863.1425
26.9200 2814.5325
26.9300 2622.2650
26.9400 2540.4975
26.9500 2763.7550
26.9600 2799.0950
26.9700 2636.6900
26.9800 2557.3200
26.9900 2727.9200
27.0000 2764.8175
27.0100 2781.4750
27.0200 2916.5100
27.0300 2955.5150
27.0400 2973.1100
27.0500 2709.1725
27.0600 2534.7950
27.0700 2730.5225
27.0800 2817.2900
27.0900 2847.0925
27.1000 2666.0075
27.1100 2906.4400
27.1200 3051.9150
27.1300 2809.5900
27.1400 2723.6175
27.1500 2973.4025
27.1600 2971.6800
27.1700 2732.2475
27.1800 2919.6225
27.1900 3052.4225
27.2000 2730.3600
27.2100 2734.4775
27.2200 2829.2825
27.2300 2768.7025
27.2400 2780.2075
27.2500 2790.6200
27.2600 2660.5950
27.2700 2845.4225
27.2800 2758.6450
27.2900 2712.5975
27.3000 2642.9725
27.3100 2705.9100
27.3200 2694.9075
27.3300 2800.3850
27.3400 2708.0225
27.3500 2698.9050
27.3600 2671.0675
27.3700 2876.2925
27.3800 2828.8750
27.3900 2693.9475
27.4000 2696.6425
27.4100 2613.4925
27.4200 2657.6325
27.4300 2760.2575
27.4400 2875.7225
27.4500 2812.5800
27.4600 2879.0325
27.4700 2884.4875
27.4800 2947.9100
27.4900 2829.2675
27.5000 2836.9950
27.5100 2612.5275
27.5200 2589.3125
27.5300 2563.0625
27.5400 2601.2100
27.5500 2544.0625
27.5600 2626.1075
27.5700 2748.6400
27.5800 2709.6525
27.5900 2586.0475
27.6000 2552.4325
27.6100 2699.3575
27.6200 2703.6775
27.6300 2785.2325
27.6400 2913.5650
27.6500 2919.1475
27.6600 3037.1650
27.6700 2803.3325
27.6800 2659.2350
27.6900 2669.9625
27.7000 2851.7225
27.7100 2805.6300
27.7200 2622.2450
27.7300 2676.3200
27.7400 2698.7150
27.7500 2777.4925
27.7600 2784.6275
27.7700 2797.4025
27.7800 2645.3350
27.7900 2771.2275
27.8000 2764.8975
27.8100 2709.2225
27.8200 2735.0550
27.8300 2573.5175
27.8400 2751.7075
27.8500 2959.5825
27.8600 2921.7500
27.8700 2957.2425
27.8800 2834.0075
27.8900 2829.2650
27.9000 2805.4425
27.9100 2883.6125
27.9200 2837.3350
27.9300 2936.3275
27.9400 2993.1000
27.9500 2923.5675
27.9600 3026.3750
27.9700 2994.4900
27.9800 2934.7950
27.9900 3035.8650
28.0000 3079.1075
28.0100 3145.6100
28.0200 3255.1400
28.0300 3192.0825
28.0400 3320.0075
28.0500 3460.4050
28.0600 3614.3475
28.0700 3944.8550
28.0800 4111.6200
28.0900 4126.4525
28.1000 4317.5350
28.1100 4715.6475
28.1200 4736.7325
28.1300 4972.0250
28.1400 5347.2800
28.1500 5848.3550
28.1600 6201.8675
28.1700 6682.5725
28.1800 6802.3500
28.1900 6869.8300
28.2000 7026.7250
28.2100 7167.5075
28.2200 7307.5825
28.2300 7088.0375
28.2400 6672.4600
28.2500 6557.6450
28.2600 6216.8325
28.2700 5693.2275
28.2800 5401.5550
28.2900 5358.3325
28.3000 4917.6275
28.3100 4586.3075
28.3200 4228.6600
28.3300 4083.9100
28.3400 3938.2100
28.3500 3651.6025
28.3600 3551.1600
28.3700 3359.5125
28.3800 3208.8000
28.3900 3203.5450
28.4000 3114.0850
28.4100 3024.3950
28.4200 2927.6650
28.4300 3089.7100
28.4400 3133.3325
28.4500 3213.8300
28.4600 3139.4875
28.4700 3022.8875
28.4800 3133.8725
28.4900 3240.2425
28.5000 3271.7025
28.5100 3201.5275
28.5200 3076.5425
28.5300 3070.0100
28.5400 3075.0000
28.5500 3128.2800
28.5600 3095.0800
28.5700 2983.5775
28.5800 3038.0800
28.5900 3111.4600
28.6000 3111.7275
28.6100 3015.4975
28.6200 3077.8100
28.6300 2868.2450
28.6400 2768.6325
28.6500 2976.5275
28.6600 3020.1200
28.6700 2950.6425
28.6800 2742.0050
28.6900 2500.4775
28.7000 2614.6975
28.7100 2770.2450
28.7200 2806.5775
28.7300 2696.5850
28.7400 2765.1975
28.7500 2666.9525
28.7600 2607.0975
28.7700 2645.8800
28.7800 2730.3775
28.7900 2723.8225
28.8000 2847.4625
28.8100 2876.7975
28.8200 2757.4575
28.8300 2803.3050
28.8400 2681.5475
28.8500 2713.3400
28.8600 2752.8650
28.8700 2901.4675
28.8800 2870.1525
28.8900 2726.5675
28.9000 2620.2575
28.9100 2671.3550
28.9200 2639.8100
28.9300 2670.3400
28.9400 2650.9725
28.9500 2693.4075
28.9600 2714.7950
28.9700 2807.0775
28.9800 2684.9125
28.9900 2648.1150
29.0000 2495.3575
29.0100 2707.5475
29.0200 2661.0900
29.0300 2567.1400
29.0400 2427.9400
29.0500 2539.3125
29.0600 2743.6975
29.0700 2625.0125
29.0800 2549.3800
29.0900 2554.4675
29.1000 2539.1475
29.1100 2610.0175
29.1200 2652.4900
29.1300 2709.3800
29.1400 2661.2400
29.1500 2711.7500
29.1600 2777.8975
29.1700 2588.1000
29.1800 2518.6425
29.1900 2548.4250
29.2000 2685.2725
29.2100 2642.5525
29.2200 2642.0150
29.2300 2770.3175
29.2400 2732.4025
29.2500 2556.5850
29.2600 2596.7850
29.2700 2599.7475
29.2800 2572.7425
29.2900 2654.9150
29.3000 2670.7350
29.3100 2647.7850
29.3200 2761.1575
29.3300 2699.4550
29.3400 2716.9000
29.3500 2840.0000
29.3600 2893.8100
29.3700 2737.1175
29.3800 2576.9150
29.3900 2535.4125
29.4000 2789.5925
29.4100 2912.4725
29.4200 2825.1525
29.4300 2691.8950
29.4400 2627.1800
29.4500 2591.7625
29.4600 2701.5350
29.4700 2797.6125
29.4800 2860.1475
29.4900 2937.0650
29.5000 2896.3150
29.5100 2769.6525
29.5200 2789.0625
29.5300 2752.6500
29.5400 2727.1500
29.5500 2978.2750
29.5600 3011.1125
29.5700 2855.9775
29.5800 2937.7525
29.5900 2884.8050
29.6000 2831.5400
29.6100 2966.4100
29.6200 3207.1125
29.6300 3225.8925
29.6400 3220.6000
29.6500 3335.3175
29.6600 3472.9825
29.6700 3447.1425
29.6800 3522.8275
29.6900 3729.3950
29.7000 3987.0075
29.7100 4107.1300
29.7200 4417.5450
29.7300 4799.0425
29.7400 5100.8025
29.7500 5466.8425
29.7600 5811.9325
29.7700 6233.8650
29.7800 6673.7350
29.7900 6906.8175
29.8000 7301.2275
29.8100 7687.4650
29.8200 7728.9200
29.8300 7871.4400
29.8400 7716.0350
29.8500 7337.8050
29.8600 7363.6050
29.8700 7139.6825
29.8800 7015.2850
29.8900 6599.5425
29.9000 6093.2775
29.9100 5694.2525
29.9200 5531.6975
29.9300 5262.6600
29.9400 4969.0925
29.9500 4622.4675
29.9600 4319.4150
29.9700 4104.3025
29.9800 3685.9825
29.9900 3470.1150
30.0000 3262.9375
30.0100 3114.2800
30.0200 3041.6975
30.0300 2929.9125
30.0400 2951.0475
30.0500 3052.1300
30.0600 3136.6875
30.0700 3063.5600
30.0800 2936.2250
30.0900 2988.7025
30.1000 3007.2750
30.1100 2958.6750
30.1200 2959.3625
30.1300 3013.8175
30.1400 3062.7775
30.1500 2939.6700
30.1600 2718.7225
30.1700 2702.8650
30.1800 2789.5600
30.1900 2840.1225
30.2000 2932.0275
30.2100 2913.9775
30.2200 2938.4600
30.2300 3010.9325
30.2400 2980.7775
30.2500 2899.9875
30.2600 2717.6025
30.2700 2848.0350
30.2800 2974.0700
30.2900 2956.7775
30.3000 3057.8600
30.3100 3207.0150
30.3200 3041.2075
30.3300 2892.0525
30.3400 2889.8250
30.3500 2952.0650
30.3600 3032.8000
30.3700 3150.7325
30.3800 3145.5075
30.3900 3142.2950
30.4000 3150.0000
30.4100 3052.1625
30.4200 3163.5875
30.4300 3181.6275
30.4400 3278.8775
30.4500 3287.4525
30.4600 3238.0150
30.4700 3156.2975
30.4800 3165.0425
30.4900 3463.3825
30.5000 3437.4875
30.5100 3366.6675
30.5200 3400.8675
30.5300 3752.6925
30.5400 3965.2375
30.5500 3974.6100
30.5600 4080.2750
30.5700 4366.0225
30.5800 4452.3175
30.5900 4770.2575
30.6000 5140.0925
30.6100 5281.2550
30.6200 5695.5225
30.6300 6086.5650
30.6400 6397.6650
30.6500 7255.1300
30.6600 8072.7200
30.6700 8910.4475
30.6800 9697.2950
30.6900 10590.3150
30.7000 11682.5425
30.7100 12635.6675
30.7200 13891.0925
30.7300 15222.7200
30.7400 16278.9375
30.7500 16848.5800
30.7600 17069.8600
30.7700 17250.4675
30.7800 17311.0975
30.7900 17046.7825
30.8000 16660.9125
30.8100 16027.8450
30.8200 14931.4325
30.8300 13632.2650
30.8400 12754.0325
30.8500 12262.1375
30.8600 11090.9700
30.8700 9903.7250
30.8800 8799.4625
30.8900 8237.3875
30.9000 7532.9550
30.9100 6913.9325
30.9200 6054.4350
30.9300 5208.1825
30.9400 4689.3700
30.9500 4511.6125
30.9600 4305.3825
30.9700 3989.3800
30.9800 3902.3450
30.9900 3818.3200
31.0000 3783.0425
31.0100 3677.1425
31.0200 3649.3575
31.0300 3574.1300
31.0400 3476.0550
31.0500 3558.6625
31.0600 3654.6625
31.0700 3691.2700
31.0800 3705.4175
31.0900 3600.0775
31.1000 3417.2900
31.1100 3322.9875
31.1200 3286.7425
31.1300 3188.7225
31.1400 3190.1525
31.1500 3329.6900
31.1600 3208.8500
31.1700 3054.6150
31.1800 3089.4000
31.1900 3076.7450
31.2000 3039.2875
31.2100 2969.1175
31.2200 2885.2175
31.2300 2831.6275
31.2400 2902.0425
31.2500 2843.3850
31.2600 2740.7275
31.2700 2594.2950
31.2800 2519.6850
31.2900 2452.9450
31.3000 2692.5300
31.3100 2786.4025
31.3200 2596.4525
31.3300 2545.3600
31.3400 2519.1075
31.3500 2591.9725
31.3600 2718.5625
31.3700 2647.6850
31.3800 2409.6300
31.3900 2360.9200
31.4000 2538.7625
31.4100 2583.0150
31.4200 2547.8475
31.4300 2536.4300
31.4400 2460.0750
31.4500 2432.3500
31.4600 2598.3350
31.4700 2681.2325
31.4800 2497.7950
31.4900 2454.1475
31.5000 2429.2500
31.5100 2396.8625
31.5200 2514.2025
31.5300 2526.2900
31.5400 2413.9575
31.5500 2330.4375
31.5600 2406.5675
31.5700 2575.1325
31.5800 2466.2350
31.5900 2239.7775
31.6000 2269.6525
31.6100 2410.4950
31.6200 2509.7225
31.6300 2510.8650
31.6400 2501.9225
31.6500 2487.8400
31.6600 2469.8825
31.6700 2487.1175
31.6800 2500.0000
31.6900 2459.1825
31.7000 2382.3650
31.7100 2512.9325
31.7200 2677.7025
31.7300 2589.6375
31.7400 2493.1050
31.7500 2493.4750
31.7600 2570.9150
31.7700 2631.8475
31.7800 2565.8450
31.7900 2546.9625
31.8000 2491.0025
31.8100 2461.8225
31.8200 2449.8325
31.8300 2453.4475
31.8400 2567.1275
31.8500 2578.1375
31.8600 2511.5925
31.8700 2441.5950
31.8800 2378.3225
31.8900 2393.3100
31.9000 2521.4825
31.9100 2621.5825
31.9200 2621.7450
31.9300 2568.5300
31.9400 2621.1850
31.9500 2635.2825
31.9600 2528.9850
31.9700 2554.2625
31.9800 2563.7950
31.9900 2558.0500
32.0000 2575.0000
32.0100 2708.1800
32.0200 2760.5825
32.0300 2713.6450
32.0400 2695.0825
32.0500 2706.4000
32.0600 2780.4425
32.0700 2849.5025
32.0800 2847.0850
32.0900 2955.5775
32.1000 3168.6600
32.1100 3253.4550
32.1200 3269.4950
32.1300 3356.3575
32.1400 3379.1550
32.1500 3581.7775
32.1600 3814.4475
32.1700 4031.4550
32.1800 4324.2875
32.1900 4643.4375
32.2000 4821.9775
32.2100 4946.5025
32.2200 5219.0950
32.2300 5578.4950
32.2400 5978.5850
32.2500 6211.1725
32.2600 6437.1225
32.2700 6752.3275
32.2800 6730.1425
32.2900 6497.1225
32.3000 6370.1225
32.3100 6231.9375
32.3200 6107.1100
32.3300 6055.9600
32.3400 5770.6575
32.3500 5419.4450
32.3600 5241.9225
32.3700 5035.3075
32.3800 4713.1600
32.3900 4430.6975
32.4000 4177.5150
32.4100 4030.0350
32.4200 3772.7900
32.4300 3511.6750
32.4400 3186.8050
32.4500 3072.5275
32.4600 3085.4000
32.4700 2910.5300
32.4800 2850.4350
32.4900 2789.8850
32.5000 2590.6600
32.5100 2528.9575
32.5200 2535.0525
32.5300 2558.5200
32.5400 2549.8625
32.5500 2576.9800
32.5600 2625.0000
32.5700 2546.3175
32.5800 2506.4475
32.5900 2585.0250
32.6000 2490.3675
32.6100 2467.1250
32.6200 2472.6575
32.6300 2407.4775
32.6400 2400.0000
32.6500 2413.7525
32.6600 2434.1575
32.6700 2533.1250
32.6800 2503.2850
32.6900 2480.5325
32.7000 2556.1150
32.7100 2511.2900
32.7200 2512.8750
32.7300 2576.4925
32.7400 2668.7425
32.7500 2719.7475
32.7600 2531.9450
32.7700 2374.3000
32.7800 2465.9200
32.7900 2554.5050
32.8000 2630.3400
32.8100 2592.7825
32.8200 2472.4200
32.8300 2535.8200
32.8400 2648.0125
32.8500 2558.7200
32.8600 2587.8650
32.8700 2789.2200
32.8800 2804.2925
32.8900 2785.5975
32.9000 2909.9925
32.9100 2987.2275
32.9200 3063.1225
32.9300 3097.9150
32.9400 3040.1375
32.9500 3166.8050
32.9600 3397.0225
32.9700 3544.9950
32.9800 3705.5725
32.9900 3857.1100
33.0000 4048.7325
33.0100 4210.0550
33.0200 4477.9750
33.0300 4910.1875
33.0400 5317.8400
33.0500 5787.3100
33.0600 6220.1525
33.0700 6783.3125
33.0800 7575.5050
33.0900 8166.1300
33.1000 8523.2175
33.1100 9232.5750
33.1200 10234.0325
33.1300 10790.8725
33.1400 10930.7150
33.1500 11095.4500
33.1600 11448.9125
33.1700 11451.9050
33.1800 10946.0325
33.1900 10345.7550
33.2000 9845.1075
33.2100 9457.7700
33.2200 9113.2525
33.2300 8596.4150
33.2400 7757.1700
33.2500 7058.2350
33.2600 6604.4575
33.2700 6087.0500
33.2800 5521.0275
33.2900 4979.8525
33.3000 4480.6125
33.3100 4090.0400
33.3200 3824.0375
33.3300 3557.1500
33.3400 3349.6950
33.3500 3212.0900
33.3600 3053.9325
33.3700 2954.1125
33.3800 2883.3125
33.3900 2745.9200
33.4000 2620.9000
33.4100 2761.8650
33.4200 2875.2975
33.4300 2667.6450
33.4400 2545.6025
33.4500 2661.6825
33.4600 2725.2675
33.4700 2584.7500
33.4800 2392.6825
33.4900 2292.0400
33.5000 2385.5200
33.5100 2569.7225
33.5200 2600.6400
33.5300 2464.6475
33.5400 2305.3600
33.5500 2298.8275
33.5600 2362.1900
33.5700 2395.2850
33.5800 2440.9750
33.5900 2414.0775
33.6000 2402.7675
33.6100 2445.9675
33.6200 2361.1150
33.6300 2307.1725
33.6400 2409.9325
33.6500 2439.2275
33.6600 2439.7125
33.6700 2399.7175
33.6800 2288.0250
33.6900 2239.1275
33.7000 2223.8800
33.7100 2321.5300
33.7200 2352.3850
33.7300 2367.3525
33.7400 2433.7550
33.7500 2353.9000
33.7600 2275.0000
33.7700 2318.3175
33.7800 2307.6875
33.7900 2304.4825
33.8000 2422.0400
33.8100 2451.5150
33.8200 2413.2750
33.8300 2415.6075
33.8400 2476.1875
33.8500 2427.7525
33.8600 2242.8750
33.8700 2212.6225
33.8800 2244.0250
33.8900 2235.3925
33.9000 2282.1050
33.9100 2261.4650
33.9200 2108.9375
33.9300 2090.8925
33.9400 2274.1975
33.9500 2303.3750
33.9600 2281.2725
33.9700 2197.6375
33.9800 2039.9900
33.9900 2076.8225
34.0000 2150.7350
34.0100 2206.1425
34.0200 2253.0400
34.0300 2201.5450
34.0400 2187.1075
34.0500 2180.3625
34.0600 2189.2400
34.0700 2164.0825
34.0800 2159.9975
34.0900 2308.2075
34.1000 2411.2125
34.1100 2447.3875
34.1200 2374.4200
34.1300 2261.1575
34.1400 2275.0000
34.1500 2271.2925
34.1600 2225.9600
34.1700 2171.3050
34.1800 2240.4300
34.1900 2307.5600
34.2000 2311.7575
34.2100 2339.9850
34.2200 2327.6575
34.2300 2403.8375
34.2400 2410.3150
34.2500 2345.8250
34.2600 2401.5250
34.2700 2399.5750
34.2800 2388.4225
34.2900 2507.1625
34.3000 2635.8400
34.3100 2548.9950
34.3200 2467.0825
34.3300 2518.9550
34.3400 2614.8325
34.3500 2662.7825
34.3600 2553.6075
34.3700 2605.9450
34.3800 2682.0150
34.3900 2722.7625
34.4000 2671.4500
34.4100 2815.5375
34.4200 3080.3550
34.4300 3194.9225
34.4400 3293.2675
34.4500 3470.0200
34.4600 3603.5125
34.4700 3657.4250
34.4800 3903.5150
34.4900 4254.8175
34.5000 4504.6275
34.5100 4785.7700
34.5200 4908.9775
34.5300 4993.5625
34.5400 5407.8525
34.5500 5610.5650
34.5600 5525.2725
34.5700 5504.5400
34.5800 5561.7700
34.5900 5600.9700
34.6000 5605.4900
34.6100 5486.9875
34.6200 5418.5675
34.6300 5201.8150
34.6400 4747.7275
34.6500 4541.0825
34.6600 4407.0325
34.6700 4171.8275
34.6800 3903.7850
34.6900 3662.4825
34.7000 3472.8600
34.7100 3252.5600
34.7200 3038.2525
34.7300 3018.3550
34.7400 3023.3325
34.7500 2935.1325
34.7600 2805.0750
34.7700 2642.4250
34.7800 2491.2850
34.7900 2596.3800
34.8000 2608.7175
34.8100 2505.7200
34.8200 2490.6375
34.8300 2581.8400
34.8400 2517.6350
34.8500 2428.6175
34.8600 2359.4975
34.8700 2299.5800
34.8800 2318.5150
34.8900 2337.4575
34.9000 2373.6450
34.9100 2471.1400
34.9200 2559.9400
34.9300 2326.7900
34.9400 2189.7400
34.9500 2212.7875
34.9600 2214.1925
34.9700 2221.5350
34.9800 2289.6875
34.9900 2274.6375
35.0000 2268.1350
35.0100 2296.5850
35.0200 2212.1925
35.0300 2184.5825
35.0400 2263.6275
35.0500 2312.5225
35.0600 2298.9700
35.0700 2244.7850
35.0800 2222.0025
35.0900 2224.6650
35.1000 2289.7500
35.1100 2208.8825
35.1200 2186.6800
35.1300 2282.4350
35.1400 2248.2425
35.1500 2247.3075
35.1600 2296.9425
35.1700 2279.4650
35.1800 2352.6925
35.1900 2440.7375
35.2000 2278.0300
35.2100 2285.4750
35.2200 2355.4625
35.2300 2303.7075
35.2400 2364.0450
35.2500 2439.3275
35.2600 2464.9500
35.2700 2497.6325
35.2800 2517.2625
35.2900 2586.7875
35.3000 2665.5550
35.3100 2615.5975
35.3200 2612.8275
35.3300 2601.9300
35.3400 2594.8925
35.3500 2782.4250
35.3600 2688.6350
35.3700 2607.0700
35.3800 2634.6725
35.3900 2638.8375
35.4000 2793.0725
35.4100 2843.8925
35.4200 2842.5975
35.4300 2934.7825
35.4400 3039.6075
35.4500 3077.6125
35.4600 3155.1325
35.4700 3350.6225
35.4800 3363.0800
35.4900 3407.8250
35.5000 3619.2025
35.5100 3653.6925
35.5200 3952.1825
35.5300 4328.0550
35.5400 4430.9100
35.5500 4605.9575
35.5600 4894.7650
35.5700 5380.5600
35.5800 5891.5425
35.5900 6276.3525
35.6000 6976.8225
35.6100 7513.8350
35.6200 8338.4375
35.6300 8855.5975
35.6400 9090.1625
35.6500 9727.6075
35.6600 10068.4425
35.6700 10231.4525
35.6800 10250.9775
35.6900 9910.3400
35.7000 9632.5800
35.7100 9121.6025
35.7200 8640.2500
35.7300 8398.7025
35.7400 7874.1475
35.7500 7402.6300
35.7600 7007.5700
35.7700 6569.9025
35.7800 6122.4250
35.7900 5599.3725
35.8000 5170.6950
35.8100 4523.7300
35.8200 4314.5650
35.8300 4297.6825
35.8400 3921.9725
35.8500 3482.5200
35.8600 3352.9250
35.8700 3160.8625
35.8800 3002.0700
35.8900 2759.1550
35.9000 2722.6700
35.9100 2832.2300
35.9200 2753.6950
35.9300 2646.4725
35.9400 2592.4500
35.9500 2517.2725
35.9600 2380.8300
35.9700 2397.4600
35.9800 2420.1400
35.9900 2307.8200
36.0000 2233.0725
36.0100 2321.2675
36.0200 2367.0700
36.0300 2269.0950
36.0400 2199.4525
36.0500 2265.6475
36.0600 2224.9975
36.0700 2083.3325
36.0800 2088.1650
36.0900 2143.3600
36.1000 2262.0075
36.1100 2294.0600
36.1200 2307.1625
36.1300 2334.5200
36.1400 2301.3925
36.1500 2172.5250
36.1600 2224.8400
36.1700 2217.3025
36.1800 2075.2625
36.1900 2030.9975
36.2000 2036.6425
36.2100 2089.8800
36.2200 2189.3400
36.2300 2252.4525
36.2400 2152.3000
36.2500 2229.3850
36.2600 2416.6675
36.2700 2377.9525
36.2800 2252.3000
36.2900 2178.0925
36.3000 2146.1775
36.3100 2153.8375
36.3200 2117.0225
36.3300 2094.6575
36.3400 2256.7250
36.3500 2360.0125
36.3600 2299.6650
36.3700 2181.1300
36.3800 2196.9575
36.3900 2221.1325
36.4000 2088.3150
36.4100 2006.1600
36.4200 2054.1500
36.4300 2178.1150
36.4400 2102.4225
36.4500 2146.1950
36.4600 2206.8300
36.4700 2292.0275
36.4800 2322.5775
36.4900 2253.9850
36.5000 2220.8775
36.5100 2281.5975
36.5200 2431.2725
36.5300 2441.6675
36.5400 2385.5300
36.5500 2283.3925
36.5600 2266.5750
36.5700 2347.1025
36.5800 2514.6200
36.5900 2551.1325
36.6000 2699.5775
36.6100 2727.7500
36.6200 2662.3650
36.6300 2717.1600
36.6400 2908.0000
36.6500 3115.5750
36.6600 3239.3000
36.6700 3371.8950
36.6800 3324.0900
36.6900 3492.7075
36.7000 3894.5425
36.7100 3892.1525
36.7200 3702.1425
36.7300 3857.3250
36.7400 4103.8525
36.7500 4173.1800
36.7600 4056.6200
36.7700 3972.3675
36.7800 3919.7450
36.7900 3644.8400
36.8000 3526.6500
36.8100 3488.0875
36.8200 3501.6850
36.8300 3319.3600
36.8400 3059.2825
36.8500 3020.4650
36.8600 2987.8150
36.8700 3000.5200
36.8800 2857.9200
36.8900 2735.9425
36.9000 2612.4025
36.9100 2563.0825
36.9200 2498.2650
36.9300 2326.0950
36.9400 2407.5825
36.9500 2445.5400
36.9600 2335.1200
36.9700 2232.3700
36.9800 2324.6675
36.9900 2434.4375
37.0000 2328.5275
37.0100 2148.2875
37.0200 2138.2550
37.0300 2133.4875
37.0400 2178.4950
37.0500 2214.9100
37.0600 2203.4550
37.0700 2311.6700
37.0800 2291.6675
37.0900 2281.7650
37.1000 2256.4450
37.1100 2292.1525
37.1200 2188.4150
37.1300 2175.0000
37.1400 2149.2350
37.1500 2064.1000
37.1600 2164.7100
37.1700 2185.3200
37.1800 2166.2250
37.1900 2217.2750
37.2000 2302.6025
37.2100 2388.8600
37.2200 2496.4800
37.2300 2263.4575
37.2400 2433.3325
37.2500 2445.5100
37.2600 2527.2550
37.2700 2651.5050
37.2800 2631.3700
37.2900 2490.4550
37.3000 2470.5725
37.3100 2793.7050
37.3200 2952.4700
37.3300 2930.8300
37.3400 3004.7150
37.3500 3237.9725
37.3600 3330.0975
37.3700 3526.3025
37.3800 3840.1800
37.3900 4216.0925
37.4000 4546.2200
37.4100 4812.5975
37.4200 5044.2975
37.4300 5368.4975
37.4400 5957.2000
37.4500 6442.1100
37.4600 7118.9350
37.4700 7789.7525
37.4800 8164.7750
37.4900 8725.6800
37.5000 9393.7750
37.5100 9221.3350
37.5200 9453.6475
37.5300 9550.1075
37.5400 9206.3350
37.5500 9043.0050
37.5600 8874.5750
37.5700 8369.2500
37.5800 8081.1125
37.5900 7635.6775
37.6000 7288.2400
37.6100 7063.6225
37.6200 6597.3825
37.6300 5900.3525
37.6400 5553.0150
37.6500 5229.7775
37.6600 5188.3675
37.6700 4707.7900
37.6800 4340.6475
37.6900 4222.9725
37.7000 3782.0100
37.7100 3325.1575
37.7200 3122.3450
37.7300 3124.5175
37.7400 2884.8400
37.7500 2725.5600
37.7600 2671.6950
37.7700 2636.8775
37.7800 2554.3400
37.7900 2602.7125
37.8000 2705.5625
37.8100 2503.9500
37.8200 2427.1775
37.8300 2498.9575
37.8400 2473.0525
37.8500 2330.3850
37.8600 2260.1725
37.8700 2332.3250
37.8800 2321.0000
37.8900 2281.7500
37.9000 2211.2825
37.9100 2220.6650
37.9200 2131.7625
37.9300 2183.3325
37.9400 2194.7200
37.9500 2278.6325
37.9600 2233.2825
37.9700 2177.7425
37.9800 2275.8100
37.9900 2329.1650
38.0000 2159.2300
38.0100 2170.2200
38.0200 2208.8000
38.0300 2278.9775
38.0400 2253.7425
38.0500 2348.9400
38.0600 2251.4500
38.0700 2127.5425
38.0800 2206.7850
38.0900 2025.2825
38.1000 1896.8850
38.1100 2103.2075
38.1200 2126.1950
38.1300 2053.6275
38.1400 2009.8850
38.1500 2015.7975
38.1600 1939.4050
38.1700 2084.8325
38.1800 2079.2600
38.1900 1874.7175
38.2000 1967.0100
38.2100 2058.3325
38.2200 2066.8000
38.2300 2150.6700
38.2400 2061.1625
38.2500 2004.0750
38.2600 2043.9675
38.2700 1979.6300
38.2800 2038.5550
38.2900 2106.4375
38.3000 2176.9850
38.3100 2091.8625
38.3200 1997.8375
38.3300 2072.5675
38.3400 2047.6600
38.3500 2107.2875
38.3600 1882.5600
38.3700 1980.4700
38.3800 1950.1225
38.3900 2062.2275
38.4000 1997.2700
38.4100 1961.0175
38.4200 2004.2225
38.4300 2071.3375
38.4400 2135.5475
38.4500 2047.6775
38.4600 2139.7000
38.4700 2108.3325
38.4800 2107.3850
38.4900 2088.4125
38.5000 2041.0825
38.5100 2178.1275
38.5200 2226.7650
38.5300 2105.3325
38.5400 2047.0625
38.5500 1997.8250
38.5600 2120.2800
38.5700 2194.0225
38.5800 2232.8500
38.5900 2042.1400
38.6000 1881.2075
38.6100 2014.5300
38.6200 1966.3200
38.6300 1960.3600
38.6400 2008.3325
38.6500 2013.4450
38.6600 2137.9425
38.6700 2040.1600
38.6800 2001.1675
38.6900 2030.2225
38.7000 1940.5725
38.7100 1912.5625
38.7200 2041.9225
38.7300 2047.7875
38.7400 1977.1300
38.7500 2050.4550
38.7600 2071.4675
38.7700 2246.8650
38.7800 2120.0075
38.7900 1920.8550
38.8000 2101.2675
38.8100 2156.6150
38.8200 2074.8375
38.8300 2067.4325
38.8400 2106.6075
38.8500 2009.9475
38.8600 2108.7100
38.8700 2132.9850
38.8800 2108.5475
38.8900 2124.9025
38.9000 2117.1050
38.9100 2157.8625
38.9200 2109.1625
38.9300 2207.9750
38.9400 2158.2325
38.9500 2141.4625
38.9600 2100.1575
38.9700 2142.0850
38.9800 2299.9000
38.9900 2233.2900
39.0000 2116.7550
39.0100 2008.5375
39.0200 2108.0300
39.0300 2216.2150
39.0400 2084.0400
39.0500 2050.2150
39.0600 2083.0800
39.0700 2149.4175
39.0800 2108.7450
39.0900 2281.4050
39.1000 2266.8700
39.1100 2176.2200
39.1200 2142.1475
39.1300 2248.3100
39.1400 2012.3825
39.1500 2139.2800
39.1600 2329.6800
39.1700 2202.6950
39.1800 2118.4475
39.1900 2141.1025
39.2000 2076.5775
39.2100 2213.1475
39.2200 2241.0175
39.2300 2314.6300
39.2400 2268.0825
39.2500 2185.7900
39.2600 2102.5525
39.2700 2245.2300
39.2800 2443.4075
39.2900 2345.3650
39.3000 2188.9225
39.3100 2127.1275
39.3200 2221.2375
39.3300 2425.2500
39.3400 2545.3375
39.3500 2550.0000
39.3600 2741.5375
39.3700 2813.7675
39.3800 2975.8875
39.3900 2935.6250
39.4000 2853.9175
39.4100 3246.5825
39.4200 3607.3050
39.4300 3751.5925
39.4400 3774.1375
39.4500 4114.3675
39.4600 4377.6875
39.4700 4777.4200
39.4800 4972.9775
39.4900 5305.2950
39.5000 5450.4850
39.5100 5755.9850
39.5200 5962.7525
39.5300 6396.9050
39.5400 6963.4150
39.5500 7187.0375
39.5600 6733.0075
39.5700 6591.1750
39.5800 6342.6725
39.5900 5991.6100
39.6000 6253.1675
39.6100 5811.0025
39.6200 5249.8175
39.6300 5223.7600
39.6400 5263.5150
39.6500 4943.5550
39.6600 4716.9050
39.6700 4661.6350
39.6800 4336.4875
39.6900 4124.6650
39.7000 3733.8350
39.7100 3524.4475
39.7200 3226.2975
39.7300 2918.3375
39.7400 2739.6200
39.7500 2573.1550
39.7600 2664.4825
39.7700 2621.9975
39.7800 2533.4875
39.7900 2426.8300
39.8000 2499.6225
39.8100 2350.1775
39.8200 2303.2500
39.8300 2300.0000
39.8400 2322.5025
39.8500 2295.0375
39.8600 2239.3050
39.8700 2255.7425
39.8800 2258.3325
39.8900 2139.1450
39.9000 2199.3900
39.9100 2364.3375
39.9200 2316.5675
39.9300 2375.0075
39.9400 2375.9350
39.9500 2315.9000
39.9600 2249.3150
39.9700 2256.4000
39.9800 2434.8875
39.9900 2282.0275
40.0000 2214.3200
40.0100 2354.8400
40.0200 2375.0000
40.0300 2199.6925
40.0400 2153.1175
40.0500 2142.7175
40.0600 2061.6600
40.0700 2064.5250
40.0800 2044.9100
40.0900 2085.1175
40.1000 2257.9900
40.1100 2276.1125
40.1200 2188.4750
40.1300 2124.6000
40.1400 2073.5300
40.1500 2159.9925
40.1600 2175.0000
40.1700 2103.4225
40.1800 2105.9625
40.1900 2208.2475
40.2000 2253.5050
40.2100 2130.2525
40.2200 2150.9625
40.2300 2264.7500
40.2400 2354.1725
40.2500 2147.3975
40.2600 2087.1450
40.2700 2146.8000
40.2800 2285.0775
40.2900 2181.7825
40.3000 2123.2325
40.3100 2186.7600
40.3200 2262.9875
40.3300 2309.9400
40.3400 2246.8950
40.3500 2296.0325
40.3600 2176.1750
40.3700 2052.7700
40.3800 2241.3625
40.3900 2276.4100
40.4000 2323.3900
40.4100 2464.4700
40.4200 2408.9725
40.4300 2315.9825
40.4400 2293.1300
40.4500 2264.2325
40.4600 2347.3575
40.4700 2537.5950
40.4800 2493.0850
40.4900 2304.6150
40.5000 2423.1725
40.5100 2478.7150
40.5200 2564.7275
40.5300 2508.8425
40.5400 2457.8625
40.5500 2531.0000
40.5600 2651.0875
40.5700 2849.9350
40.5800 3012.5775
40.5900 3108.7300
40.6000 3319.1650
40.6100 3587.2525
40.6200 3554.9125
40.6300 3559.9825
40.6400 3992.3575
40.6500 4133.2025
40.6600 4386.9525
40.6700 5058.8850
40.6800 5183.6300
40.6900 5564.1775
40.7000 5772.0300
40.7100 6102.4075
40.7200 6833.0700
40.7300 7283.5125
40.7400 7999.3300
40.7500 8240.2975
40.7600 8551.6675
40.7700 8769.9900
40.7800 8743.3700
40.7900 8523.9625
40.8000 8168.8650
40.8100 7863.6000
40.8200 7761.2900
40.8300 7421.5425
40.8400 6707.8025
40.8500 6544.2550
40.8600 6364.2050
40.8700 5982.1650
40.8800 5787.5700
40.8900 5643.6200
40.9000 5277.5275
40.9100 5016.2400
40.9200 4605.3375
40.9300 4365.1100
40.9400 4186.0375
40.9500 3996.6475
40.9600 3685.6600
40.9700 3279.5925
40.9800 2955.5100
40.9900 2783.1775
41.0000 2768.7450
41.0100 2687.6825
41.0200 2577.4000
41.0300 2518.9300
41.0400 2557.9550
41.0500 2451.1725
41.0600 2470.1325
41.0700 2374.4650
41.0800 2419.5325
41.0900 2351.6725
41.1000 2304.3975
41.1100 2348.9800
41.1200 2275.0000
41.1300 2284.3625
41.1400 2336.5275
41.1500 2301.3875
41.1600 2216.6200
41.1700 2240.0950
41.1800 2246.2500
41.1900 2163.2725
41.2000 2103.2400
41.2100 2085.6600
41.2200 2191.2525
41.2300 2257.2700
41.2400 2177.0825
41.2500 2111.8625
41.2600 2177.3350
41.2700 2267.7050
41.2800 2309.4425
41.2900 2145.1625
41.3000 2104.5100
41.3100 2022.4175
41.3200 2012.7275
41.3300 2189.2775
41.3400 2240.7675
41.3500 2157.3675
41.3600 2090.0100
41.3700 1993.5175
41.3800 2080.3075
41.3900 2168.1125
41.4000 2165.9800
41.4100 2071.7400
41.4200 2108.2275
41.4300 2285.3975
41.4400 2286.8875
41.4500 2166.7250
41.4600 2187.8500
41.4700 2193.8600
41.4800 2046.7750
41.4900 2085.5375
41.5000 2240.9900
41.5100 2308.6300
41.5200 2192.5350
41.5300 2257.2025
41.5400 2260.4825
41.5500 2205.3000
41.5600 2186.0725
41.5700 2272.6525
41.5800 2288.8150
41.5900 2280.5575
41.6000 2205.6825
41.6100 2111.3225
41.6200 2166.1700
41.6300 2208.3325
41.6400 2208.3325
41.6500 2010.8275
41.6600 2083.5075
41.6700 2278.7800
41.6800 2273.3825
41.6900 2257.9800
41.7000 2277.5175
41.7100 2207.5425
41.7200 2134.2575
41.7300 2122.0550
41.7400 2184.1475
41.7500 2082.5425
41.7600 2067.2125
41.7700 2094.6600
41.7800 2065.0250
41.7900 2034.0525
41.8000 1956.0500
41.8100 1927.2500
41.8200 1896.3775
41.8300 1964.5400
41.8400 2058.7050
41.8500 2036.1500
41.8600 2039.7150
41.8700 2094.8575
41.8800 2121.8725
41.8900 2156.1600
41.9000 2133.5525
41.9100 2191.0300
41.9200 2190.1050
41.9300 2106.8950
41.9400 2151.9700
41.9500 2159.0475
41.9600 2194.6125
41.9700 2172.2025
41.9800 2031.7000
41.9900 2032.5675
42.0000 2135.6825
42.0100 2084.2025
42.0200 2025.0000
42.0300 2085.2325
42.0400 2155.0400
42.0500 2145.0350
42.0600 2105.0725
42.0700 2022.0975
42.0800 1950.2175
42.0900 1908.6125
42.1000 2074.1350
42.1100 2160.6475
42.1200 2103.8950
42.1300 2073.5450
42.1400 2154.5275
42.1500 2182.5875
42.1600 2182.6125
42.1700 2117.6650
42.1800 2101.8100
42.1900 2118.8800
42.2000 2122.7500
42.2100 2190.8450
42.2200 2190.3150
42.2300 2186.9350
42.2400 2222.5975
42.2500 2290.2325
42.2600 2366.4350
42.2700 2386.9500
42.2800 2308.0800
42.2900 2235.9275
42.3000 2187.5775
42.3100 2130.3425
42.3200 2140.8975
42.3300 2134.1925
42.3400 2112.9600
42.3500 2125.8950
42.3600 2128.7325
42.3700 2138.7625
42.3800 2099.6750
42.3900 2085.7050
42.4000 2126.5300
42.4100 2191.5650
42.4200 2301.1825
42.4300 2358.3325
42.4400 2295.3700
42.4500 2273.0575
42.4600 2317.8850
42.4700 2275.3750
42.4800 2251.6725
42.4900 2301.5950
42.5000 2294.0650
42.5100 2297.5100
42.5200 2346.9675
42.5300 2357.9075
42.5400 2393.6725
42.5500 2411.5625
42.5600 2565.3050
42.5700 2742.3125
42.5800 2771.2775
42.5900 2667.1900
42.6000 2605.5050
42.6100 2671.3775
42.6200 2708.7150
42.6300 2835.4725
42.6400 2852.7175
42.6500 2817.3375
42.6600 2959.2700
42.6700 3171.6850
42.6800 3237.2900
42.6900 3179.1650
42.7000 3079.4050
42.7100 2933.6175
42.7200 2833.7775
42.7300 2799.8000
42.7400 2746.9150
42.7500 2703.6275
42.7600 2806.7100
42.7700 2858.9550
42.7800 2861.6825
42.7900 2915.8850
42.8000 2808.9075
42.8100 2630.5800
42.8200 2555.7000
42.8300 2492.7700
42.8400 2474.6050
42.8500 2514.9800
42.8600 2593.3675
42.8700 2574.8750
42.8800 2468.6775
42.8900 2452.8425
42.9000 2498.3300
42.9100 2474.6250
42.9200 2463.0050
42.9300 2524.3625
42.9400 2464.3150
42.9500 2455.9275
42.9600 2541.6675
42.9700 2530.2850
42.9800 2535.5675
42.9900 2524.4350
43.0000 2554.6350
43.0100 2622.9700
43.0200 2670.7850
43.0300 2776.8925
43.0400 2777.8100
43.0500 2764.7375
43.0600 2816.3700
43.0700 2825.4200
43.0800 2867.1300
43.0900 2996.7775
43.1000 3028.6150
43.1100 3065.7525
43.1200 3137.0400
43.1300 3153.5525
43.1400 3210.4575
43.1500 3481.0650
43.1600 3723.4650
43.1700 3696.2800
43.1800 3782.2850
43.1900 4172.9975
43.2000 4366.6675
43.2100 4480.9750
43.2200 4986.6625
43.2300 5505.9250
43.2400 5707.4200
43.2500 6171.9100
43.2600 6805.1800
43.2700 7454.8625
43.2800 7912.8550
43.2900 8396.7325
43.3000 9340.7450
43.3100 10264.4900
43.3200 10811.5200
43.3300 11636.8600
43.3400 12728.2150
43.3500 13465.3650
43.3600 13429.9900
43.3700 13375.4325
43.3800 13489.5075
43.3900 13188.2775
43.4000 12970.0550
43.4100 12898.9725
43.4200 12665.2025
43.4300 12067.0700
43.4400 11798.1300
43.4500 11492.6825
43.4600 11400.0975
43.4700 11330.4450
43.4800 11391.2900
43.4900 11393.8550
43.5000 11025.2700
43.5100 11001.0450
43.5200 11057.6450
43.5300 10997.3175
43.5400 11226.9625
43.5500 11378.4875
43.5600 11286.3850
43.5700 11266.9175
43.5800 11384.8075
43.5900 11421.6250
43.6000 11175.7050
43.6100 10613.4050
43.6200 10249.3725
43.6300 10095.0875
43.6400 9859.2200
43.6500 9216.8550
43.6600 8790.9850
43.6700 8357.8200
43.6800 8258.2150
43.6900 8049.6650
43.7000 7688.9250
43.7100 7493.1575
43.7200 6936.1975
43.7300 6445.8150
43.7400 6188.8675
43.7500 5750.7425
43.7600 5295.2150
43.7700 5081.9900
43.7800 4541.9950
43.7900 4097.2475
43.8000 3933.4950
43.8100 3710.2300
43.8200 3401.2700
43.8300 3282.7375
43.8400 3279.4850
43.8500 3195.0875
43.8600 3128.6150
43.8700 3137.1950
43.8800 3022.4375
43.8900 2913.4975
43.9000 2825.6675
43.9100 2790.3625
43.9200 2586.3125
43.9300 2516.3100
43.9400 2491.9200
43.9500 2557.3550
43.9600 2650.0900
43.9700 2702.4900
43.9800 2662.7250
43.9900 2706.7900
44.0000 2561.0325
44.0100 2541.1925
44.0200 2576.4375
44.0300 2501.2500
44.0400 2359.0725
44.0500 2378.8275
44.0600 2375.6200
44.0700 2411.1175
44.0800 2470.3775
44.0900 2530.2575
44.1000 2490.2500
44.1100 2479.2425
44.1200 2344.3375
44.1300 2449.0700
44.1400 2612.8525
44.1500 2649.7600
44.1600 2552.0275
44.1700 2485.4075
44.1800 2504.0150
44.1900 2529.4075
44.2000 2511.9450
44.2100 2540.7825
44.2200 2481.2750
44.2300 2667.0350
44.2400 2798.6075
44.2500 2834.0075
44.2600 2682.5675
44.2700 2676.8825
44.2800 2872.8775
44.2900 2963.2375
44.3000 3038.3475
44.3100 3128.6425
44.3200 3107.3225
44.3300 3228.2675
44.3400 3438.1800
44.3500 3744.7925
44.3600 3829.1550
44.3700 3912.1425
44.3800 4107.8575
44.3900 4358.0200
44.4000 4514.3375
44.4100 4691.3750
44.4200 5097.6775
44.4300 5845.2100
44.4400 6014.9175
44.4500 6235.0250
44.4600 6803.7850
44.4700 7167.0650
44.4800 7755.1350
44.4900 7757.5000
44.5000 7818.7275
44.5100 7766.8300
44.5200 7676.7750
44.5300 7715.7400
44.5400 7431.6525
44.5500 6966.6125
44.5600 6785.3200
44.5700 6722.4650
44.5800 6146.6025
44.5900 5885.9575
44.6000 5810.3300
44.6100 5528.9275
44.6200 5265.4875
44.6300 5101.2200
44.6400 5125.7175
44.6500 4949.3325
44.6600 4662.2525
44.6700 4453.6625
44.6800 3899.8950
44.6900 3700.1525
44.7000 3551.8800
44.7100 3211.0375
44.7200 3095.5625
44.7300 3125.6275
44.7400 2848.7875
44.7500 2627.5625
44.7600 2549.7825
44.7700 2604.5750
44.7800 2617.5450
44.7900 2496.6550
44.8000 2387.4875
44.8100 2534.7200
44.8200 2588.2975
44.8300 2526.1475
44.8400 2625.2325
44.8500 2425.6175
44.8600 2261.0000
44.8700 2353.4750
44.8800 2415.5325
44.8900 2212.8600
44.9000 2213.2800
44.9100 2439.8825
44.9200 2371.8875
44.9300 2467.3575
44.9400 2353.3750
44.9500 2521.5800
44.9600 2478.2400
44.9700 2377.2625
44.9800 2560.4875
44.9900 2645.6825
45.0000 2528.0975
45.0100 2589.4200
45.0200 2895.5475
45.0300 2851.4525
45.0400 2870.9225
45.0500 2937.4625
45.0600 3173.4350
45.0700 3271.1400
45.0800 3507.6475
45.0900 3401.8850
45.1000 3437.2325
45.1100 3629.7650
45.1200 4134.2625
45.1300 4262.2700
45.1400 4324.3125
45.1500 4448.6950
45.1600 4689.8850
45.1700 4915.1750
45.1800 4885.4200
45.1900 4783.7975
45.2000 4792.5625
45.2100 4802.7300
45.2200 4681.7625
45.2300 4327.7625
45.2400 4214.7600
45.2500 4180.1075
45.2600 4289.2275
45.2700 4229.6850
45.2800 4143.2425
45.2900 4188.7075
45.3000 4327.4125
45.3100 4158.5975
45.3200 4168.9050
45.3300 4247.4675
45.3400 4443.3250
45.3500 4189.2825
45.3600 4093.6675
45.3700 4183.6650
45.3800 4198.2175
45.3900 4102.9000
45.4000 4282.6425
45.4100 4228.3225
45.4200 3808.7400
45.4300 3848.9650
45.4400 3715.6625
45.4500 3541.3875
45.4600 3466.2975
45.4700 3250.0700
45.4800 3067.0975
45.4900 3249.2000
45.5000 3200.3200
45.5100 3224.7900
45.5200 3084.8150
45.5300 3091.5625
45.5400 2837.0850
45.5500 2800.5525
45.5600 2783.6425
45.5700 2726.2050
45.5800 2643.5575
45.5900 2235.3000
45.6000 2208.7800
45.6100 2321.6375
45.6200 2260.3900
45.6300 2250.2750
45.6400 2322.3775
45.6500 2308.9500
45.6600 2236.2625
45.6700 2105.4825
45.6800 2036.2125
45.6900 1921.9450
45.7000 1837.2750
45.7100 1928.3975
45.7200 1917.5250
45.7300 1987.6550
45.7400 2125.4600
45.7500 2023.3925
45.7600 1985.3225
45.7700 2061.5175
45.7800 2019.8600
45.7900 2117.8575
45.8000 2117.2325
45.8100 2085.6700
45.8200 1951.8925
45.8300 1918.5225
45.8400 1878.1800
45.8500 1828.9225
45.8600 1802.0125
45.8700 1914.6725
45.8800 1909.7450
45.8900 1984.4325
45.9000 1930.9275
45.9100 1947.7250
45.9200 2048.2475
45.9300 1817.0525
45.9400 1942.1150
45.9500 1838.2550
45.9600 2079.5700
45.9700 1981.3475
45.9800 1847.4300
45.9900 1877.9400
46.0000 2076.1750
46.0100 2048.2050
46.0200 1901.4125
46.0300 1993.7950
46.0400 2023.0250
46.0500 1944.3850
46.0600 1977.2000
46.0700 1968.7475
46.0800 1850.2575
46.0900 1768.0125
46.1000 1859.6950
46.1100 1947.2225
46.1200 1843.0600
46.1300 1925.6150
46.1400 1999.0175
46.1500 1893.9150
46.1600 1860.7325
46.1700 2014.8725
46.1800 2013.2775
46.1900 1803.0250
46.2000 1738.4200
46.2100 1712.2025
46.2200 1869.9275
46.2300 2012.1275
46.2400 2096.2425
46.2500 2052.5575
46.2600 1909.5400
46.2700 1869.4625
46.2800 1887.4200
46.2900 1926.1650
46.3000 1981.5075
46.3100 1799.4800
46.3200 1628.2650
46.3300 1729.7250
46.3400 1860.4750
46.3500 1862.9600
46.3600 1926.0650
46.3700 1887.6250
46.3800 1875.0000
46.3900 1848.1250
46.4000 1774.6625
46.4100 1771.6975
46.4200 1848.3050
46.4300 1966.3550
46.4400 1971.7850
46.4500 1887.3550
46.4600 1906.2125
46.4700 1883.8025
46.4800 1875.0000
46.4900 1737.7425
46.5000 1804.2825
46.5100 1872.3300
46.5200 1915.7375
46.5300 1873.3000
46.5400 1851.8900
46.5500 1882.1275
46.5600 1904.4825
46.5700 1818.8900
46.5800 1861.7400
46.5900 2080.2425
46.6000 2040.3325
46.6100 1875.7200
46.6200 1852.2225
46.6300 1808.1100
46.6400 1797.9250
46.6500 1862.4075
46.6600 1814.8900
46.6700 1878.5150
46.6800 1877.4100
46.6900 1854.3350
46.7000 1893.0325
46.7100 1865.4300
46.7200 1947.7625
46.7300 1977.2425
46.7400 1896.0525
46.7500 1715.3150
46.7600 1773.0050
46.7700 2039.2800
46.7800 1969.0550
46.7900 1824.6275
46.8000 1755.9050
46.8100 1706.0175
46.8200 1608.7500
46.8300 1675.3650
46.8400 1822.5950
46.8500 1872.5325
46.8600 1875.0000
46.8700 1764.2650
46.8800 1739.9050
46.8900 1761.5800
46.9000 1812.8375
46.9100 1816.0750
46.9200 1768.2000
46.9300 1801.4300
46.9400 1790.8275
46.9500 1826.0875
46.9600 1872.6300
46.9700 1928.4400
46.9800 2023.0500
46.9900 2019.1325
47.0000 1888.3800
47.0100 1772.1525
47.0200 1802.6375
47.0300 1800.1925
47.0400 1926.4500
47.0500 1972.5725
47.0600 1838.0800
47.0700 1802.2350
47.0800 1930.6475
47.0900 2072.7925
47.1000 2014.2725
47.1100 1931.4850
47.1200 1932.7175
47.1300 1888.3550
47.1400 1890.2050
47.1500 1934.7975
47.1600 1907.8150
47.1700 1962.1425
47.1800 1997.8650
47.1900 1923.8700
47.2000 1992.4425
47.2100 2084.2150
47.2200 2120.6275
47.2300 2004.9000
47.2400 1909.6475
47.2500 1818.4250
47.2600 1726.0350
47.2700 1856.8400
47.2800 1973.4525
47.2900 1953.2125
47.3000 1918.3300
47.3100 1858.5225
47.3200 1805.1550
47.3300 1875.6800
47.3400 1839.8100
47.3500 1784.8050
47.3600 1811.1975
47.3700 1786.0925
47.3800 1743.8025
47.3900 1733.3325
47.4000 1757.3550
47.4100 1813.2750
47.4200 1794.0200
47.4300 1886.4475
47.4400 1926.6325
47.4500 1920.9750
47.4600 1982.8000
47.4700 1840.3675
47.4800 1675.8125
47.4900 1816.5375
47.5000 1903.9375
47.5100 1765.7675
47.5200 1728.9975
47.5300 1793.9450
47.5400 1784.9800
47.5500 1695.2400
47.5600 1650.6400
47.5700 1649.4000
47.5800 1672.7950
47.5900 1797.3875
47.6000 1870.1125
47.6100 1836.4000
47.6200 1851.6000
47.6300 1883.3325
47.6400 1926.6000
47.6500 1897.7625
47.6600 1824.7600
47.6700 1769.7375
47.6800 1771.7075
47.6900 1842.0225
47.7000 1786.7550
47.7100 1825.5350
47.7200 1854.1900
47.7300 1791.5400
47.7400 1816.6675
47.7500 1841.2975
47.7600 1858.4975
47.7700 1813.4200
47.7800 1803.3100
47.7900 1821.2600
47.8000 1844.3675
47.8100 1859.4325
47.8200 1785.7750
47.8300 1835.8475
47.8400 1969.6125
47.8500 2046.2975
47.8600 2112.2150
47.8700 2000.8200
47.8800 1897.3950
47.8900 1975.3625
47.9000 1986.9950
47.9100 1975.6875
47.9200 2118.1750
47.9300 2260.3625
47.9400 2331.6750
47.9500 2387.9675
47.9600 2401.7225
47.9700 2421.3425
47.9800 2478.4925
47.9900 2572.7975
48.0000 2526.9425
48.0100 2509.5975
48.0200 2571.5625
48.0300 2462.6500
48.0400 2352.6125
48.0500 2315.8675
48.0600 2277.7775
48.0700 2213.4600
48.0800 2156.8625
48.0900 2142.7925
48.1000 2125.2825
48.1100 2193.8025
48.1200 2221.4975
48.1300 2183.3075
48.1400 2211.6400
48.1500 2196.9475
48.1600 2150.3375
48.1700 2027.6400
48.1800 1907.2450
48.1900 1983.9650
48.2000 2021.8175
48.2100 1985.0425
48.2200 1917.6250
48.2300 1897.9075
48.2400 1877.3325
48.2500 1797.2875
48.2600 1857.0475
48.2700 1990.0250
48.2800 1827.5950
48.2900 1771.9050
48.3000 1902.9750
48.3100 1849.2450
48.3200 1732.8650
48.3300 1725.4050
48.3400 1782.1500
48.3500 1872.6875
48.3600 1880.0500
48.3700 1858.6400
48.3800 1911.3225
48.3900 1952.7875
48.4000 1963.8650
48.4100 1958.5275
48.4200 1938.6225
48.4300 1982.8875
48.4400 2064.9500
48.4500 2126.7450
48.4600 2054.8700
48.4700 2143.5800
48.4800 2293.1900
48.4900 2289.5175
48.5000 2181.4400
48.5100 2236.9300
48.5200 2469.4675
48.5300 2566.7350
48.5400 2552.8325
48.5500 2663.2350
48.5600 2662.8500
48.5700 2732.1025
48.5800 3049.0250
48.5900 3247.5350
48.6000 3313.8275
48.6100 3393.9900
48.6200 3406.9100
48.6300 3456.9525
48.6400 3534.8825
48.6500 3548.0250
48.6600 3584.5200
48.6700 3388.4675
48.6800 3210.1375
48.6900 3191.6675
48.7000 3157.5225
48.7100 3125.9450
48.7200 3241.3325
48.7300 3004.0900
48.7400 3027.3225
48.7500 2944.8025
48.7600 2786.8725
48.7700 2630.9275
48.7800 2489.1675
48.7900 2394.1700
48.8000 2407.6700
48.8100 2491.9600
48.8200 2344.4425
48.8300 2126.8575
48.8400 2135.1700
48.8500 2128.9600
48.8600 2092.3025
48.8700 2082.4575
48.8800 1916.2425
48.8900 1895.4425
48.9000 1934.8325
48.9100 1898.2100
48.9200 1878.3250
48.9300 1953.4000
48.9400 1923.5950
48.9500 1872.1200
48.9600 1828.1600
48.9700 1819.8400
48.9800 1751.1400
48.9900 1877.2800
49.0000 1933.9700
49.0100 1947.0050
49.0200 1828.2825
49.0300 1854.7225
49.0400 1711.0300
49.0500 1723.5775
49.0600 1925.0000
49.0700 1923.6550
49.0800 1924.6075
49.0900 1953.6475
49.1000 1882.0525
49.1100 1862.4100
49.1200 1778.0550
49.1300 1737.6950
49.1400 1926.0825
49.1500 1750.9275
49.1600 1847.9700
49.1700 1794.6325
49.1800 1872.2100
49.1900 1903.9850
49.2000 1881.3925
49.2100 1912.4725
49.2200 1822.9550
49.2300 1806.3325
49.2400 1790.6875
49.2500 1787.1650
49.2600 1824.1575
49.2700 1871.4425
49.2800 1779.4650
49.2900 1818.4100
49.3000 1842.6825
49.3100 1920.8575
49.3200 1894.6300
49.3300 2003.9275
49.3400 2034.0300
49.3500 1956.1075
49.3600 1936.2150
49.3700 1949.1950
49.3800 1752.2375
49.3900 1699.0700
49.4000 1889.0400
49.4100 1955.2700
49.4200 1927.3025
49.4300 2060.9750
49.4400 1977.8575
49.4500 1913.6750
49.4600 2117.1700
49.4700 2120.6550
49.4800 2065.2150
49.4900 2332.9100
49.5000 2475.8350
49.5100 2484.5375
49.5200 2339.7950
49.5300 2304.9375
49.5400 2416.0050
49.5500 2410.8300
49.5600 2694.5450
49.5700 2771.5400
49.5800 2670.0875
49.5900 2791.5750
49.6000 3097.6975
49.6100 3343.9975
49.6200 3453.3100
49.6300 3627.0400
49.6400 3751.4850
49.6500 3859.3525
49.6600 3951.2050
49.6700 4092.2575
49.6800 4191.7225
49.6900 4208.1075
49.7000 3883.9550
49.7100 3750.6025
49.7200 3700.3550
49.7300 3534.9550
49.7400 3187.6500
49.7500 3322.8825
49.7600 3374.1225
49.7700 3170.8650
49.7800 3166.6675
49.7900 3199.1550
49.8000 3037.9975
49.8100 3009.0975
49.8200 3072.7875
49.8300 3131.2450
49.8400 2924.9900
49.8500 2820.7700
49.8600 2697.1200
49.8700 2906.2625
49.8800 2773.9950
49.8900 2521.6275
49.9000 2382.2100
49.9100 2296.3900
49.9200 2275.9875
49.9300 2353.1750
49.9400 2498.6575
49.9500 2461.6900
49.9600 2256.7750
49.9700 2179.8225
49.9800 2236.6700
49.9900 2295.4750
