2.0000 5810.1400
2.0100 6067.6300
2.0200 6264.8475
2.0300 6115.4200
2.0400 6166.1575
2.0500 6057.3750
2.0600 6027.9050
2.0700 6001.7550
2.0800 5850.8675
2.0900 5719.8650
2.1000 5808.3325
2.1100 5906.8800
2.1200 6100.2200
2.1300 6069.9800
2.1400 6015.2900
2.1500 5914.0600
2.1600 5857.8050
2.1700 5939.8475
2.1800 5871.5825
2.1900 5840.8150
2.2000 5989.8425
2.2100 6018.8100
2.2200 6321.1675
2.2300 6408.7700
2.2400 6225.7350
2.2500 6410.6150
2.2600 6670.9675
2.2700 7176.5725
2.2800 7653.6225
2.2900 7685.1875
2.3000 7997.1850
2.3100 8391.4450
2.3200 8550.3250
2.3300 8417.6025
2.3400 8130.6575
2.3500 8142.7600
2.3600 8448.2425
2.3700 8347.0625
2.3800 8372.9350
2.3900 8560.1125
2.4000 8311.6250
2.4100 7937.2350
2.4200 7959.3225
2.4300 7954.1500
2.4400 8290.1025
2.4500 8238.6800
2.4600 8115.6050
2.4700 7844.4350
2.4800 8082.5975
2.4900 8135.9975
2.5000 8241.0000
2.5100 8292.4925
2.5200 8181.9475
2.5300 8142.0225
2.5400 7719.9150
2.5500 7533.4675
2.5600 7602.3200
2.5700 7490.9600
2.5800 7577.3575
2.5900 7517.2425
2.6000 7397.1975
2.6100 7608.1450
2.6200 7733.7275
2.6300 7837.5900
2.6400 7683.8750
2.6500 7188.3625
2.6600 7099.0625
2.6700 7098.0050
2.6800 7163.9725
2.6900 7270.7150
2.7000 7164.8075
2.7100 7239.7650
2.7200 7360.2350
2.7300 7092.1975
2.7400 6755.9700
2.7500 6934.8425
2.7600 7140.7425
2.7700 7039.6325
2.7800 7224.4775
2.7900 7100.0000
2.8000 7115.6700
2.8100 7351.5575
2.8200 7081.0150
2.8300 6884.5150
2.8400 6911.2325
2.8500 6986.9075
2.8600 7259.7500
2.8700 6850.8025
2.8800 6872.1725
2.8900 6775.0000
2.9000 6779.6525
2.9100 6995.0775
2.9200 6709.3150
2.9300 6783.2550
2.9400 6774.6325
2.9500 6708.1475
2.9600 6600.2225
2.9700 6575.1450
2.9800 6748.3175
2.9900 6626.6725
3.0000 6428.4325
3.0100 6686.0850
3.0200 6846.0900
3.0300 6874.2875
3.0400 6560.4725
3.0500 6260.7950
3.0600 6177.9800
3.0700 6461.9500
3.0800 6498.8200
3.0900 6468.3675
3.1000 6427.2800
3.1100 6299.4650
3.1200 6494.8500
3.1300 6422.7150
3.1400 6540.7050
3.1500 6426.4600
3.1600 6201.3425
3.1700 6321.1975
3.1800 6356.2175
3.1900 6312.7525
3.2000 6353.7300
3.2100 6335.7275
3.2200 6363.3500
3.2300 6135.0025
3.2400 6004.1450
3.2500 6184.3575
3.2600 6385.4600
3.2700 6320.1400
3.2800 6279.0600
3.2900 6165.6850
3.3000 6012.1200
3.3100 5948.3100
3.3200 5869.7125
3.3300 5929.9800
3.3400 6041.5400
3.3500 6079.6425
3.3600 6139.9125
3.3700 5854.2450
3.3800 5792.9900
3.3900 5875.4325
3.4000 6044.5650
3.4100 6075.0000
3.4200 5875.2275
3.4300 5997.9300
3.4400 5965.0575
3.4500 5800.4625
3.4600 5834.3325
3.4700 5991.4600
3.4800 5984.7650
3.4900 5988.3500
3.5000 5931.8625
3.5100 5876.9800
3.5200 5919.3400
3.5300 5998.8725
3.5400 5879.6725
3.5500 5841.6675
3.5600 6003.2400
3.5700 6082.1625
3.5800 5950.8125
3.5900 5812.7500
3.6000 5840.4125
3.6100 5738.4075
3.6200 5649.7475
3.6300 5764.6150
3.6400 5826.9975
3.6500 5771.4200
3.6600 5651.4200
3.6700 5733.1600
3.6800 5836.0125
3.6900 5742.9825
3.7000 5863.1100
3.7100 5720.6200
3.7200 5880.9150
3.7300 5975.0000
3.7400 6004.6075
3.7500 5916.5125
3.7600 5863.2775
3.7700 5782.5200
3.7800 5802.2175
3.7900 5773.0500
3.8000 5818.9075
3.8100 5907.1250
3.8200 5660.5600
3.8300 5578.5575
3.8400 5543.7675
3.8500 5757.1925
3.8600 5936.2025
3.8700 5728.6900
3.8800 5624.8475
3.8900 5605.9575
3.9000 5515.4300
3.9100 5431.6725
3.9200 5683.0375
3.9300 5710.1275
3.9400 5753.5400
3.9500 5774.2850
3.9600 5839.5625
3.9700 5786.8900
3.9800 5527.0400
3.9900 5620.7150
4.0000 5827.2600
4.0100 5716.2400
4.0200 5647.2175
4.0300 5631.2275
4.0400 5527.8000
4.0500 5500.0200
4.0600 5511.6925
4.0700 5612.1875
4.0800 5737.4125
4.0900 5647.9375
4.1000 5490.3225
4.1100 5562.3825
4.1200 5630.8025
4.1300 5578.5025
4.1400 5706.4625
4.1500 5726.0450
4.1600 5762.3950
4.1700 5882.5775
4.1800 5825.0825
4.1900 5698.5850
4.2000 5567.7925
4.2100 5645.2175
4.2200 5721.5750
4.2300 5602.6900
4.2400 5484.3700
4.2500 5499.1575
4.2600 5431.3750
4.2700 5381.7400
4.2800 5485.3625
4.2900 5641.0075
4.3000 5686.0500
4.3100 5412.3625
4.3200 5284.4150
4.3300 5396.0100
4.3400 5425.0000
4.3500 5606.9200
4.3600 5705.4425
4.3700 5510.6600
4.3800 5521.4575
4.3900 5625.8800
4.4000 5619.9575
4.4100 5526.7450
4.4200 5340.9875
4.4300 5333.5850
4.4400 5400.0000
4.4500 5480.8225
4.4600 5555.9000
4.4700 5525.7500
4.4800 5475.2700
4.4900 5413.7950
4.5000 5466.7175
4.5100 5667.7000
4.5200 5842.2150
4.5300 5664.9575
4.5400 5344.9575
4.5500 5322.5450
4.5600 5431.5850
4.5700 5532.8900
4.5800 5545.7875
4.5900 5530.4750
4.6000 5437.0225
4.6100 5254.6275
4.6200 5245.2025
4.6300 5234.9300
4.6400 5367.0375
4.6500 5651.7675
4.6600 5524.4950
4.6700 5344.8925
4.6800 5353.1975
4.6900 5342.4800
4.7000 5329.2375
4.7100 5443.4400
4.7200 5559.8725
4.7300 5485.5500
4.7400 5456.8150
4.7500 5403.9800
4.7600 5363.6925
4.7700 5408.4350
4.7800 5625.5300
4.7900 5800.5050
4.8000 5591.4400
4.8100 5493.5825
4.8200 5663.7675
4.8300 5597.1825
4.8400 5530.3550
4.8500 5555.9250
4.8600 5524.7575
4.8700 5522.9800
4.8800 5448.9900
4.8900 5327.9450
4.9000 5232.7600
4.9100 5313.9750
4.9200 5460.8650
4.9300 5386.5450
4.9400 5185.1425
4.9500 5206.3225
4.9600 5310.1900
4.9700 5269.2400
4.9800 5460.0850
4.9900 5709.6500
5.0000 5677.7975
5.0100 5582.2825
5.0200 5368.5850
5.0300 5259.0225
5.0400 5458.6725
5.0500 5654.6975
5.0600 5582.2100
5.0700 5677.1200
5.0800 5637.2925
5.0900 5475.2150
5.1000 5371.4650
5.1100 5311.4875
5.1200 5398.0150
5.1300 5415.1475
5.1400 5536.0450
5.1500 5650.9925
5.1600 5564.1700
5.1700 5573.2850
5.1800 5293.2700
5.1900 5162.5575
5.2000 5217.1675
5.2100 5260.4400
5.2200 5341.1100
5.2300 5486.5125
5.2400 5456.5600
5.2500 5510.8325
5.2600 5329.1350
5.2700 5260.6050
5.2800 5358.7300
5.2900 5373.8825
5.3000 5114.3225
5.3100 5196.0825
5.3200 5434.1175
5.3300 5308.7350
5.3400 5068.0575
5.3500 5064.0925
5.3600 5016.3550
5.3700 5071.4350
5.3800 5160.9175
5.3900 5288.0300
5.4000 5420.6350
5.4100 5491.6675
5.4200 5457.5400
5.4300 5232.7475
5.4400 5118.2575
5.4500 5082.6800
5.4600 5209.3375
5.4700 5697.8575
5.4800 5494.0900
5.4900 5375.8125
5.5000 5231.3275
5.5100 5042.8225
5.5200 5176.9525
5.5300 5123.2300
5.5400 5131.5200
5.5500 5317.5175
5.5600 5180.6425
5.5700 5221.6375
5.5800 5118.1275
5.5900 5217.3925
5.6000 5226.4025
5.6100 5240.9925
5.6200 5227.5000
5.6300 5173.2625
5.6400 5345.2250
5.6500 5168.1650
5.6600 5064.6750
5.6700 4953.9125
5.6800 5502.4225
5.6900 5268.0250
5.7000 5136.3925
5.7100 4899.5100
5.7200 5053.8675
5.7300 5138.7450
5.7400 5257.6650
5.7500 5245.3725
5.7600 5332.9025
5.7700 5078.1975
5.7800 4914.3575
5.7900 4831.9000
5.8000 4782.3375
5.8100 5119.4225
5.8200 5267.4300
5.8300 5312.4100
5.8400 4965.8350
5.8500 4875.9450
5.8600 5033.9550
5.8700 5249.9500
5.8800 5100.4975
5.8900 5058.6000
5.9000 5083.0950
5.9100 4885.8500
5.9200 5285.2700
5.9300 5046.3525
5.9400 4960.1525
5.9500 5072.0950
5.9600 5147.9025
5.9700 5085.4025
5.9800 5075.2850
5.9900 5203.3750
6.0000 4840.4275
6.0100 4729.3300
6.0200 5019.0350
6.0300 5183.8400
6.0400 5089.0200
6.0500 4933.7950
6.0600 5089.7475
6.0700 4967.0650
6.0800 5036.2750
6.0900 5064.9725
6.1000 5213.7925
6.1100 5093.7900
6.1200 4998.7125
6.1300 4884.3200
6.1400 5150.1225
6.1500 5136.9150
6.1600 5004.2725
6.1700 5006.8000
6.1800 5325.0675
6.1900 5298.2050
6.2000 5036.9750
6.2100 5112.8550
6.2200 5199.4075
6.2300 5045.1925
6.2400 4810.6775
6.2500 4717.0450
6.2600 4899.1800
6.2700 4793.3250
6.2800 4928.0950
6.2900 5051.7125
6.3000 4856.7000
6.3100 5019.8100
6.3200 4942.1450
6.3300 4932.1650
6.3400 4890.4900
6.3500 4904.6800
6.3600 4752.3400
6.3700 4887.5125
6.3800 4916.6675
6.3900 4811.4250
6.4000 5085.3000
6.4100 5051.1025
6.4200 4783.4325
6.4300 4837.0875
6.4400 5058.2075
6.4500 5024.4575
6.4600 5104.1325
6.4700 5261.3625
6.4800 5135.4175
6.4900 4998.4675
6.5000 5028.9525
6.5100 5102.1425
6.5200 5123.3625
6.5300 4918.2200
6.5400 5039.4575
6.5500 5089.9550
6.5600 5170.8275
6.5700 5270.5325
6.5800 5226.1900
6.5900 5325.7525
6.6000 5410.3250
6.6100 5276.0900
6.6200 5375.2325
6.6300 5429.5175
6.6400 5170.8850
6.6500 5155.4350
6.6600 5333.8125
6.6700 5554.1950
6.6800 5646.1575
6.6900 5601.8175
6.7000 5520.7800
6.7100 5356.6850
6.7200 5426.2625
6.7300 5423.3875
6.7400 5457.6000
6.7500 5407.5225
6.7600 5401.6625
6.7700 5499.6225
6.7800 5509.0875
6.7900 5542.2625
6.8000 5456.1025
6.8100 5374.7400
6.8200 5191.3025
6.8300 5113.1175
6.8400 5191.1775
6.8500 5496.0950
6.8600 5667.0275
6.8700 5469.5425
6.8800 5439.0350
6.8900 5530.4400
6.9000 5748.8625
6.9100 5701.0900
6.9200 5819.1675
6.9300 6008.3375
6.9400 5995.8750
6.9500 5859.2350
6.9600 5881.5300
6.9700 6090.4750
6.9800 6281.0750
6.9900 6355.5700
7.0000 6134.1800
7.0100 6016.6675
7.0200 6384.3625
7.0300 6870.0725
7.0400 7199.1000
7.0500 7443.3425
7.0600 7519.6075
7.0700 7500.5575
7.0800 7833.8200
7.0900 7977.0975
7.1000 8363.3200
7.1100 8964.0050
7.1200 9327.3050
7.1300 9667.6300
7.1400 9988.4275
7.1500 10568.3575
7.1600 11446.3425
7.1700 12321.7850
7.1800 13209.0000
7.1900 13978.7700
7.2000 14910.1550
7.2100 16133.0950
7.2200 17317.3400
7.2300 18722.2225
7.2400 20306.1725
7.2500 22232.9975
7.2600 24076.9150
7.2700 25868.9150
7.2800 28121.6825
7.2900 31119.5900
7.3000 34607.3250
7.3100 37775.4900
7.3200 40350.6075
7.3300 43610.6850
7.3400 47863.6350
7.3500 50958.9325
7.3600 53512.1825
7.3700 55784.2300
7.3800 57948.5325
7.3900 59941.3700
7.4000 60603.9975
7.4100 61294.4375
7.4200 61540.9950
7.4300 60085.4875
7.4400 57476.3650
7.4500 54494.9200
7.4600 50706.4300
7.4700 46504.0625
7.4800 42732.7450
7.4900 38489.8925
7.5000 34144.9400
7.5100 30479.6875
7.5200 27440.3525
7.5300 24666.0025
7.5400 21841.1650
7.5500 19410.8375
7.5600 17485.6150
7.5700 15934.5525
7.5800 14705.3775
7.5900 13758.4225
7.6000 12919.2700
7.6100 12062.7825
7.6200 11391.9850
7.6300 10982.1925
7.6400 10452.6375
7.6500 9807.9400
7.6600 9554.3250
7.6700 9310.9250
7.6800 8875.6700
7.6900 8549.3900
7.7000 8262.9050
7.7100 7999.2875
7.7200 7658.1700
7.7300 7523.8175
7.7400 7604.7550
7.7500 7275.3450
7.7600 6988.5900
7.7700 6972.3625
7.7800 6822.3725
7.7900 6668.3725
7.8000 6604.6400
7.8100 6405.4750
7.8200 6315.1975
7.8300 6411.5225
7.8400 6238.9650
7.8500 6116.4625
7.8600 6027.3425
7.8700 6094.7150
7.8800 6085.8350
7.8900 5877.2175
7.9000 5651.4450
7.9100 5614.6450
7.9200 5806.7550
7.9300 5743.4350
7.9400 5452.4200
7.9500 5496.0675
7.9600 5563.1725
7.9700 5394.8000
7.9800 5473.0525
7.9900 5541.0450
8.0000 5516.9375
8.0100 5261.2350
8.0200 5028.8475
8.0300 5167.4900
8.0400 5361.7775
8.0500 5217.5225
8.0600 5215.4650
8.0700 5362.1450
8.0800 5338.9400
8.0900 5158.0975
8.1000 5118.1800
8.1100 5101.8725
8.1200 4977.8475
8.1300 4949.8350
8.1400 5072.0825
8.1500 5158.3325
8.1600 5126.4425
8.1700 5230.6750
8.1800 5541.6675
8.1900 5382.9675
8.2000 5156.5550
8.2100 5319.4575
8.2200 5408.0675
8.2300 5591.4850
8.2400 5556.8575
8.2500 5546.4625
8.2600 5717.4150
8.2700 5505.6725
8.2800 5621.4125
8.2900 5906.8950
8.3000 5947.9475
8.3100 6035.7175
8.3200 6357.3800
8.3300 6514.8725
8.3400 6572.0000
8.3500 6930.0750
8.3600 7466.5825
8.3700 7920.3200
8.3800 8271.8225
8.3900 8452.3825
8.4000 8900.0625
8.4100 9403.3075
8.4200 9931.5900
8.4300 10466.1450
8.4400 11390.6375
8.4500 12016.8225
8.4600 12597.9750
8.4700 13646.2900
8.4800 14824.8925
8.4900 15413.8250
8.5000 16187.9525
8.5100 17044.3850
8.5200 17870.1700
8.5300 18558.3125
8.5400 19097.8975
8.5500 18983.6475
8.5600 18734.2175
8.5700 18167.8550
8.5800 17717.3000
8.5900 17157.9875
8.6000 16232.2250
8.6100 14996.3775
8.6200 14005.9375
8.6300 13011.9500
8.6400 12101.0925
8.6500 11109.9475
8.6600 10067.5600
8.6700 9261.5750
8.6800 8538.5600
8.6900 8205.0775
8.7000 7466.5525
8.7100 7044.5075
8.7200 6887.5100
8.7300 6410.8075
8.7400 6068.3600
8.7500 5746.2525
8.7600 5340.4650
8.7700 5266.6675
8.7800 5257.1700
8.7900 5197.9200
8.8000 5108.9600
8.8100 5008.0875
8.8200 4688.8325
8.8300 4617.7525
8.8400 4692.7050
8.8500 4639.6375
8.8600 4551.4175
8.8700 4541.5700
8.8800 4408.7825
8.8900 4226.1275
8.9000 4561.6475
8.9100 4466.6850
8.9200 4325.5675
8.9300 4302.4400
8.9400 4405.8275
8.9500 4334.9525
8.9600 3997.4225
8.9700 3969.0950
8.9800 4180.9900
8.9900 4149.3975
9.0000 4065.4150
9.0100 4226.6600
9.0200 4241.5200
9.0300 3910.4725
9.0400 3931.2975
9.0500 3995.5850
9.0600 4139.6500
9.0700 4137.8525
9.0800 4177.1650
9.0900 3760.4300
9.1000 3837.9550
9.1100 3814.6875
9.1200 3832.9400
9.1300 3573.4200
9.1400 3769.9175
9.1500 3721.6925
9.1600 3707.0000
9.1700 3851.5750
9.1800 3846.7300
9.1900 3658.2150
9.2000 3762.0125
9.2100 3952.3875
9.2200 3713.1400
9.2300 3759.3350
9.2400 3670.4750
9.2500 3622.9325
9.2600 3706.6725
9.2700 3788.7325
9.2800 3753.4000
9.2900 3781.4075
9.3000 3529.3125
9.3100 3716.6675
9.3200 3710.3325
9.3300 3598.5200
9.3400 3437.8075
9.3500 3522.2275
9.3600 3627.0400
9.3700 3653.8600
9.3800 3389.8250
9.3900 3351.7425
9.4000 3385.4200
9.4100 3236.1150
9.4200 3311.8050
9.4300 3406.9850
9.4400 3365.6675
9.4500 3335.8675
9.4600 3428.1600
9.4700 3547.1350
9.4800 3431.6850
9.4900 3750.0000
9.5000 3745.6375
9.5100 3472.0700
9.5200 3257.5875
9.5300 3193.0650
9.5400 3350.7025
9.5500 3457.6075
9.5600 3283.1375
9.5700 3175.0575
9.5800 3548.9225
9.5900 3574.8700
9.6000 3575.0000
9.6100 3525.4925
9.6200 3467.3775
9.6300 3598.0650
9.6400 3468.9125
9.6500 3458.4925
9.6600 3311.5575
9.6700 3283.9275
9.6800 3218.4075
9.6900 3200.4750
9.7000 3200.0000
9.7100 3312.8100
9.7200 3694.4800
9.7300 3387.5600
9.7400 3319.0000
9.7500 3236.8575
9.7600 3304.9900
9.7700 3403.6450
9.7800 3289.4825
9.7900 3346.5675
9.8000 3294.8050
9.8100 3425.3900
9.8200 3417.6400
9.8300 3408.8400
9.8400 3494.2300
9.8500 3468.8400
9.8600 3357.8775
9.8700 3264.7300
9.8800 3111.4125
9.8900 3138.5675
9.9000 3218.6150
9.9100 3163.5925
9.9200 3211.9325
9.9300 3125.0125
9.9400 3131.9050
9.9500 3156.1325
9.9600 3256.8900
9.9700 3364.9775
9.9800 3216.5850
9.9900 3312.8700
10.0000 3257.4475
10.0100 3145.1800
10.0200 3230.4225
10.0300 3226.7675
10.0400 3187.8450
10.0500 3064.7400
10.0600 3227.4400
10.0700 3124.6325
10.0800 3071.5550
10.0900 3147.3750
10.1000 3172.9700
10.1100 3138.5000
10.1200 2929.4575
10.1300 3008.9400
10.1400 3126.4175
10.1500 3235.5975
10.1600 3206.7600
10.1700 3041.8575
10.1800 2973.6475
10.1900 3138.2950
10.2000 3352.1175
10.2100 3290.8475
10.2200 3360.1475
10.2300 3212.2225
10.2400 3006.8625
10.2500 3136.9275
10.2600 3152.6225
10.2700 3199.0250
10.2800 3229.2875
10.2900 2961.6300
10.3000 3040.3525
10.3100 3087.4575
10.3200 2994.9025
10.3300 3023.2525
10.3400 3267.0850
10.3500 3200.1025
10.3600 3072.4225
10.3700 3063.6400
10.3800 2896.6175
10.3900 2871.9000
10.4000 2935.8900
10.4100 3051.2100
10.4200 2893.3125
10.4300 2803.0225
10.4400 2938.9075
10.4500 3101.8200
10.4600 3146.6475
10.4700 2984.0400
10.4800 2875.4625
10.4900 2831.9250
10.5000 2759.1575
10.5100 2912.3850
10.5200 3043.4575
10.5300 3086.2575
10.5400 3078.6425
10.5500 2899.6600
10.5600 2824.0950
10.5700 2900.6225
10.5800 2950.7600
10.5900 2900.5325
10.6000 2934.5675
10.6100 3103.2725
10.6200 3137.2625
10.6300 2999.9700
10.6400 2907.6700
10.6500 2904.2975
10.6600 2902.0350
10.6700 2956.5125
10.6800 3056.4000
10.6900 2933.4850
10.7000 2889.5600
10.7100 2842.0025
10.7200 2812.6200
10.7300 2987.3400
10.7400 2945.3650
10.7500 2846.9600
10.7600 2825.0000
10.7700 2739.5725
10.7800 2702.2500
10.7900 2772.8000
10.8000 2715.3150
10.8100 2948.7125
10.8200 3236.4250
10.8300 3218.3900
10.8400 3003.9750
10.8500 2885.6450
10.8600 2783.4575
10.8700 2678.8875
10.8800 2774.0775
10.8900 2878.0175
10.9000 2958.7350
10.9100 2889.6375
10.9200 2908.3850
10.9300 2840.1950
10.9400 2927.6800
10.9500 2925.4700
10.9600 2928.8450
10.9700 2930.1625
10.9800 2913.5325
10.9900 2788.2825
11.0000 2727.6350
11.0100 2804.5500
11.0200 2858.6600
11.0300 2923.1425
11.0400 2871.1775
11.0500 2788.4300
11.0600 2800.2400
11.0700 2760.8825
11.0800 2750.0175
11.0900 2946.8300
11.1000 2953.2375
11.1100 2836.7075
11.1200 2761.5525
11.1300 2730.7150
11.1400 2752.2900
11.1500 2739.4625
11.1600 2768.3925
11.1700 2759.2250
11.1800 2774.0050
11.1900 2754.0575
11.2000 2942.2025
11.2100 3004.9475
11.2200 2857.9250
11.2300 2818.1900
11.2400 2806.8950
11.2500 2860.1850
11.2600 2831.7025
11.2700 2812.6125
11.2800 2757.1450
11.2900 2737.4775
11.3000 2791.4875
11.3100 2759.8075
11.3200 2730.1525
11.3300 2784.6850
11.3400 2821.7850
11.3500 2881.1175
11.3600 2875.9900
11.3700 2692.8975
11.3800 2722.9950
11.3900 2697.5800
11.4000 2579.8425
11.4100 2570.0025
11.4200 2633.1725
11.4300 2691.5025
11.4400 2723.1850
11.4500 2762.9375
11.4600 2793.1675
11.4700 2947.0150
11.4800 2996.2775
11.4900 2851.2550
11.5000 2775.0000
11.5100 2823.3400
11.5200 2848.6975
11.5300 2812.8625
11.5400 2949.5425
11.5500 2914.1025
11.5600 2847.5100
11.5700 2807.5800
11.5800 2768.8725
11.5900 2820.9450
11.6000 2850.0000
11.6100 2887.3475
11.6200 2884.1025
11.6300 2849.0625
11.6400 2804.7125
11.6500 2834.8350
11.6600 2874.1600
11.6700 2948.9250
11.6800 3075.8625
11.6900 2929.9025
11.7000 2834.4800
11.7100 2945.7200
11.7200 2973.7150
11.7300 2886.7850
11.7400 2833.9100
11.7500 2823.9100
11.7600 2830.4475
11.7700 2783.9000
11.7800 2733.7800
11.7900 2724.1700
11.8000 2873.9375
11.8100 2990.2650
11.8200 2910.7525
11.8300 2987.3325
11.8400 2928.2675
11.8500 2830.8250
11.8600 2968.3650
11.8700 3024.6875
11.8800 3122.5100
11.8900 3338.6500
11.9000 3466.8475
11.9100 3512.5700
11.9200 3487.5250
11.9300 3479.0025
11.9400 3591.0500
11.9500 3740.7625
11.9600 3804.3650
11.9700 3832.5100
11.9800 3923.8225
11.9900 4278.9375
12.0000 4700.9150
12.0100 4836.4775
12.0200 4906.7150
12.0300 5089.6075
12.0400 5396.6100
12.0500 5669.5500
12.0600 5952.8050
12.0700 6180.9200
12.0800 6225.0000
12.0900 6213.3200
12.1000 6130.1975
12.1100 6046.1375
12.1200 5960.8950
12.1300 5774.7350
12.1400 5586.5575
12.1500 5358.7000
12.1600 5173.5175
12.1700 5028.6400
12.1800 4790.3650
12.1900 4629.3050
12.2000 4378.7050
12.2100 3980.5100
12.2200 3693.0125
12.2300 3532.6175
12.2400 3492.6850
12.2500 3319.4275
12.2600 3209.8825
12.2700 3218.8875
12.2800 3065.5250
12.2900 3057.1000
12.3000 3051.1550
12.3100 2961.4325
12.3200 2801.2675
12.3300 2826.8450
12.3400 2899.5175
12.3500 2901.9500
12.3600 2823.6175
12.3700 2723.1600
12.3800 2711.9325
12.3900 2728.0700
12.4000 2628.4100
12.4100 2629.9400
12.4200 2652.0325
12.4300 2738.7575
12.4400 2801.6375
12.4500 2768.3350
12.4600 2637.1225
12.4700 2537.9000
12.4800 2555.7400
12.4900 2543.7050
12.5000 2656.5125
12.5100 2669.9075
12.5200 2604.0300
12.5300 2517.3525
12.5400 2580.7025
12.5500 2629.3875
12.5600 2567.7075
12.5700 2493.1800
12.5800 2670.0350
12.5900 2706.4125
12.6000 2534.4775
12.6100 2502.1550
12.6200 2439.4050
12.6300 2405.0625
12.6400 2542.6150
12.6500 2559.1175
12.6600 2482.4425
12.6700 2516.0050
12.6800 2547.7400
12.6900 2565.0550
12.7000 2462.3425
12.7100 2441.2275
12.7200 2429.8150
12.7300 2509.4375
12.7400 2342.3625
12.7500 2403.7875
12.7600 2446.8775
12.7700 2422.1500
12.7800 2371.3225
12.7900 2291.7900
12.8000 2370.0250
12.8100 2486.0875
12.8200 2416.7350
12.8300 2341.3950
12.8400 2455.1925
12.8500 2481.1775
12.8600 2421.9100
12.8700 2501.3075
12.8800 2594.9050
12.8900 2617.4125
12.9000 2658.5975
12.9100 2469.1225
12.9200 2392.9325
12.9300 2397.7625
12.9400 2272.9450
12.9500 2275.8250
12.9600 2289.6800
12.9700 2235.0700
12.9800 2338.4100
12.9900 2382.8100
13.0000 2475.8975
13.0100 2469.2700
13.0200 2358.3325
13.0300 2385.4525
13.0400 2516.1700
13.0500 2679.8725
13.0600 2643.2325
13.0700 2486.4850
13.0800 2394.0600
13.0900 2445.1825
13.1000 2522.8800
13.1100 2423.9375
13.1200 2367.3150
13.1300 2294.9350
13.1400 2371.1125
13.1500 2457.2975
13.1600 2341.6225
13.1700 2279.5250
13.1800 2318.6425
13.1900 2355.9300
13.2000 2260.5525
13.2100 2268.8725
13.2200 2296.9050
13.2300 2360.5100
13.2400 2353.6950
13.2500 2318.8150
13.2600 2301.5350
13.2700 2250.2850
13.2800 2300.0000
13.2900 2329.2650
13.3000 2364.7625
13.3100 2195.9625
13.3200 2180.8575
13.3300 2245.9325
13.3400 2241.4100
13.3500 2264.6625
13.3600 2302.1325
13.3700 2457.4800
13.3800 2492.6325
13.3900 2424.1300
13.4000 2366.6675
13.4100 2376.2675
13.4200 2385.4600
13.4300 2308.3325
13.4400 2265.1400
13.4500 2118.5300
13.4600 2132.4000
13.4700 2141.8125
13.4800 2107.0150
13.4900 2220.5900
13.5000 2312.4450
13.5100 2296.9225
13.5200 2394.2075
13.5300 2322.3975
13.5400 2274.3300
13.5500 2356.3225
13.5600 2304.6975
13.5700 2261.7250
13.5800 2306.9600
13.5900 2419.9875
13.6000 2322.0000
13.6100 2166.2750
13.6200 2284.5600
13.6300 2316.4000
13.6400 2191.2350
13.6500 2393.6600
13.6600 2349.3825
13.6700 2289.0175
13.6800 2353.0875
13.6900 2340.6575
13.7000 2249.2600
13.7100 2353.8250
13.7200 2316.9575
13.7300 2232.8175
13.7400 2234.0450
13.7500 2397.1425
13.7600 2226.4350
13.7700 2239.0150
13.7800 2276.5125
13.7900 2331.9650
13.8000 2348.7350
13.8100 2241.9450
13.8200 2178.6150
13.8300 2308.7650
13.8400 2442.9925
13.8500 2450.0000
13.8600 2412.3675
13.8700 2226.3125
13.8800 2326.2700
13.8900 2313.2200
13.9000 2233.5775
13.9100 2412.7000
13.9200 2347.7500
13.9300 2392.9575
13.9400 2411.9325
13.9500 2184.5100
13.9600 2210.2700
13.9700 2336.4925
13.9800 2411.7400
13.9900 2427.7200
14.0000 2396.1025
14.0100 2445.8175
14.0200 2570.3450
14.0300 2474.7825
14.0400 2431.4450
14.0500 2544.7975
14.0600 2637.3475
14.0700 2721.9525
14.0800 2673.9400
14.0900 2507.0700
14.1000 2722.3625
14.1100 3018.5925
14.1200 3041.8750
14.1300 3116.7575
14.1400 3206.4025
14.1500 3418.9525
14.1600 3637.1850
14.1700 3555.8450
14.1800 3177.2450
14.1900 3146.4175
14.2000 3319.8350
14.2100 3200.0000
14.2200 3193.4625
14.2300 3122.0750
14.2400 2999.2625
14.2500 2836.4450
14.2600 2856.7225
14.2700 2749.3125
14.2800 2660.5500
14.2900 2675.3500
14.3000 2582.4025
14.3100 2488.9300
14.3200 2550.6875
14.3300 2552.9450
14.3400 2494.9700
14.3500 2517.1450
14.3600 2316.7500
14.3700 2214.8025
14.3800 2209.9275
14.3900 2433.9225
14.4000 2341.4925
14.4100 2442.5925
14.4200 2346.1225
14.4300 2394.7300
14.4400 2206.9050
14.4500 2303.6675
14.4600 2244.4550
14.4700 2413.7100
14.4800 2361.8700
14.4900 2280.0650
14.5000 2220.4575
14.5100 2140.7850
14.5200 2131.4275
14.5300 2247.0900
14.5400 2190.4575
14.5500 2170.5700
14.5600 2253.0200
14.5700 2325.0575
14.5800 2503.0525
14.5900 2378.9225
14.6000 2278.2675
14.6100 2356.7625
14.6200 2322.0900
14.6300 2472.7275
14.6400 2643.0475
14.6500 2683.3325
14.6600 2681.8300
14.6700 2635.4750
14.6800 2703.5975
14.6900 2537.1650
14.7000 2686.9375
14.7100 2835.7750
14.7200 2943.9450
14.7300 3055.3650
14.7400 3327.8525
14.7500 3481.2700
14.7600 3362.0850
14.7700 3609.6825
14.7800 3711.2350
14.7900 3947.7250
14.8000 3734.2350
14.8100 3834.5225
14.8200 3989.7600
14.8300 3674.5475
14.8400 3574.3925
14.8500 3374.7675
14.8600 3225.0050
14.8700 3308.2150
14.8800 3233.5525
14.8900 3166.9600
14.9000 2992.6950
14.9100 3033.0275
14.9200 2884.6600
14.9300 2644.1625
14.9400 2789.8975
14.9500 2857.4475
14.9600 2792.6500
14.9700 2676.8925
14.9800 2552.2125
14.9900 2476.4375
15.0000 2328.0950
15.0100 2463.5350
15.0200 2303.9300
15.0300 2324.3750
15.0400 2333.1125
15.0500 2244.2300
15.0600 2314.4600
15.0700 2235.9075
15.0800 2410.7350
15.0900 2376.4075
15.1000 2342.8425
15.1100 2293.5025
15.1200 2099.3025
15.1300 2155.6925
15.1400 2334.1350
15.1500 2269.8575
15.1600 2171.0650
15.1700 2270.0800
15.1800 2441.7975
15.1900 2354.8325
15.2000 2294.5700
15.2100 2038.6525
15.2200 2143.4200
15.2300 2236.7100
15.2400 2194.4425
15.2500 2230.9600
15.2600 2233.3325
15.2700 2272.5075
15.2800 2353.2275
15.2900 2108.3850
15.3000 1966.8825
15.3100 2106.2875
15.3200 2054.4650
15.3300 1949.0775
15.3400 2096.6950
15.3500 2092.8550
15.3600 2161.2150
15.3700 2112.6550
15.3800 2085.2200
15.3900 1898.7200
15.4000 1998.5400
15.4100 1854.9625
15.4200 2056.0575
15.4300 2082.6450
15.4400 2106.2325
15.4500 1933.0375
15.4600 1931.8850
15.4700 2009.3125
15.4800 1986.3225
15.4900 2089.3775
15.5000 2145.3775
15.5100 2217.9600
15.5200 2021.4325
15.5300 2075.2775
15.5400 2241.1725
15.5500 2250.8300
15.5600 2362.3925
15.5700 2307.6700
15.5800 2150.6075
15.5900 2096.0425
15.6000 1890.6125
15.6100 1844.3625
15.6200 1938.1700
15.6300 1942.5875
15.6400 2097.0700
15.6500 2057.5575
15.6600 1931.9675
15.6700 1946.1300
15.6800 1986.7700
15.6900 1969.6400
15.7000 2113.2875
15.7100 2111.3750
15.7200 2144.8725
15.7300 2230.2625
15.7400 1928.4050
15.7500 1970.6175
15.7600 2128.5800
15.7700 1983.2300
15.7800 1871.4600
15.7900 1973.9825
15.8000 2128.7825
15.8100 2135.5900
15.8200 2075.7825
15.8300 2131.3100
15.8400 2077.1250
15.8500 2166.9050
15.8600 2026.0650
15.8700 2071.3725
15.8800 2118.9625
15.8900 2004.0500
15.9000 1905.1950
15.9100 2012.2325
15.9200 2040.4150
15.9300 2041.6675
15.9400 2091.0750
15.9500 1987.2450
15.9600 1980.7375
15.9700 2046.5550
15.9800 2009.2400
15.9900 1957.9850
16.0000 2033.8925
16.0100 1987.1800
16.0200 2023.7825
16.0300 2040.2900
16.0400 2027.7725
16.0500 2094.3525
16.0600 1990.6200
16.0700 1945.9275
16.0800 1934.7650
16.0900 1878.2050
16.1000 1976.7450
16.1100 2103.0325
16.1200 2138.7150
16.1300 2134.8200
16.1400 2071.8125
16.1500 1880.8925
16.1600 1855.2950
16.1700 2116.8325
16.1800 2263.2900
16.1900 2113.8175
16.2000 2108.8475
16.2100 2211.2875
16.2200 2037.6500
16.2300 1984.9300
16.2400 1882.4450
16.2500 1992.6325
16.2600 2192.6000
16.2700 2206.5600
16.2800 2066.3550
16.2900 1933.2625
16.3000 1921.6550
16.3100 1998.1450
16.3200 1990.1125
16.3300 1996.5900
16.3400 1980.1500
16.3500 1961.7875
16.3600 2004.5000
16.3700 2075.9275
16.3800 2025.9300
16.3900 1975.5175
16.4000 2064.9500
16.4100 2209.4125
16.4200 2156.7675
16.4300 2237.6525
16.4400 2084.4075
16.4500 2163.3025
16.4600 2329.7550
16.4700 2256.5575
16.4800 2179.7350
16.4900 2037.5525
16.5000 2032.2250
16.5100 2054.5350
16.5200 2077.6050
16.5300 2070.5075
16.5400 2117.8850
16.5500 2190.8600
16.5600 2112.6150
16.5700 2045.1100
16.5800 2084.2125
16.5900 2106.3500
16.6000 2044.9450
16.6100 1923.7500
16.6200 2125.4200
16.6300 2200.0000
16.6400 2118.1450
16.6500 1940.8025
16.6600 2079.9325
16.6700 2035.1625
16.6800 1962.4725
16.6900 1999.9525
16.7000 1997.9650
16.7100 2128.5725
16.7200 2224.7000
16.7300 2291.2825
16.7400 2252.6075
16.7500 2288.9650
16.7600 2240.4550
16.7700 2155.0625
16.7800 2164.0825
16.7900 2205.6975
16.8000 2271.8300
16.8100 2407.9250
16.8200 2468.3250
16.8300 2365.2350
16.8400 2258.0350
16.8500 2269.7975
16.8600 2350.0725
16.8700 2399.2275
16.8800 2408.3325
16.8900 2553.2025
16.9000 2529.9975
16.9100 2572.1875
16.9200 2587.9900
16.9300 2571.3425
16.9400 2680.3775
16.9500 2880.3400
16.9600 3037.0975
16.9700 3170.2650
16.9800 3226.1650
16.9900 3233.3325
17.0000 3363.6500
17.0100 3552.6725
17.0200 3814.9425
17.0300 4017.8600
17.0400 4184.3225
17.0500 4438.8775
17.0600 4671.5625
17.0700 4891.3475
17.0800 5180.3400
17.0900 5467.4625
17.1000 5590.7550
17.1100 5509.5300
17.1200 5420.2525
17.1300 5475.2950
17.1400 5479.4250
17.1500 5483.9825
17.1600 5445.5725
17.1700 5200.6850
17.1800 4772.7275
17.1900 4521.8325
17.2000 4429.2275
17.2100 4242.6975
17.2200 4052.6350
17.2300 3800.7925
17.2400 3594.7000
17.2500 3513.3075
17.2600 3352.7950
17.2700 3170.2975
17.2800 3105.3825
17.2900 3088.7350
17.3000 2976.5150
17.3100 2852.0425
17.3200 2654.2025
17.3300 2619.7375
17.3400 2541.1825
17.3500 2597.5450
17.3600 2594.3725
17.3700 2505.5850
17.3800 2486.0850
17.3900 2425.2675
17.4000 2369.5725
17.4100 2231.5225
17.4200 2172.1700
17.4300 2180.4950
17.4400 2293.0175
17.4500 2377.3725
17.4600 2320.6275
17.4700 2261.5150
17.4800 2255.4450
17.4900 2280.0750
17.5000 2210.2825
17.5100 2182.9150
17.5200 2186.2600
17.5300 2183.3325
17.5400 2172.5600
17.5500 2198.9300
17.5600 2179.0950
17.5700 2190.4800
17.5800 2186.9400
17.5900 2228.3850
17.6000 2306.2925
17.6100 2274.8225
17.6200 2252.2850
17.6300 2231.8350
17.6400 2110.8600
17.6500 2118.6500
17.6600 2147.7900
17.6700 2125.8825
17.6800 2048.3900
17.6900 2081.7275
17.7000 2130.2325
17.7100 2128.1100
17.7200 2187.5650
17.7300 2079.2825
17.7400 2100.7550
17.7500 2145.9250
17.7600 2174.7400
17.7700 2132.8400
17.7800 1988.5325
17.7900 2007.3550
17.8000 2068.6100
17.8100 2069.8725
17.8200 2025.7150
17.8300 2132.8450
17.8400 2165.6675
17.8500 2051.8850
17.8600 2000.0000
17.8700 2025.3600
17.8800 2107.4775
17.8900 2165.1600
17.9000 2124.5650
17.9100 2081.5975
17.9200 2080.0250
17.9300 2063.2700
17.9400 2090.0500
17.9500 2126.6600
17.9600 2173.2325
17.9700 2190.0425
17.9800 2208.1775
17.9900 2264.6775
18.0000 2192.6600
18.0100 2149.7050
18.0200 2127.2125
18.0300 2114.7675
18.0400 2115.1725
18.0500 2088.7175
18.0600 2035.8425
18.0700 2052.3025
18.0800 2063.8275
18.0900 2152.2075
18.1000 2200.7100
18.1100 2129.9975
18.1200 2149.7400
18.1300 2090.2300
18.1400 2074.5200
18.1500 2092.6075
18.1600 2089.4075
18.1700 2200.6675
18.1800 2203.2325
18.1900 2221.6300
18.2000 2227.3375
18.2100 2148.8525
18.2200 2187.8875
18.2300 2241.6675
18.2400 2113.9600
18.2500 2035.5500
18.2600 2181.9275
18.2700 2212.7950
18.2800 2139.5600
18.2900 2246.7975
18.3000 2360.3675
18.3100 2151.0100
18.3200 2054.1775
18.3300 2200.3375
18.3400 2215.6325
18.3500 2100.9125
18.3600 2138.7175
18.3700 2253.5675
18.3800 2255.7125
18.3900 2214.9550
18.4000 2186.2425
18.4100 2326.0300
18.4200 2459.1350
18.4300 2457.5500
18.4400 2409.0525
18.4500 2375.0000
18.4600 2388.5950
18.4700 2400.0000
18.4800 2445.1425
18.4900 2559.9250
18.5000 2674.4625
18.5100 2685.2525
18.5200 2721.0375
18.5300 2779.4700
18.5400 2792.2550
18.5500 2986.9950
18.5600 3256.6425
18.5700 3429.8225
18.5800 3464.5925
18.5900 3504.0050
18.6000 3637.1975
18.6100 3700.0000
18.6200 3818.5475
18.6300 4135.3325
18.6400 4255.0300
18.6500 4261.4975
18.6600 4294.5100
18.6700 4275.3600
18.6800 4300.6850
18.6900 4299.3475
18.7000 4209.8800
18.7100 4081.2975
18.7200 4016.3925
18.7300 3905.2600
18.7400 3666.8950
18.7500 3439.2325
18.7600 3379.8800
18.7700 3348.6925
18.7800 3300.1700
18.7900 3405.9175
18.8000 3309.4650
18.8100 2901.0475
18.8200 2704.4175
18.8300 2653.4600
18.8400 2696.7250
18.8500 2737.0850
18.8600 2566.2850
18.8700 2500.0575
18.8800 2612.4750
18.8900 2641.7850
18.9000 2633.1500
18.9100 2646.0225
18.9200 2649.7175
18.9300 2675.0875
18.9400 2580.2700
18.9500 2491.6675
18.9600 2549.0275
18.9700 2726.9050
18.9800 2850.0000
18.9900 2801.1400
19.0000 2912.5275
19.0100 3059.0050
19.0200 3069.7500
19.0300 3080.0675
19.0400 3054.0300
19.0500 3134.7325
19.0600 3236.7300
19.0700 3394.4725
19.0800 3565.6400
19.0900 3707.3000
19.1000 3928.8275
19.1100 3973.7750
19.1200 3971.7275
19.1300 4116.7875
19.1400 4219.7275
19.1500 4143.2400
19.1600 4056.9050
19.1700 4208.7850
19.1800 4236.5500
19.1900 4053.6825
19.2000 4050.0975
19.2100 4132.2150
19.2200 4060.7875
19.2300 3838.3475
19.2400 3665.2400
19.2500 3520.9450
19.2600 3300.0125
19.2700 3179.4950
19.2800 3209.4625
19.2900 3158.2975
19.3000 2954.6850
19.3100 2803.6225
19.3200 2735.5550
19.3300 2727.2725
19.3400 2697.0825
19.3500 2591.8475
19.3600 2635.7500
19.3700 2772.5300
19.3800 2676.3500
19.3900 2468.9175
19.4000 2377.6150
19.4100 2413.2825
19.4200 2447.0950
19.4300 2399.0800
19.4400 2452.7100
19.4500 2478.8150
19.4600 2334.8950
19.4700 2244.0850
19.4800 2263.3450
19.4900 2227.6400
19.5000 2285.4600
19.5100 2403.5700
19.5200 2381.6025
19.5300 2260.8750
19.5400 2275.0000
19.5500 2307.4825
19.5600 2440.0250
19.5700 2482.8825
19.5800 2318.8050
19.5900 2215.4500
19.6000 2238.0625
19.6100 2271.5125
19.6200 2226.2275
19.6300 2202.4875
19.6400 2193.9450
19.6500 2338.9025
19.6600 2432.1650
19.6700 2299.1025
19.6800 2257.4750
19.6900 2170.3875
19.7000 2086.8225
19.7100 2081.2225
19.7200 2104.8725
19.7300 2203.3825
19.7400 2335.8150
19.7500 2360.8950
19.7600 2282.4250
19.7700 2333.8350
19.7800 2354.9075
19.7900 2336.3275
19.8000 2292.7975
19.8100 2224.3125
19.8200 2232.7025
19.8300 2347.1450
19.8400 2286.9300
19.8500 2183.8950
19.8600 2328.9550
19.8700 2386.3625
19.8800 2336.7500
19.8900 2309.8950
19.9000 2254.9850
19.9100 2243.4950
19.9200 2208.0750
19.9300 2303.1825
19.9400 2326.7325
19.9500 2283.7400
19.9600 2184.0575
19.9700 2137.8275
19.9800 2150.6375
19.9900 2090.2150
20.0000 2052.2225
20.0100 2130.2850
20.0200 2363.3875
20.0300 2375.6900
20.0400 2197.0950
20.0500 2103.2150
20.0600 2185.3200
20.0700 2282.7325
20.0800 2212.9350
20.0900 2262.2075
20.1000 2388.0725
20.1100 2246.5850
20.1200 2202.3275
20.1300 2336.0225
20.1400 2302.3825
20.1500 2346.7500
20.1600 2293.7375
20.1700 2255.2200
20.1800 2167.8250
20.1900 2143.5175
20.2000 2287.9850
20.2100 2389.7750
20.2200 2287.3650
20.2300 2145.1200
20.2400 2132.8975
20.2500 2199.5025
20.2600 2226.3900
20.2700 2178.6650
20.2800 2096.0625
20.2900 2080.3525
20.3000 2234.0200
20.3100 2317.3875
20.3200 2291.1900
20.3300 2219.6700
20.3400 2278.9125
20.3500 2395.9125
20.3600 2332.0075
20.3700 2126.2175
20.3800 2175.2550
20.3900 2365.3275
20.4000 2381.7800
20.4100 2321.5625
20.4200 2279.4525
20.4300 2206.5325
20.4400 2243.8850
20.4500 2415.8550
20.4600 2368.8050
20.4700 2295.2950
20.4800 2263.2600
20.4900 2326.3000
20.5000 2250.0000
20.5100 2250.0000
20.5200 2244.2775
20.5300 2233.3325
20.5400 2270.3375
20.5500 2333.1500
20.5600 2384.6300
20.5700 2426.2850
20.5800 2221.8300
20.5900 2166.6675
20.6000 2203.0975
20.6100 2347.6725
20.6200 2477.7275
20.6300 2461.1225
20.6400 2483.3325
20.6500 2400.3575
20.6600 2277.4700
20.6700 2366.6675
20.6800 2309.0425
20.6900 2238.1900
20.7000 2407.0300
20.7100 2490.2775
20.7200 2404.3000
20.7300 2500.4200
20.7400 2463.9650
20.7500 2450.2525
20.7600 2513.9125
20.7700 2704.7625
20.7800 2731.3000
20.7900 2670.3525
20.8000 2577.1725
20.8100 2406.1000
20.8200 2398.4000
20.8300 2750.0750
20.8400 2766.3400
20.8500 2611.2275
20.8600 2742.3150
20.8700 2845.3425
20.8800 2947.3300
20.8900 3002.2225
20.9000 2997.9700
20.9100 3128.7750
20.9200 3076.8600
20.9300 3048.0775
20.9400 3084.6575
20.9500 3060.2000
20.9600 3172.3300
20.9700 3377.5350
20.9800 3375.7475
20.9900 3317.9900
21.0000 3240.0875
21.0100 3287.5375
21.0200 3361.6725
21.0300 3459.1875
21.0400 3406.8600
21.0500 3369.6250
21.0600 3467.5850
21.0700 3405.6300
21.0800 3211.5125
21.0900 2933.8250
21.1000 2855.6500
21.1100 3011.0100
21.1200 2887.5075
21.1300 2763.3625
21.1400 2604.3425
21.1500 2516.4700
21.1600 2520.6375
21.1700 2597.4075
21.1800 2532.2125
21.1900 2608.3350
21.2000 2635.7550
21.2100 2607.1025
21.2200 2610.8375
21.2300 2572.6475
21.2400 2554.9350
21.2500 2494.5875
21.2600 2430.6625
21.2700 2471.3175
21.2800 2504.2025
21.2900 2567.5800
21.3000 2534.0450
21.3100 2369.5450
21.3200 2381.4450
21.3300 2469.5025
21.3400 2355.2800
21.3500 2356.7875
21.3600 2480.1475
21.3700 2540.4550
21.3800 2427.2500
21.3900 2466.9800
21.4000 2533.7350
21.4100 2475.5850
21.4200 2515.5575
21.4300 2507.3725
21.4400 2410.8450
21.4500 2524.5250
21.4600 2442.9225
21.4700 2309.5950
21.4800 2394.2425
21.4900 2438.0500
21.5000 2446.8150
21.5100 2407.7325
21.5200 2585.3275
21.5300 2719.6725
21.5400 2524.8325
21.5500 2279.0650
21.5600 2319.8550
21.5700 2487.7250
21.5800 2512.3150
21.5900 2451.8200
21.6000 2339.2200
21.6100 2229.2725
21.6200 2320.8875
21.6300 2412.4950
21.6400 2441.5900
21.6500 2489.6000
21.6600 2450.3675
21.6700 2374.6450
21.6800 2472.5175
21.6900 2496.7800
21.7000 2354.2650
21.7100 2353.8275
21.7200 2373.4825
21.7300 2358.9550
21.7400 2481.6325
21.7500 2468.0025
21.7600 2540.9500
21.7700 2567.8200
21.7800 2497.6075
21.7900 2514.6925
21.8000 2522.1050
21.8100 2547.0600
21.8200 2506.7825
21.8300 2530.7525
21.8400 2408.7975
21.8500 2576.9350
21.8600 2587.1900
21.8700 2598.0800
21.8800 2582.0950
21.8900 2607.2400
21.9000 2756.2675
21.9100 2604.5425
21.9200 2621.8800
21.9300 2679.8375
21.9400 2519.3750
21.9500 2526.1625
21.9600 2652.0475
21.9700 2750.8750
21.9800 2629.6825
21.9900 2483.4150
22.0000 2463.5600
22.0100 2609.1475
22.0200 2647.1350
22.0300 2695.7325
22.0400 2825.3425
22.0500 2931.0950
22.0600 2979.7400
22.0700 2991.7375
22.0800 3054.7850
22.0900 2960.6675
22.1000 3026.5700
22.1100 3165.5925
22.1200 3327.2175
22.1300 3401.7075
22.1400 3561.2625
22.1500 3649.2750
22.1600 3597.1950
22.1700 3694.8850
22.1800 3870.1075
22.1900 3969.0100
22.2000 4329.0200
22.2100 4536.9075
22.2200 4913.4175
22.2300 4901.2625
22.2400 4838.9000
22.2500 5131.8725
22.2600 5283.3225
22.2700 5321.4850
22.2800 5613.3025
22.2900 5630.0350
22.3000 5613.3800
22.3100 5521.4225
22.3200 5221.2000
22.3300 5311.5825
22.3400 5308.8200
22.3500 5169.1400
22.3600 4799.2400
22.3700 4505.4725
22.3800 4440.8125
22.3900 4288.9300
22.4000 3966.2350
22.4100 3960.6525
22.4200 3732.0975
22.4300 3439.0900
22.4400 3278.6675
22.4500 3261.4300
22.4600 3275.0000
22.4700 3239.6675
22.4800 3069.5650
22.4900 2985.4775
22.5000 2878.7800
22.5100 2865.8900
22.5200 2871.4050
22.5300 2734.1725
22.5400 2702.9850
22.5500 2738.9600
22.5600 2807.6250
22.5700 2593.9950
22.5800 2367.0875
22.5900 2580.5325
22.6000 2811.1075
22.6100 2657.9725
22.6200 2595.0250
22.6300 2518.9625
22.6400 2615.6700
22.6500 2450.0000
22.6600 2462.7625
22.6700 2491.1150
22.6800 2353.1150
22.6900 2490.2675
22.7000 2476.3650
22.7100 2438.8925
22.7200 2422.2375
22.7300 2409.7075
22.7400 2431.7250
22.7500 2511.0600
22.7600 2545.3500
22.7700 2621.6400
22.7800 2465.5900
22.7900 2408.6375
22.8000 2370.6625
22.8100 2395.6450
22.8200 2425.9075
22.8300 2484.1975
22.8400 2512.4100
22.8500 2401.3025
22.8600 2412.2200
22.8700 2420.4375
22.8800 2366.6850
22.8900 2459.6100
22.9000 2481.9225
22.9100 2555.2800
22.9200 2489.1475
22.9300 2466.2275
22.9400 2406.6900
22.9500 2348.7600
22.9600 2341.6675
22.9700 2336.7500
22.9800 2320.5625
22.9900 2412.3550
23.0000 2536.9650
23.0100 2555.9225
23.0200 2545.2625
23.0300 2558.3150
23.0400 2501.2125
23.0500 2457.1525
23.0600 2444.1250
23.0700 2408.3325
23.0800 2435.0825
23.0900 2567.6025
23.1000 2370.1200
23.1100 2406.5525
23.1200 2486.3300
23.1300 2393.2000
23.1400 2362.4000
23.1500 2460.7275
23.1600 2582.2175
23.1700 2550.5950
23.1800 2377.3225
23.1900 2293.2100
23.2000 2356.1500
23.2100 2356.8650
23.2200 2473.4500
23.2300 2548.1550
23.2400 2367.7350
23.2500 2372.8750
23.2600 2368.8950
23.2700 2457.4200
23.2800 2542.6475
23.2900 2379.1525
23.3000 2412.4625
23.3100 2431.4000
23.3200 2365.4775
23.3300 2422.7550
23.3400 2464.6475
23.3500 2459.0275
23.3600 2504.0575
23.3700 2341.0775
23.3800 2300.6250
23.3900 2490.6875
23.4000 2465.8025
23.4100 2320.7500
23.4200 2250.9800
23.4300 2450.9575
23.4400 2451.6800
23.4500 2412.2825
23.4600 2488.6150
23.4700 2332.4000
23.4800 2325.9275
23.4900 2336.0975
23.5000 2363.8275
23.5100 2415.6125
23.5200 2460.5350
23.5300 2339.8700
23.5400 2332.1400
23.5500 2387.2325
23.5600 2342.9525
23.5700 2278.0825
23.5800 2245.5050
23.5900 2347.4100
23.6000 2323.2850
23.6100 2317.7075
23.6200 2396.6150
23.6300 2366.6675
23.6400 2356.6475
23.6500 2265.8375
23.6600 2265.7425
23.6700 2334.1500
23.6800 2331.9225
23.6900 2247.3100
23.7000 2302.4025
23.7100 2331.3575
23.7200 2385.3550
23.7300 2332.0500
23.7400 2396.8900
23.7500 2364.3500
23.7600 2351.6275
23.7700 2453.8025
23.7800 2473.5500
23.7900 2299.9075
23.8000 2387.0500
23.8100 2422.0500
23.8200 2377.7575
23.8300 2229.7000
23.8400 2208.2450
23.8500 2373.3225
23.8600 2252.4775
23.8700 2123.2250
23.8800 2363.8300
23.8900 2240.9750
23.9000 2236.0800
23.9100 2273.4775
23.9200 2350.0000
23.9300 2345.9800
23.9400 2307.3075
23.9500 2388.3725
23.9600 2337.5925
23.9700 2209.1450
23.9800 2412.8150
23.9900 2370.4825
24.0000 2412.8825
24.0100 2359.1675
24.0200 2275.9575
24.0300 2396.5775
24.0400 2458.9425
24.0500 2460.6400
24.0600 2395.2725
24.0700 2548.8175
24.0800 2531.5750
24.0900 2497.3100
24.1000 2372.4125
24.1100 2666.4625
24.1200 2561.2700
24.1300 2720.5725
24.1400 2787.1525
24.1500 2968.1775
24.1600 3106.1675
24.1700 3063.2125
24.1800 2895.3775
24.1900 2966.2650
24.2000 3205.2175
24.2100 3144.9800
24.2200 2951.8275
24.2300 3122.4050
24.2400 3336.2000
24.2500 3254.4225
24.2600 3325.4850
24.2700 3332.3725
24.2800 3313.8175
24.2900 3278.8725
24.3000 3471.2725
24.3100 3271.2500
24.3200 3355.8875
24.3300 3462.8075
24.3400 3545.2025
24.3500 3586.5100
24.3600 3190.3725
24.3700 3172.1975
24.3800 3264.0800
24.3900 3058.7475
24.4000 3067.0750
24.4100 3074.1925
24.4200 3045.1950
24.4300 2782.5475
24.4400 2773.2500
24.4500 2900.6975
24.4600 2736.0225
24.4700 2617.4075
24.4800 2626.0250
24.4900 2458.3875
24.5000 2283.1550
24.5100 2470.5075
24.5200 2560.0525
24.5300 2600.3375
24.5400 2600.6775
24.5500 2426.8175
24.5600 2665.3400
24.5700 2415.5025
24.5800 2178.4225
24.5900 2275.8400
24.6000 2508.5575
24.6100 2292.2575
24.6200 2307.7550
24.6300 2293.6550
24.6400 2348.0475
24.6500 2287.2925
24.6600 2158.8700
24.6700 2185.2425
24.6800 2508.7450
24.6900 2780.3100
24.7000 2673.9675
24.7100 2373.1775
24.7200 2585.5375
24.7300 2374.7700
24.7400 2367.1175
24.7500 2387.7275
24.7600 2550.0000
24.7700 2546.6575
24.7800 2416.6675
24.7900 2418.2525
24.8000 2482.3700
24.8100 2443.9175
24.8200 2543.3075
24.8300 2611.1825
24.8400 2358.1625
24.8500 2350.0000
24.8600 2349.8400
24.8700 2341.0450
24.8800 2305.1775
24.8900 2135.5075
24.9000 2260.9875
24.9100 2419.2175
24.9200 2576.8050
24.9300 2688.0800
24.9400 2451.7750
24.9500 2575.3400
24.9600 2599.5700
24.9700 2564.7200
24.9800 2410.5700
24.9900 2597.7025
25.0000 2394.7850
25.0100 2691.7475
25.0200 2700.5325
25.0300 2756.7750
25.0400 2575.1975
25.0500 2599.5175
25.0600 2533.8825
25.0700 2616.9650
25.0800 2666.3550
25.0900 2609.5475
25.1000 2867.2100
25.1100 3000.0850
25.1200 3024.8125
25.1300 2958.1700
25.1400 2883.5025
25.1500 2991.6675
25.1600 2991.6550
25.1700 2950.0150
25.1800 2866.7475
25.1900 2908.2675
25.2000 3082.9450
25.2100 3191.3575
25.2200 3100.3175
25.2300 3199.5900
25.2400 3274.6450
25.2500 3407.6200
25.2600 3540.8700
25.2700 3541.6675
25.2800 3665.7625
25.2900 3889.9000
25.3000 4222.1750
25.3100 4249.7725
25.3200 4175.7300
25.3300 4348.1900
25.3400 4753.8525
25.3500 4807.7525
25.3600 5154.0575
25.3700 5166.5600
25.3800 5281.7625
25.3900 4946.4800
25.4000 5442.5250
25.4100 5614.1125
25.4200 5698.6700
25.4300 5700.0000
25.4400 5970.2725
25.4500 5901.3350
25.4600 5695.5050
25.4700 5520.0000
25.4800 5467.6500
25.4900 5474.8300
25.5000 5621.8650
25.5100 5429.3050
25.5200 5587.9775
25.5300 5428.7925
25.5400 5245.9525
25.5500 5249.8000
25.5600 5176.8450
25.5700 5239.9850
25.5800 5566.3850
25.5900 5729.1450
25.6000 5781.9800
25.6100 6018.3075
25.6200 6195.0475
25.6300 6790.7400
25.6400 7034.7750
25.6500 7138.6525
25.6600 7876.6700
25.6700 8424.6700
25.6800 8667.5350
25.6900 8989.4025
25.7000 9628.4075
25.7100 10559.8100
25.7200 11468.7150
25.7300 11910.1025
25.7400 12463.4200
25.7500 13077.6275
25.7600 12891.3250
25.7700 13669.3750
25.7800 13740.0775
25.7900 13781.7200
25.8000 13463.1100
25.8100 13482.0025
25.8200 13387.3875
25.8300 13143.6250
25.8400 12606.3075
25.8500 12304.0275
25.8600 11589.8600
25.8700 10984.4925
25.8800 10018.4700
25.8900 9163.0925
25.9000 8552.2525
25.9100 7817.4725
25.9200 7394.0425
25.9300 6787.4675
25.9400 6456.8200
25.9500 6084.8375
25.9600 5432.7100
25.9700 5376.2425
25.9800 5375.0000
25.9900 4868.8025
26.0000 4572.9225
26.0100 4155.4725
26.0200 4291.2175
26.0300 3858.2075
26.0400 3604.6950
26.0500 3843.7975
26.0600 3661.4825
26.0700 3524.0950
26.0800 3351.5225
26.0900 3428.1150
26.1000 3134.8825
26.1100 3069.5725
26.1200 3121.5750
26.1300 3281.7775
26.1400 3213.3275
26.1500 3137.8750
26.1600 3141.1575
26.1700 2930.5575
26.1800 3041.6875
26.1900 3159.3225
26.2000 3166.6675
26.2100 2979.4950
26.2200 3200.4800
26.2300 3107.6225
26.2400 2788.6475
26.2500 2836.6750
26.2600 2802.7975
26.2700 2691.2375
26.2800 2877.4275
26.2900 2783.0425
26.3000 2720.7225
26.3100 2608.1825
26.3200 2661.9500
26.3300 2674.4050
26.3400 2620.8625
26.3500 2562.5650
26.3600 2720.5350
26.3700 2795.0850
26.3800 2730.5750
26.3900 2624.7825
26.4000 2624.3700
26.4100 2509.5150
26.4200 2676.9650
26.4300 2645.5325
26.4400 2603.2450
26.4500 2722.8675
26.4600 2671.9400
26.4700 2428.9200
26.4800 2569.2850
26.4900 2713.5425
26.5000 2633.1475
26.5100 2540.8550
26.5200 2640.3575
26.5300 2672.9175
26.5400 2583.3850
26.5500 2483.4450
26.5600 2459.7500
26.5700 2504.0525
26.5800 2416.9550
26.5900 2355.0650
26.6000 2494.4950
26.6100 2553.9325
26.6200 2672.2600
26.6300 2645.3825
26.6400 2611.3250
26.6500 2646.2350
26.6600 2687.8775
26.6700 2593.2525
26.6800 2515.2450
26.6900 2500.7725
26.7000 2469.7775
26.7100 2323.2025
26.7200 2481.8875
26.7300 2469.8375
26.7400 2496.8100
26.7500 2612.9650
26.7600 2549.7400
26.7700 2519.1025
26.7800 2471.5700
26.7900 2444.1325
26.8000 2419.1475
26.8100 2401.6625
26.8200 2549.9325
26.8300 2574.1575
26.8400 2522.5925
26.8500 2486.7400
26.8600 2468.3800
26.8700 2474.1400
26.8800 2661.6800
26.8900 2690.7950
26.9000 2542.5175
26.9100 2450.4750
26.9200 2411.8750
26.9300 2281.8075
26.9400 2378.2350
26.9500 2384.2325
26.9600 2450.1850
26.9700 2443.4875
26.9800 2515.8500
26.9900 2339.6650
27.0000 2324.0750
27.0100 2561.9150
27.0200 2562.0725
27.0300 2336.5175
27.0400 2463.5025
27.0500 2416.8775
27.0600 2386.1950
27.0700 2538.1950
27.0800 2447.7925
27.0900 2521.7075
27.1000 2695.2475
27.1100 2797.5700
27.1200 2646.6350
27.1300 2536.8600
27.1400 2539.6800
27.1500 2431.6375
27.1600 2489.9725
27.1700 2712.4425
27.1800 2741.6675
27.1900 2705.0875
27.2000 2648.8225
27.2100 2641.6675
27.2200 2634.3650
27.2300 2618.7400
27.2400 2631.2500
27.2500 2633.3325
27.2600 2655.1800
27.2700 2527.3475
27.2800 2391.9800
27.2900 2527.6125
27.3000 2528.2125
27.3100 2604.8325
27.3200 2885.0175
27.3300 2548.1125
27.3400 2375.7800
27.3500 2466.9050
27.3600 2447.1675
27.3700 2485.0375
27.3800 2404.9825
27.3900 2348.3550
27.4000 2543.6550
27.4100 2510.1175
27.4200 2399.1400
27.4300 2354.5350
27.4400 2429.1400
27.4500 2391.3400
27.4600 2354.5950
27.4700 2342.8200
27.4800 2399.0675
27.4900 2523.0575
27.5000 2391.1925
27.5100 2302.2200
27.5200 2384.6925
27.5300 2407.1500
27.5400 2351.1650
27.5500 2470.2100
27.5600 2584.4400
27.5700 2443.1050
27.5800 2359.6525
27.5900 2307.2675
27.6000 2399.6400
27.6100 2487.7900
27.6200 2592.3975
27.6300 2572.8200
27.6400 2495.6875
27.6500 2462.0550
27.6600 2394.5400
27.6700 2397.5000
27.6800 2414.1575
27.6900 2395.4450
27.7000 2448.2175
27.7100 2430.0775
27.7200 2368.5275
27.7300 2506.4750
27.7400 2702.5225
27.7500 2578.3500
27.7600 2725.9975
27.7700 2687.9825
27.7800 2646.8800
27.7900 2466.0300
27.8000 2405.2500
27.8100 2414.0325
27.8200 2304.4900
27.8300 2416.4500
27.8400 2644.7050
27.8500 2711.3200
27.8600 2639.7575
27.8700 2443.3400
27.8800 2596.8500
27.8900 2605.4250
27.9000 2544.2200
27.9100 2582.1075
27.9200 2570.7775
27.9300 2636.2475
27.9400 2809.9225
27.9500 2661.0075
27.9600 2597.2250
27.9700 2591.6675
27.9800 2633.2700
27.9900 2607.0200
28.0000 2724.6375
28.0100 2784.5975
28.0200 2757.0925
28.0300 2922.7475
28.0400 2944.5225
28.0500 2893.3650
28.0600 3000.5575
28.0700 3093.9075
28.0800 3142.7625
28.0900 3452.7650
28.1000 3386.0175
28.1100 3516.3750
28.1200 3563.7325
28.1300 3758.7975
28.1400 3902.8550
28.1500 3877.0350
28.1600 3955.6825
28.1700 4084.4825
28.1800 4067.3075
28.1900 4112.9975
28.2000 4206.9375
28.2100 4450.1700
28.2200 4309.0800
28.2300 4327.9900
28.2400 4430.1825
28.2500 4511.2375
28.2600 4436.6100
28.2700 4369.1050
28.2800 4195.3800
28.2900 4022.6350
28.3000 3835.7250
28.3100 3955.8325
28.3200 4059.3725
28.3300 3716.4175
28.3400 3457.5500
28.3500 3396.3975
28.3600 3303.9000
28.3700 3209.1225
28.3800 3050.0925
28.3900 3238.9825
28.4000 3143.5625
28.4100 3014.1525
28.4200 2964.7775
28.4300 2884.4400
28.4400 2745.8350
28.4500 2736.7900
28.4600 2788.5900
28.4700 2913.8725
28.4800 2834.5675
28.4900 2694.6225
28.5000 2586.4575
28.5100 2426.4025
28.5200 2505.1325
28.5300 2600.0300
28.5400 2723.3025
28.5500 2703.3800
28.5600 2751.5625
28.5700 2766.6675
28.5800 2700.2100
28.5900 2696.6150
28.6000 2520.8300
28.6100 2673.9350
28.6200 2705.1200
28.6300 2693.3775
28.6400 2665.2000
28.6500 2717.8400
28.6600 2634.2275
28.6700 2502.6975
28.6800 2646.5350
28.6900 2665.2950
28.7000 2605.6300
28.7100 2545.5850
28.7200 2513.5975
28.7300 2475.4650
28.7400 2368.1375
28.7500 2341.6675
28.7600 2367.9025
28.7700 2381.5550
28.7800 2383.3325
28.7900 2291.7100
28.8000 2299.3650
28.8100 2478.2425
28.8200 2400.9275
28.8300 2425.3950
28.8400 2480.7900
28.8500 2459.0875
28.8600 2456.5100
28.8700 2464.8400
28.8800 2401.6550
28.8900 2474.2850
28.9000 2512.9825
28.9100 2425.8500
28.9200 2477.7850
28.9300 2344.5475
28.9400 2261.1650
28.9500 2418.1575
28.9600 2544.2200
28.9700 2515.0025
28.9800 2461.2800
28.9900 2282.3450
29.0000 2368.6475
29.0100 2376.1400
29.0200 2559.6825
29.0300 2462.3700
29.0400 2442.3625
29.0500 2398.6450
29.0600 2376.9200
29.0700 2394.2300
29.0800 2489.6700
29.0900 2395.0650
29.1000 2435.0775
29.1100 2432.7725
29.1200 2361.1450
29.1300 2233.1925
29.1400 2340.2700
29.1500 2338.7350
29.1600 2337.7325
29.1700 2297.1375
29.1800 2321.4725
29.1900 2339.6850
29.2000 2252.8100
29.2100 2320.1325
29.2200 2337.3250
29.2300 2377.6600
29.2400 2341.0450
29.2500 2318.6775
29.2600 2417.7550
29.2700 2418.4350
29.2800 2370.4825
29.2900 2415.0650
29.3000 2471.1250
29.3100 2565.1525
29.3200 2579.0875
29.3300 2562.4325
29.3400 2539.4950
29.3500 2445.4900
29.3600 2460.5550
29.3700 2462.4700
29.3800 2427.0350
29.3900 2535.5125
29.4000 2600.0000
29.4100 2564.6150
29.4200 2400.2275
29.4300 2499.6575
29.4400 2550.0000
29.4500 2388.1250
29.4600 2152.9200
29.4700 2303.0200
29.4800 2368.7875
29.4900 2360.4600
29.5000 2383.1400
29.5100 2534.1950
29.5200 2589.5250
29.5300 2542.1700
29.5400 2574.4575
29.5500 2616.3775
29.5600 2612.6550
29.5700 2491.1475
29.5800 2530.1175
29.5900 2570.6500
29.6000 2568.8475
29.6100 2831.0425
29.6200 2845.1350
29.6300 2779.8350
29.6400 2742.1325
29.6500 2904.9400
29.6600 2966.6675
29.6700 2929.9525
29.6800 2892.2100
29.6900 2999.4100
29.7000 3188.1725
29.7100 3345.3600
29.7200 3425.9950
29.7300 3557.3725
29.7400 3654.7650
29.7500 3796.6000
29.7600 3951.0200
29.7700 3967.3850
29.7800 4000.7900
29.7900 4004.5450
29.8000 4121.1125
29.8100 4257.4275
29.8200 4515.3625
29.8300 4684.5725
29.8400 4758.9200
29.8500 4582.0025
29.8600 4610.7800
29.8700 4631.9350
29.8800 4739.3125
29.8900 4621.0200
29.9000 4462.2250
29.9100 4671.0750
29.9200 4586.7600
29.9300 4193.0975
29.9400 4084.6275
29.9500 4025.8625
29.9600 3802.7500
29.9700 3707.0825
29.9800 3717.9025
29.9900 3569.9725
30.0000 3335.5600
30.0100 3117.8475
30.0200 3099.9675
30.0300 3205.8100
30.0400 3306.9850
30.0500 3096.0100
30.0600 2911.0775
30.0700 2845.3825
30.0800 2809.6600
30.0900 2900.5275
30.1000 2764.4125
30.1100 2626.7275
30.1200 2600.0000
30.1300 2605.8925
30.1400 2608.3325
30.1500 2620.1000
30.1600 2554.4525
30.1700 2513.2525
30.1800 2525.9400
30.1900 2621.2950
30.2000 2699.3475
30.2100 2687.3950
30.2200 2727.6450
30.2300 2773.3775
30.2400 2719.1000
30.2500 2650.8250
30.2600 2627.5050
30.2700 2566.7550
30.2800 2506.7500
30.2900 2602.1450
30.3000 2644.1900
30.3100 2566.2050
30.3200 2730.5275
30.3300 2770.3075
30.3400 2865.7975
30.3500 2835.6775
30.3600 2742.2000
30.3700 2814.8425
30.3800 2956.4250
30.3900 2890.4625
30.4000 2668.8625
30.4100 2666.4825
30.4200 2717.2500
30.4300 2834.1575
30.4400 2917.7750
30.4500 2864.5100
30.4600 2988.0500
30.4700 3081.2350
30.4800 2942.9400
30.4900 3000.7375
30.5000 3035.4925
30.5100 3110.5800
30.5200 3406.5150
30.5300 3450.9600
30.5400 3251.6475
30.5500 3362.6175
30.5600 3523.8450
30.5700 3558.3325
30.5800 3552.6625
30.5900 3782.2800
30.6000 4004.8725
30.6100 4075.3000
30.6200 4309.3475
30.6300 4490.0550
30.6400 4756.2525
30.6500 5125.8900
30.6600 5486.4725
30.6700 5673.1275
30.6800 5792.6375
30.6900 5917.5625
30.7000 6205.1825
30.7100 6650.1000
30.7200 7009.9400
30.7300 7259.4025
30.7400 7584.8875
30.7500 7825.6200
30.7600 7983.7750
30.7700 8172.7075
30.7800 8308.5050
30.7900 8491.9200
30.8000 8544.4275
30.8100 8483.3400
30.8200 8508.2825
30.8300 8383.6250
30.8400 8136.6025
30.8500 7928.2375
30.8600 7573.6000
30.8700 7270.3125
30.8800 6827.3825
30.8900 6625.1225
30.9000 6269.5775
30.9100 5838.4700
30.9200 5570.8525
30.9300 5302.2100
30.9400 4925.5475
30.9500 4651.7175
30.9600 4440.8825
30.9700 4306.4550
30.9800 4269.5300
30.9900 3988.0200
31.0000 3923.5450
31.0100 3852.1425
31.0200 3693.5950
31.0300 3527.3575
31.0400 3238.2600
31.0500 3192.7300
31.0600 3249.6175
31.0700 3225.7950
31.0800 3137.9025
31.0900 3024.2225
31.1000 2956.2950
31.1100 3006.4975
31.1200 3030.8725
31.1300 2852.4450
31.1400 2898.4000
31.1500 2948.0900
31.1600 2858.0550
31.1700 2854.2700
31.1800 2880.3675
31.1900 2813.6325
31.2000 2716.0800
31.2100 2608.4150
31.2200 2449.0500
31.2300 2303.2175
31.2400 2354.3800
31.2500 2493.6250
31.2600 2536.3400
31.2700 2559.9350
31.2800 2564.3700
31.2900 2489.3000
31.3000 2487.1350
31.3100 2503.0325
31.3200 2590.0100
31.3300 2445.9525
31.3400 2317.4800
31.3500 2366.4050
31.3600 2394.7250
31.3700 2412.7425
31.3800 2567.1200
31.3900 2728.8775
31.4000 2559.6100
31.4100 2312.6250
31.4200 2236.4225
31.4300 2343.3275
31.4400 2361.2400
31.4500 2338.5600
31.4600 2456.5575
31.4700 2488.4800
31.4800 2451.0300
31.4900 2452.0800
31.5000 2390.7150
31.5100 2443.5325
31.5200 2479.2350
31.5300 2430.3650
31.5400 2330.6225
31.5500 2355.7900
31.5600 2389.6600
31.5700 2362.6725
31.5800 2360.3200
31.5900 2309.9675
31.6000 2249.2525
31.6100 2223.0450
31.6200 2293.7500
31.6300 2346.8000
31.6400 2462.8250
31.6500 2466.7325
31.6600 2286.8175
31.6700 2215.3375
31.6800 2311.8250
31.6900 2336.0525
31.7000 2362.5400
31.7100 2340.7500
31.7200 2328.6800
31.7300 2316.2600
31.7400 2305.0750
31.7500 2293.1225
31.7600 2328.9200
31.7700 2348.2125
31.7800 2377.0500
31.7900 2283.8625
31.8000 2193.2000
31.8100 2334.5000
31.8200 2438.3675
31.8300 2426.5825
31.8400 2376.4825
31.8500 2329.9300
31.8600 2276.5675
31.8700 2239.9850
31.8800 2278.3500
31.8900 2378.2850
31.9000 2360.1150
31.9100 2341.5950
31.9200 2438.0225
31.9300 2392.1600
31.9400 2320.0300
31.9500 2356.3825
31.9600 2353.5775
31.9700 2328.3800
31.9800 2369.5375
31.9900 2365.3975
32.0000 2400.9225
32.0100 2397.2725
32.0200 2346.9575
32.0300 2402.2400
32.0400 2489.3325
32.0500 2555.9575
32.0600 2504.8400
32.0700 2474.5025
32.0800 2579.7800
32.0900 2578.1000
32.1000 2738.4775
32.1100 2917.4875
32.1200 2780.8375
32.1300 2715.3500
32.1400 2881.2975
32.1500 3086.7225
32.1600 3137.5550
32.1700 3087.5875
32.1800 3153.8100
32.1900 3298.8775
32.2000 3503.2475
32.2100 3535.9575
32.2200 3589.3675
32.2300 3873.6800
32.2400 3818.2175
32.2500 3671.4700
32.2600 3938.8925
32.2700 4142.9175
32.2800 4102.1275
32.2900 4124.0475
32.3000 4123.6800
32.3100 4101.2075
32.3200 4117.8650
32.3300 4086.9200
32.3400 4153.4250
32.3500 4196.5050
32.3600 4046.9225
32.3700 3916.8325
32.3800 3825.4075
32.3900 3704.0900
32.4000 3498.9025
32.4100 3364.4675
32.4200 3335.8675
32.4300 3282.6525
32.4400 3221.8000
32.4500 3167.1400
32.4600 3085.4000
32.4700 2966.7325
32.4800 2782.0275
32.4900 2594.5575
32.5000 2604.3375
32.5100 2657.3450
32.5200 2603.4400
32.5300 2589.9200
32.5400 2631.5575
32.5500 2557.2125
32.5600 2450.8950
32.5700 2383.3450
32.5800 2442.4575
32.5900 2327.3575
32.6000 2184.2225
32.6100 2343.6725
32.6200 2439.0625
32.6300 2329.3600
32.6400 2308.8200
32.6500 2372.9200
32.6600 2428.2950
32.6700 2426.3225
32.6800 2326.9225
32.6900 2380.7125
32.7000 2497.7800
32.7100 2425.6525
32.7200 2399.9950
32.7300 2387.1925
32.7400 2291.7925
32.7500 2336.0375
32.7600 2390.2425
32.7700 2433.7225
32.7800 2528.4500
32.7900 2553.1500
32.8000 2514.6650
32.8100 2491.6675
32.8200 2397.3950
32.8300 2321.1500
32.8400 2369.7800
32.8500 2430.6950
32.8600 2441.0675
32.8700 2540.3975
32.8800 2668.9775
32.8900 2637.7025
32.9000 2681.1025
32.9100 2788.8600
32.9200 2750.7075
32.9300 2669.0100
32.9400 2752.2050
32.9500 2938.3175
32.9600 3025.4875
32.9700 3112.6150
32.9800 3249.3150
32.9900 3422.5550
33.0000 3498.6750
33.0100 3492.5275
33.0200 3530.2150
33.0300 3746.6675
33.0400 3911.9050
33.0500 3965.3850
33.0600 4177.3650
33.0700 4455.7900
33.0800 4539.9150
33.0900 4625.7500
33.1000 4936.5375
33.1100 5164.2375
33.1200 5350.8600
33.1300 5660.1775
33.1400 5932.6875
33.1500 6080.6525
33.1600 6039.0800
33.1700 5872.5275
33.1800 5843.0825
33.1900 5955.8500
33.2000 6067.9425
33.2100 6159.3400
33.2200 5957.0925
33.2300 5725.0000
33.2400 5631.5000
33.2500 5320.9675
33.2600 5019.3275
33.2700 5026.4525
33.2800 5019.4500
33.2900 4713.9475
33.3000 4335.5075
33.3100 4204.5525
33.3200 4178.6125
33.3300 3948.7525
33.3400 3695.3000
33.3500 3725.5475
33.3600 3553.2200
33.3700 3166.4775
33.3800 3175.0525
33.3900 3158.4475
33.4000 2962.6625
33.4100 2883.3650
33.4200 2800.3825
33.4300 2633.9300
33.4400 2549.9350
33.4500 2500.5450
33.4600 2375.7150
33.4700 2353.6100
33.4800 2408.2200
33.4900 2392.0400
33.5000 2391.2575
33.5100 2428.9450
33.5200 2466.1875
33.5300 2491.6675
33.5400 2422.3950
33.5500 2309.3100
33.5600 2258.5400
33.5700 2323.0275
33.5800 2286.5650
33.5900 2150.4850
33.6000 2117.1750
33.6100 2128.2350
33.6200 2162.3600
33.6300 2231.0125
33.6400 2283.9375
33.6500 2262.6575
33.6600 2246.3225
33.6700 2253.3225
33.6800 2231.0900
33.6900 2171.3750
33.7000 2214.0525
33.7100 2275.0000
33.7200 2310.7125
33.7300 2294.5325
33.7400 2170.0375
33.7500 2194.8000
33.7600 2272.3925
33.7700 2288.9225
33.7800 2349.5300
33.7900 2264.1100
33.8000 2275.9325
33.8100 2357.4525
33.8200 2237.4725
33.8300 2162.7650
33.8400 2205.0850
33.8500 2207.7650
33.8600 2025.7175
33.8700 1922.1125
33.8800 2102.1775
33.8900 2188.7500
33.9000 2131.4900
33.9100 2196.8700
33.9200 2199.3450
33.9300 2138.4750
33.9400 2140.3425
33.9500 2146.8450
33.9600 2068.3400
33.9700 2022.2025
33.9800 2027.8450
33.9900 2014.4950
34.0000 2060.6600
34.0100 2094.7125
34.0200 2149.9850
34.0300 2173.5375
34.0400 2179.4100
34.0500 2225.0000
34.0600 2232.5250
34.0700 2181.5700
34.0800 2127.0825
34.0900 2183.6925
34.1000 2142.7750
34.1100 2090.1750
34.1200 2142.5500
34.1300 2129.6150
34.1400 2002.4750
34.1500 1868.5325
34.1600 2035.9875
34.1700 2257.3050
34.1800 2238.2575
34.1900 2135.2725
34.2000 2153.4250
34.2100 2177.9825
34.2200 2106.0400
34.2300 2123.1425
34.2400 2194.7600
34.2500 2192.1800
34.2600 2235.9150
34.2700 2195.5150
34.2800 2222.9025
34.2900 2389.8175
34.3000 2373.0100
34.3100 2276.1175
34.3200 2237.8575
34.3300 2268.3000
34.3400 2448.0475
34.3500 2469.9450
34.3600 2363.1225
34.3700 2391.6675
34.3800 2413.0475
34.3900 2413.2100
34.4000 2371.4500
34.4100 2426.9225
34.4200 2547.2550
34.4300 2603.5325
34.4400 2580.1275
34.4500 2643.7250
34.4600 2793.8725
34.4700 2829.3725
34.4800 2858.3325
34.4900 2826.8875
34.5000 2908.8875
34.5100 3104.2200
34.5200 3223.6800
34.5300 3367.3425
34.5400 3305.1125
34.5500 3255.9050
34.5600 3396.2775
34.5700 3429.3425
34.5800 3406.8725
34.5900 3420.0975
34.6000 3493.4775
34.6100 3523.3175
34.6200 3445.4675
34.6300 3468.1900
34.6400 3427.7500
34.6500 3407.0750
34.6600 3431.5100
34.6700 3379.4975
34.6800 3341.8625
34.6900 3255.5850
34.7000 3088.3075
34.7100 3029.6825
34.7200 2909.8400
34.7300 2880.0625
34.7400 2834.9875
34.7500 2623.4725
34.7600 2514.9750
34.7700 2554.8300
34.7800 2590.0775
34.7900 2535.3825
34.8000 2468.4100
34.8100 2481.3525
34.8200 2470.7200
34.8300 2400.0000
34.8400 2393.4625
34.8500 2331.1375
34.8600 2243.4875
34.8700 2282.0725
34.8800 2319.4200
34.8900 2225.9725
34.9000 2165.3100
34.9100 2159.6700
34.9200 2139.6200
34.9300 2131.4825
34.9400 2224.3500
34.9500 2211.6400
34.9600 2165.9500
34.9700 2201.2175
34.9800 2273.8525
34.9900 2309.6000
35.0000 2232.4850
35.0100 2242.5475
35.0200 2210.3650
35.0300 2222.0075
35.0400 2220.6850
35.0500 2136.4200
35.0600 2056.2650
35.0700 2017.6250
35.0800 2146.5450
35.0900 2238.7300
35.1000 2145.2050
35.1100 2069.7575
35.1200 2087.3350
35.1300 2142.1850
35.1400 2203.0700
35.1500 2214.4625
35.1600 2194.4275
35.1700 2144.7175
35.1800 2110.4300
35.1900 2056.8525
35.2000 2210.6125
35.2100 2439.3800
35.2200 2401.7275
35.2300 2304.6250
35.2400 2226.2675
35.2500 2175.9450
35.2600 2299.5575
35.2700 2325.5175
35.2800 2272.6200
35.2900 2313.0300
35.3000 2384.4450
35.3100 2446.2275
35.3200 2500.0000
35.3300 2449.9750
35.3400 2358.3325
35.3500 2384.6950
35.3600 2430.4100
35.3700 2427.9150
35.3800 2436.2425
35.3900 2467.7825
35.4000 2513.7725
35.4100 2589.1975
35.4200 2715.7350
35.4300 2646.5475
35.4400 2619.8025
35.4500 2681.7150
35.4600 2775.4550
35.4700 2825.4150
35.4800 2949.2125
35.4900 3141.9975
35.5000 3169.3475
35.5100 3220.3575
35.5200 3355.7300
35.5300 3383.3325
35.5400 3475.6875
35.5500 3680.6675
35.5600 3769.5550
35.5700 3797.2225
35.5800 3830.1700
35.5900 4188.6525
35.6000 4390.8550
35.6100 4718.3350
35.6200 4944.4100
35.6300 4898.0150
35.6400 4988.1625
35.6500 5386.2225
35.6600 5304.4050
35.6700 5185.4150
35.6800 5287.5875
35.6900 5380.6400
35.7000 5482.4850
35.7100 5657.4100
35.7200 5496.5375
35.7300 5356.6725
35.7400 5345.2050
35.7500 5293.1550
35.7600 4993.5150
35.7700 5028.0575
35.7800 4885.1250
35.7900 4560.6425
35.8000 4475.0000
35.8100 4396.7100
35.8200 4235.4100
35.8300 4188.2550
35.8400 3955.6825
35.8500 3754.9400
35.8600 3617.0175
35.8700 3347.3175
35.8800 3134.5850
35.8900 3167.3425
35.9000 3073.6300
35.9100 2894.9225
35.9200 2794.7350
35.9300 2586.6175
35.9400 2627.8575
35.9500 2689.7625
35.9600 2580.0325
35.9700 2585.1150
35.9800 2415.9150
35.9900 2412.2175
36.0000 2457.9425
36.0100 2365.7325
36.0200 2309.5475
36.0300 2155.4050
36.0400 2176.5475
36.0500 2104.8750
36.0600 2114.2350
36.0700 2147.1075
36.0800 2248.9150
36.0900 2264.2575
36.1000 2241.5225
36.1100 2188.0275
36.1200 2170.2700
36.1300 2188.1000
36.1400 2113.2550
36.1500 2014.1925
36.1600 2050.0000
36.1700 2047.6500
36.1800 2027.6075
36.1900 2036.0525
36.2000 2136.0275
36.2100 2102.3225
36.2200 2122.2175
36.2300 2112.2000
36.2400 1998.5650
36.2500 1993.7475
36.2600 1983.5950
36.2700 2132.6075
36.2800 2154.5700
36.2900 2068.3250
36.3000 2005.8850
36.3100 2082.4000
36.3200 2116.0375
36.3300 2076.0350
36.3400 2053.3625
36.3500 2110.5525
36.3600 2123.2975
36.3700 2126.2450
36.3800 2070.1575
36.3900 2057.4050
36.4000 2101.0100
36.4100 2072.4550
36.4200 2159.5075
36.4300 2098.1425
36.4400 2129.5725
36.4500 2136.6575
36.4600 2026.5025
36.4700 1983.8750
36.4800 2083.7850
36.4900 2147.7650
36.5000 2087.1825
36.5100 2025.1825
36.5200 2127.1825
36.5300 2202.0825
36.5400 2156.3475
36.5500 2101.8875
36.5600 2173.0300
36.5700 2172.4650
36.5800 2231.8925
36.5900 2143.3425
36.6000 2191.8775
36.6100 2168.6900
36.6200 2158.8775
36.6300 2216.7450
36.6400 2566.3325
36.6500 2549.8275
36.6600 2428.5750
36.6700 2484.4600
36.6800 2529.8500
36.6900 2509.3225
36.7000 2594.0250
36.7100 2693.0650
36.7200 2725.0000
36.7300 2730.7925
36.7400 2724.9950
36.7500 2645.4975
36.7600 2644.9775
36.7700 2592.3975
36.7800 2591.2700
36.7900 2669.3450
36.8000 2621.8425
36.8100 2549.3025
36.8200 2635.1950
36.8300 2602.7325
36.8400 2446.3575
36.8500 2402.5775
36.8600 2503.6625
36.8700 2520.3125
36.8800 2558.7450
36.8900 2577.7050
36.9000 2345.4600
36.9100 2442.8325
36.9200 2380.9875
36.9300 2267.7625
36.9400 2322.7225
36.9500 2256.9250
36.9600 2146.0650
36.9700 2100.0000
36.9800 2094.7900
36.9900 2083.6450
37.0000 2116.6675
37.0100 2132.0875
37.0200 2157.5575
37.0300 2058.9525
37.0400 2206.8750
37.0500 2259.9400
37.0600 2218.2675
37.0700 2178.3250
37.0800 2216.8825
37.0900 2048.3500
37.1000 2048.2350
37.1100 2081.5375
37.1200 2113.2125
37.1300 2172.1725
37.1400 2310.7875
37.1500 2223.0750
37.1600 2254.7825
37.1700 2270.2400
37.1800 2262.6275
37.1900 2299.3925
37.2000 2201.5650
37.2100 2098.4450
37.2200 2114.8625
37.2300 2225.8975
37.2400 2297.2725
37.2500 2440.9450
37.2600 2464.4000
37.2700 2448.2950
37.2800 2597.6600
37.2900 2616.0600
37.3000 2575.0000
37.3100 2576.4750
37.3200 2559.8825
37.3300 2506.8450
37.3400 2773.5500
37.3500 2794.0525
37.3600 2965.1300
37.3700 3121.2825
37.3800 2930.3300
37.3900 2955.3000
37.4000 3375.2125
37.4100 3502.7850
37.4200 3534.6625
37.4300 3652.5225
37.4400 3851.8550
37.4500 4148.8150
37.4600 4110.8125
37.4700 4205.6225
37.4800 4439.0400
37.4900 4631.8450
37.5000 4831.6475
37.5100 5023.5875
37.5200 5211.2000
37.5300 5545.5475
37.5400 5485.6725
37.5500 5055.7175
37.5600 5173.9450
37.5700 5403.7825
37.5800 5386.1725
37.5900 5131.8300
37.6000 4906.1450
37.6100 4768.4125
37.6200 4865.2450
37.6300 4740.5225
37.6400 4321.2225
37.6500 4194.0300
37.6600 4133.4300
37.6700 3978.6225
37.6800 3937.1400
37.6900 3836.2800
37.7000 3644.6850
37.7100 3278.2650
37.7200 3156.4300
37.7300 3242.1100
37.7400 3159.2225
37.7500 2930.0150
37.7600 2794.4900
37.7700 2753.9600
37.7800 2726.0850
37.7900 2713.9550
37.8000 2576.9250
37.8100 2524.8575
37.8200 2444.5925
37.8300 2305.2225
37.8400 2394.8300
37.8500 2352.1800
37.8600 2291.0425
37.8700 2173.7275
37.8800 2216.0000
37.8900 2159.9150
37.9000 2225.4700
37.9100 2185.1825
37.9200 2325.9650
37.9300 2318.9725
37.9400 2192.2025
37.9500 2065.7275
37.9600 2065.7875
37.9700 2120.3850
37.9800 2076.9325
37.9900 2046.7400
38.0000 2229.4850
38.0100 2266.6675
38.0200 2238.5075
38.0300 1993.0300
38.0400 1941.0975
38.0500 1988.6925
38.0600 1833.5725
38.0700 1990.0275
38.0800 2057.4525
38.0900 2130.7350
38.1000 2167.9325
38.1100 2032.2175
38.1200 2087.3100
38.1300 1969.0200
38.1400 1969.1725
38.1500 1763.8050
38.1600 1908.3400
38.1700 1990.1675
38.1800 1968.3350
38.1900 1902.9275
38.2000 1939.1175
38.2100 1987.8575
38.2200 1856.9225
38.2300 1845.1500
38.2400 1890.9000
38.2500 1963.4550
38.2600 1837.3550
38.2700 1892.5925
38.2800 1997.3900
38.2900 1981.4725
38.3000 2143.7325
38.3100 1971.6750
38.3200 2041.9725
38.3300 2145.7425
38.3400 2079.6800
38.3500 1917.3250
38.3600 1820.7375
38.3700 1870.9925
38.3800 1829.6300
38.3900 2002.2300
38.4000 1922.1250
38.4100 1997.3150
38.4200 1949.3600
38.4300 1822.8925
38.4400 1923.2950
38.4500 2020.4925
38.4600 1937.7000
38.4700 1748.9100
38.4800 1871.8800
38.4900 1949.5000
38.5000 1799.5450
38.5100 1801.0500
38.5200 1963.6025
38.5300 1898.0425
38.5400 1718.8250
38.5500 1920.7725
38.5600 2004.0150
38.5700 2071.9525
38.5800 1840.9000
38.5900 1833.2350
38.6000 2006.5075
38.6100 1969.1600
38.6200 2022.9175
38.6300 1974.3250
38.6400 1958.6625
38.6500 1963.7925
38.6600 1890.7350
38.6700 1866.6675
38.6800 1871.0450
38.6900 1995.0600
38.7000 2088.6575
38.7100 1998.1500
38.7200 1940.3900
38.7300 1899.7550
38.7400 1891.6675
38.7500 1891.8950
38.7600 1897.8175
38.7700 1820.0100
38.7800 1950.9975
38.7900 1993.9525
38.8000 2091.1225
38.8100 2065.6350
38.8200 2014.5525
38.8300 1905.7275
38.8400 1770.5525
38.8500 1991.1275
38.8600 1959.0850
38.8700 2009.7250
38.8800 2107.2675
38.8900 2025.0975
38.9000 2033.3325
38.9100 2031.5275
38.9200 1841.8750
38.9300 1866.9050
38.9400 1900.8550
38.9500 2041.9525
38.9600 2099.9375
38.9700 2082.9600
38.9800 1941.6675
38.9900 1941.6625
39.0000 1933.3400
39.0100 2008.1900
39.0200 2033.2575
39.0300 2049.9300
39.0400 2074.8675
39.0500 2075.0000
39.0600 2083.2700
39.0700 2149.4175
39.0800 2026.2350
39.0900 2074.4500
39.1000 2025.6075
39.1100 2025.0000
39.1200 2107.1275
39.1300 1936.0650
39.1400 2039.8525
39.1500 2213.5325
39.1600 2167.6200
39.1700 2101.3475
39.1800 2067.3800
39.1900 1838.5875
39.2000 1841.4700
39.2100 2207.3550
39.2200 2159.8500
39.2300 2044.8350
39.2400 2114.5425
39.2500 2229.8950
39.2600 2217.1775
39.2700 2176.3250
39.2800 2110.5300
39.2900 2164.6750
39.3000 2303.3325
39.3100 2356.5100
39.3200 2414.4725
39.3300 2424.6775
39.3400 2376.9975
39.3500 2470.8850
39.3600 2443.0775
39.3700 2577.1725
39.3800 2543.5275
39.3900 2557.5700
39.4000 2685.3975
39.4100 2699.5975
39.4200 2898.0450
39.4300 2884.5975
39.4400 2748.9975
39.4500 2899.5125
39.4600 3160.5700
39.4700 3198.6175
39.4800 3050.6100
39.4900 3332.2175
39.5000 3553.9150
39.5100 3723.3250
39.5200 3600.3425
39.5300 3583.8525
39.5400 3864.2450
39.5500 4156.0950
39.5600 4073.8175
39.5700 4089.9875
39.5800 3874.2950
39.5900 4067.6725
39.6000 4044.6175
39.6100 4018.4675
39.6200 4016.6675
39.6300 3846.9750
39.6400 3725.4875
39.6500 3832.0650
39.6600 3772.5175
39.6700 3659.2450
39.6800 3718.9675
39.6900 3556.6375
39.7000 3258.8825
39.7100 3149.3725
39.7200 2966.3475
39.7300 2950.0000
39.7400 3086.8425
39.7500 2970.9325
39.7600 2837.0200
39.7700 2711.4225
39.7800 2669.7525
39.7900 2576.0475
39.8000 2498.7950
39.8100 2476.6050
39.8200 2369.7050
39.8300 2448.4625
39.8400 2443.3325
39.8500 2336.8025
39.8600 2399.8000
39.8700 2400.8625
39.8800 2071.7800
39.8900 2122.7250
39.9000 2155.6500
39.9100 2254.9075
39.9200 2199.9000
39.9300 2095.3600
39.9400 2105.5275
39.9500 2152.6575
39.9600 2136.2025
39.9700 2236.4675
39.9800 2198.5050
39.9900 2088.8225
40.0000 2111.6775
40.0100 2131.3175
40.0200 2272.3175
40.0300 2116.3575
40.0400 2040.6075
40.0500 2164.4400
40.0600 2212.4275
40.0700 2165.8275
40.0800 2042.2950
40.0900 1974.3075
40.1000 2002.8250
40.1100 2066.1000
40.1200 2096.6325
40.1300 2049.6000
40.1400 2135.1300
40.1500 2114.1050
40.1600 1986.4700
40.1700 1816.3525
40.1800 1927.4650
40.1900 1921.4525
40.2000 2016.4325
40.2100 2040.4500
40.2200 1977.7225
40.2300 2080.1775
40.2400 2071.6650
40.2500 2073.7400
40.2600 2067.9375
40.2700 1996.1475
40.2800 1941.0850
40.2900 2144.2525
40.3000 2302.6725
40.3100 2254.9075
40.3200 2150.6850
40.3300 2203.2125
40.3400 2230.6200
40.3500 2177.6025
40.3600 2097.1100
40.3700 2111.1125
40.3800 2123.6000
40.3900 2138.8475
40.4000 2203.8825
40.4100 2209.7650
40.4200 2146.3125
40.4300 2147.0950
40.4400 2156.8700
40.4500 2329.8025
40.4600 2387.2100
40.4700 2364.3175
40.4800 2481.2075
40.4900 2317.5025
40.5000 2281.8050
40.5100 2426.0000
40.5200 2539.7275
40.5300 2456.7550
40.5400 2406.2900
40.5500 2487.7500
40.5600 2508.3325
40.5700 2656.3550
40.5800 2772.2750
40.5900 2825.1975
40.6000 2866.8100
40.6100 2788.1025
40.6200 3020.2550
40.6300 3056.6825
40.6400 3183.0275
40.6500 3316.2725
40.6600 3401.3300
40.6700 3396.8125
40.6800 3517.2050
40.6900 3695.1175
40.7000 4016.4950
40.7100 4091.6675
40.7200 4091.6675
40.7300 4078.5625
40.7400 4388.9575
40.7500 4566.4150
40.7600 4669.8900
40.7700 4860.8600
40.7800 4817.3850
40.7900 4746.2700
40.8000 4759.2300
40.8100 4876.5325
40.8200 5024.4625
40.8300 4755.6375
40.8400 4608.8050
40.8500 4784.2050
40.8600 4687.9050
40.8700 4616.0850
40.8800 4512.5700
40.8900 4470.5875
40.9000 4167.6675
40.9100 4144.8550
40.9200 4014.5275
40.9300 3808.4725
40.9400 3480.4075
40.9500 3366.4450
40.9600 3352.0400
40.9700 3224.3500
40.9800 3177.0625
40.9900 2993.4675
41.0000 2758.3775
41.0100 2824.7400
41.0200 2841.7650
41.0300 2684.1925
41.0400 2769.7950
41.0500 2637.1175
41.0600 2667.6975
41.0700 2638.3150
41.0800 2505.8400
41.0900 2423.6475
41.1000 2248.8475
41.1100 2246.7700
41.1200 2303.3325
41.1300 2328.8650
41.1400 2223.7500
41.1500 2286.6350
41.1600 2294.6750
41.1700 2289.3875
41.1800 2182.9125
41.1900 2232.1200
41.2000 2248.6100
41.2100 2229.6525
41.2200 2230.9950
41.2300 2179.4775
41.2400 2206.1100
41.2500 2195.1975
41.2600 2105.9975
41.2700 2015.6275
41.2800 2033.1450
41.2900 2126.8800
41.3000 2093.4075
41.3100 2066.6675
41.3200 2172.4850
41.3300 2081.7225
41.3400 2118.6850
41.3500 2245.9875
41.3600 2195.8550
41.3700 2100.1325
41.3800 2104.0425
41.3900 2145.6500
41.4000 2071.5625
41.4100 1992.9225
41.4200 2072.9375
41.4300 2122.4150
41.4400 2073.3625
41.4500 2130.1575
41.4600 2269.5125
41.4700 2310.9650
41.4800 2279.8825
41.4900 2090.6475
41.5000 2030.9975
41.5100 2024.7050
41.5200 2050.5200
41.5300 2190.5350
41.5400 2266.8550
41.5500 2162.8700
41.5600 2035.6050
41.5700 2066.9900
41.5800 2200.2700
41.5900 2166.6225
41.6000 2047.3500
41.6100 2008.3325
41.6200 2052.5125
41.6300 2047.4475
41.6400 2115.8075
41.6500 2097.9850
41.6600 2039.2950
41.6700 2068.6975
41.6800 2086.2175
41.6900 2061.5825
41.7000 2087.9800
41.7100 2102.9200
41.7200 2100.0000
41.7300 2100.0000
41.7400 2116.1325
41.7500 2114.2700
41.7600 2011.9850
41.7700 2049.1225
41.7800 2046.7175
41.7900 1952.8725
41.8000 1975.0100
41.8100 1997.7500
41.8200 1944.1525
41.8300 1921.9350
41.8400 1946.0200
41.8500 1947.8475
41.8600 2009.6600
41.8700 2050.0000
41.8800 2055.2050
41.8900 2131.0400
41.9000 2112.8300
41.9100 2209.3825
41.9200 2193.7000
41.9300 2159.0525
41.9400 2108.2925
41.9500 2071.7850
41.9600 2075.0000
41.9700 2029.1525
41.9800 1923.7750
41.9900 1956.1075
42.0000 2104.4125
42.0100 2065.7800
42.0200 2015.0950
42.0300 2065.1550
42.0400 2086.6600
42.0500 2058.3625
42.0600 2096.4675
42.0700 2118.4250
42.0800 2033.9825
42.0900 2027.8300
42.1000 2018.8800
42.1100 1952.3150
42.1200 2047.6600
42.1300 2152.9075
42.1400 2117.8550
42.1500 2020.0425
42.1600 1994.4250
42.1700 2056.7650
42.1800 2086.8350
42.1900 2184.5100
42.2000 2181.4500
42.2100 2072.2825
42.2200 2028.5525
42.2300 2039.3025
42.2400 2092.7900
42.2500 2181.9000
42.2600 2234.4575
42.2700 2213.3700
42.2800 2186.9625
42.2900 2155.1900
42.3000 2077.2000
42.3100 2065.9875
42.3200 2184.7100
42.3300 2304.7275
42.3400 2175.1125
42.3500 2060.1200
42.3600 2084.2025
42.3700 2224.7150
42.3800 2328.7575
42.3900 2224.6350
42.4000 2255.3950
42.4100 2345.4650
42.4200 2296.4350
42.4300 2217.7400
42.4400 2138.3600
42.4500 2068.6100
42.4600 2050.6100
42.4700 2116.2925
42.4800 2286.6925
42.4900 2422.6925
42.5000 2379.2900
42.5100 2254.9775
42.5200 2200.0000
42.5300 2226.2800
42.5400 2319.8750
42.5500 2392.0425
42.5600 2352.2500
42.5700 2304.0050
42.5800 2278.4275
42.5900 2219.6200
42.6000 2264.8125
42.6100 2367.3175
42.6200 2314.9500
42.6300 2271.4100
42.6400 2367.7700
42.6500 2475.5575
42.6600 2605.0625
42.6700 2628.7250
42.6800 2487.1925
42.6900 2491.7250
42.7000 2608.2500
42.7100 2579.5225
42.7200 2367.9975
42.7300 2381.3225
42.7400 2508.9700
42.7500 2483.0250
42.7600 2532.6125
42.7700 2513.8475
42.7800 2421.8850
42.7900 2371.2250
42.8000 2434.7700
42.8100 2504.6375
42.8200 2615.5475
42.8300 2706.1900
42.8400 2582.9175
42.8500 2535.6025
42.8600 2488.2675
42.8700 2336.6625
42.8800 2443.3650
42.8900 2648.9400
42.9000 2577.2325
42.9100 2463.3750
42.9200 2465.4450
42.9300 2437.1575
42.9400 2352.6575
42.9500 2316.6675
42.9600 2347.1250
42.9700 2444.0300
42.9800 2550.6875
42.9900 2663.2275
43.0000 2708.7200
43.0100 2654.5950
43.0200 2650.0000
43.0300 2553.4925
43.0400 2488.8050
43.0500 2617.2850
43.0600 2706.3500
43.0700 2735.9700
43.0800 2720.8525
43.0900 2730.5175
43.1000 2892.9100
43.1100 3053.8175
43.1200 3095.2550
43.1300 3135.7450
43.1400 3122.8000
43.1500 3087.7775
43.1600 3252.4600
43.1700 3507.8050
43.1800 3677.1825
43.1900 3670.7175
43.2000 3839.8975
43.2100 4133.9850
43.2200 4210.0825
43.2300 4328.0025
43.2400 4443.0000
43.2500 4622.3225
43.2600 4910.7700
43.2700 5152.2775
43.2800 5280.6275
43.2900 5488.9800
43.3000 5718.4250
43.3100 5901.4175
43.3200 6107.8750
43.3300 6241.2975
43.3400 6498.4525
43.3500 6865.6900
43.3600 6935.1575
43.3700 7035.1650
43.3800 7369.6350
43.3900 7698.8750
43.4000 7810.2700
43.4100 7745.8775
43.4200 7620.2975
43.4300 7652.9950
43.4400 7783.2025
43.4500 7747.9200
43.4600 7711.6400
43.4700 7661.2225
43.4800 7702.1650
43.4900 7725.4400
43.5000 7725.2700
43.5100 7661.5000
43.5200 7676.5600
43.5300 7513.3225
43.5400 7357.0075
43.5500 7274.2625
43.5600 7236.8000
43.5700 7374.7175
43.5800 7391.1675
43.5900 7259.9150
43.6000 7041.8900
43.6100 6650.0000
43.6200 6481.7375
43.6300 6503.3125
43.6400 6680.0125
43.6500 6522.3475
43.6600 6370.8075
43.6700 6404.0825
43.6800 6130.2975
43.6900 6005.4550
43.7000 5947.0675
43.7100 5986.5850
43.7200 5702.4050
43.7300 5298.2225
43.7400 5148.2975
43.7500 5055.6375
43.7600 4867.6625
43.7700 4427.3300
43.7800 4393.2050
43.7900 4495.8700
43.8000 4269.9175
43.8100 4048.2725
43.8200 3806.8425
43.8300 3792.4575
43.8400 3847.4350
43.8500 3706.5300
43.8600 3303.6675
43.8700 3118.6175
43.8800 3210.0225
43.8900 3238.3150
43.9000 3207.9050
43.9100 3061.5675
43.9200 2947.5525
43.9300 2883.3025
43.9400 2724.7475
43.9500 2721.7700
43.9600 2783.2425
43.9700 2697.6275
43.9800 2665.7325
43.9900 2588.2850
44.0000 2628.1750
44.0100 2808.3325
44.0200 2757.7725
44.0300 2593.0325
44.0400 2531.0175
44.0500 2645.7500
44.0600 2771.5200
44.0700 2689.9850
44.0800 2583.5375
44.0900 2491.6675
44.1000 2476.4175
44.1100 2487.4225
44.1200 2678.1925
44.1300 2740.6625
44.1400 2574.2975
44.1500 2450.0000
44.1600 2408.2325
44.1700 2299.9200
44.1800 2389.1050
44.1900 2534.8925
44.2000 2584.2200
44.2100 2475.2825
44.2200 2495.9450
44.2300 2677.3500
44.2400 2740.5200
44.2500 2596.4725
44.2600 2631.8050
44.2700 2583.9225
44.2800 2806.4275
44.2900 2798.1100
44.3000 2772.9075
44.3100 2741.8225
44.3200 2889.7025
44.3300 3043.9200
44.3400 3152.8175
44.3500 2967.1400
44.3600 2967.2050
44.3700 3202.7875
44.3800 3292.5325
44.3900 3391.3525
44.4000 3528.7250
44.4100 3598.9000
44.4200 3679.8250
44.4300 3633.3325
44.4400 3649.9425
44.4500 3803.8700
44.4600 4132.2550
44.4700 4091.1900
44.4800 4384.2550
44.4900 4464.6675
44.5000 4485.3950
44.5100 4486.2750
44.5200 4611.4075
44.5300 4621.9575
44.5400 4623.3900
44.5500 4690.1775
44.5600 4658.2675
44.5700 4509.5725
44.5800 4369.8775
44.5900 4392.1675
44.6000 4227.6850
44.6100 4174.8700
44.6200 4038.9550
44.6300 3977.8750
44.6400 3928.4150
44.6500 3790.0000
44.6600 3648.6825
44.6700 3672.9100
44.6800 3787.6500
44.6900 3454.8275
44.7000 3241.2175
44.7100 3176.8025
44.7200 3130.8000
44.7300 3329.3650
44.7400 3167.8625
44.7500 3187.3900
44.7600 2918.9125
44.7700 2688.7225
44.7800 2753.5750
44.7900 2592.2075
44.8000 2432.2375
44.8100 2415.2800
44.8200 2364.8950
44.8300 2475.0500
44.8400 2543.6525
44.8500 2588.2200
44.8600 2378.3325
44.8700 2338.7150
44.8800 2335.0575
44.8900 2473.0975
44.9000 2451.7825
44.9100 2401.8400
44.9200 2404.9200
44.9300 2318.0950
44.9400 2406.1000
44.9500 2457.4775
44.9600 2447.4825
44.9700 2424.1775
44.9800 2409.4050
44.9900 2353.5250
45.0000 2475.1850
45.0100 2563.6400
45.0200 2612.9575
45.0300 2564.8400
45.0400 2480.3275
45.0500 2728.4500
45.0600 2854.2725
45.0700 2798.4250
45.0800 2691.0650
45.0900 2793.3800
45.1000 2910.5500
45.1100 2842.2625
45.1200 2957.7550
45.1300 2963.5000
45.1400 3140.1700
45.1500 3003.7075
45.1600 3063.4675
45.1700 3152.5975
45.1800 3317.7925
45.1900 3199.0725
45.2000 3189.1500
45.2100 3295.9775
45.2200 3373.3425
45.2300 3339.6775
45.2400 3293.8975
45.2500 3169.2200
45.2600 3226.3925
45.2700 3258.3325
45.2800 3249.8225
45.2900 3040.5000
45.3000 3240.1000
45.3100 3430.9450
45.3200 3360.0750
45.3300 3415.0425
45.3400 3357.6875
45.3500 3331.9425
45.3600 3269.7225
45.3700 3030.6900
45.3800 2904.9000
45.3900 3171.4425
45.4000 2951.1500
45.4100 3036.1825
45.4200 3273.3700
45.4300 3106.9750
45.4400 2933.2850
45.4500 2924.5975
45.4600 2816.4825
45.4700 2708.3675
45.4800 2907.8650
45.4900 3041.0850
45.5000 2851.2250
45.5100 2742.5800
45.5200 2741.6675
45.5300 2379.5800
45.5400 2457.1225
45.5500 2630.4350
45.5600 2461.5875
45.5700 2384.8800
45.5800 2546.2200
45.5900 2322.4350
45.6000 2316.6675
45.6100 2243.8275
45.6200 2249.7425
45.6300 2451.4775
45.6400 2257.2825
45.6500 2161.7275
45.6600 2206.3800
45.6700 2008.5675
45.6800 2191.3625
45.6900 2072.7000
45.7000 1955.5200
45.7100 2029.2200
45.7200 1993.8100
45.7300 2007.4425
45.7400 2024.0750
45.7500 2095.6775
45.7600 2170.5225
45.7700 1885.7175
45.7800 2014.8875
45.7900 1877.1075
45.8000 1990.9300
45.8100 2061.9925
45.8200 2082.1300
45.8300 2191.3350
45.8400 2030.6650
45.8500 2108.8225
45.8600 2170.3025
45.8700 2052.6825
45.8800 2003.5300
45.8900 2007.6100
45.9000 1970.3700
45.9100 1883.3425
45.9200 1935.4600
45.9300 1821.0275
45.9400 1770.7200
45.9500 1924.2700
45.9600 1994.0775
45.9700 1940.2425
45.9800 1918.4300
45.9900 1805.1475
46.0000 1687.8275
46.0100 1785.9900
46.0200 1955.0175
46.0300 1908.7225
46.0400 1841.2275
46.0500 1804.0175
46.0600 1697.6450
46.0700 1734.3875
46.0800 1770.7700
46.0900 1825.8050
46.1000 1818.8525
46.1100 1802.2225
46.1200 1691.9325
46.1300 1739.6800
46.1400 1785.8450
46.1500 1820.2700
46.1600 1839.2675
46.1700 1827.4350
46.1800 1903.0725
46.1900 1831.7125
46.2000 1915.5300
46.2100 1813.5900
46.2200 1707.3575
46.2300 1656.6275
46.2400 1831.7375
46.2500 1831.8075
46.2600 1769.3675
46.2700 1786.0775
46.2800 1819.3375
46.2900 1825.0000
46.3000 1804.3550
46.3100 1758.8175
46.3200 1838.9950
46.3300 1865.1600
46.3400 1921.1425
46.3500 1865.4200
46.3600 1761.9475
46.3700 1870.0125
46.3800 1906.7375
46.3900 1847.8650
46.4000 1766.3275
46.4100 1669.8125
46.4200 1809.9375
46.4300 1796.8325
46.4400 1763.4500
46.4500 1764.9425
46.4600 1825.9850
46.4700 1802.2300
46.4800 1758.8950
46.4900 1678.1025
46.5000 1625.7450
46.5100 1675.1600
46.5200 1704.6275
46.5300 1663.0950
46.5400 1740.2175
46.5500 1760.2400
46.5600 1809.5925
46.5700 1863.3325
46.5800 1785.8150
46.5900 1726.5750
46.6000 1862.3350
46.6100 1920.9625
46.6200 1824.2575
46.6300 1754.0000
46.6400 1679.0750
46.6500 1677.0550
46.6600 1789.1075
46.6700 1905.6450
46.6800 1939.5175
46.6900 1799.8425
46.7000 1762.2950
46.7100 1729.8925
46.7200 1783.8800
46.7300 1850.9750
46.7400 1654.1175
46.7500 1629.4875
46.7600 1710.3525
46.7700 1793.5000
46.7800 1732.6975
46.7900 1765.7700
46.8000 1898.9500
46.8100 1870.3700
46.8200 1847.5900
46.8300 1914.9425
46.8400 1971.0900
46.8500 1901.2100
46.8600 1796.5000
46.8700 1755.0100
46.8800 1784.8550
46.8900 1811.5800
46.9000 1851.2950
46.9100 1883.9250
46.9200 1805.6650
46.9300 1783.8100
46.9400 1842.9250
46.9500 1690.6975
46.9600 1698.8525
46.9700 1871.3475
46.9800 1860.2825
46.9900 1886.6025
47.0000 1894.3425
47.0100 1777.6575
47.0200 1730.5425
47.0300 1777.5225
47.0400 1761.4675
47.0500 1823.9450
47.0600 1861.2000
47.0700 1929.1425
47.0800 1912.3900
47.0900 1796.8000
47.1000 1755.3900
47.1100 1747.5925
47.1200 1757.7175
47.1300 1787.9925
47.1400 1773.4400
47.1500 1843.0150
47.1600 1833.6600
47.1700 1878.8075
47.1800 1961.6425
47.1900 1811.2350
47.2000 1765.4850
47.2100 1737.8850
47.2200 1777.3525
47.2300 1737.6650
47.2400 1683.3325
47.2500 1759.8100
47.2600 1782.9400
47.2700 1797.0225
47.2800 1851.9450
47.2900 1854.9200
47.3000 1856.6700
47.3100 1891.5725
47.3200 1809.1025
47.3300 1736.7250
47.3400 1782.5550
47.3500 1860.7900
47.3600 1901.4325
47.3700 1976.4200
47.3800 1928.1275
47.3900 1766.6800
47.4000 1666.3700
47.4100 1665.5900
47.4200 1716.6850
47.4300 1732.1775
47.4400 1795.8775
47.4500 1882.9375
47.4600 1847.4200
47.4700 1762.6750
47.4800 1742.6250
47.4900 1791.6350
47.5000 1866.4550
47.5100 1872.4825
47.5200 1854.5675
47.5300 1790.1350
47.5400 1701.6475
47.5500 1598.3875
47.5600 1551.2800
47.5700 1602.4000
47.5800 1686.6950
47.5900 1720.0525
47.6000 1677.4850
47.6100 1663.1600
47.6200 1666.2675
47.6300 1671.3725
47.6400 1679.0075
47.6500 1627.6275
47.6600 1613.3375
47.6700 1697.1275
47.6800 1711.7850
47.6900 1658.0950
47.7000 1683.7250
47.7100 1783.6000
47.7200 1887.4875
47.7300 1945.7700
47.7400 1896.4550
47.7500 1796.3875
47.7600 1827.7750
47.7700 1847.1600
47.7800 1787.6225
47.7900 1803.4525
47.8000 1820.9950
47.8100 1816.6675
47.8200 1773.0725
47.8300 1788.0875
47.8400 1897.5600
47.8500 1887.0350
47.8600 1825.0000
47.8700 1875.2000
47.8800 1929.4925
47.8900 1852.4050
47.9000 1755.2650
47.9100 1749.2275
47.9200 1844.8025
47.9300 1964.9575
47.9400 1923.8350
47.9500 1861.0950
47.9600 1856.6100
47.9700 1800.4175
47.9800 1834.7050
47.9900 1987.5775
48.0000 2061.9300
48.0100 2013.0375
48.0200 2005.6525
48.0300 2098.7350
48.0400 2066.1700
48.0500 2011.8275
48.0600 1954.1625
48.0700 1866.6675
48.0800 1870.0975
48.0900 1932.9800
48.1000 1982.7675
48.1100 1967.0275
48.1200 1966.4350
48.1300 1951.5725
48.1400 2048.2825
48.1500 2022.1800
48.1600 1934.0075
48.1700 1912.5400
48.1800 1909.9650
48.1900 1858.9650
48.2000 1900.0000
48.2100 1877.8625
48.2200 1863.6575
48.2300 1875.0325
48.2400 1833.3325
48.2500 1864.1275
48.2600 1935.0175
48.2700 1939.3275
48.2800 1882.6150
48.2900 1878.6500
48.3000 1864.2975
48.3100 1788.1825
48.3200 1743.1975
48.3300 1781.5525
48.3400 1907.3075
48.3500 1884.1700
48.3600 1939.0325
48.3700 1964.1450
48.3800 1952.3525
48.3900 1900.0850
48.4000 1966.5975
48.4100 2010.9825
48.4200 1981.5700
48.4300 1902.0350
48.4400 2014.6650
48.4500 2093.4125
48.4600 1989.8500
48.4700 1955.2400
48.4800 2005.6425
48.4900 2068.4700
48.5000 2016.6675
48.5100 2067.3750
48.5200 2223.5625
48.5300 2284.2550
48.5400 2218.2225
48.5500 2185.2900
48.5600 2067.0100
48.5700 2146.8775
48.5800 2272.7100
48.5900 2323.9650
48.6000 2244.2600
48.6100 2210.6575
48.6200 2235.0950
48.6300 2292.4625
48.6400 2296.3175
48.6500 2275.2650
48.6600 2397.7300
48.6700 2481.1350
48.6800 2442.3525
48.6900 2341.3800
48.7000 2310.2650
48.7100 2302.2300
48.7200 2341.7000
48.7300 2372.8775
48.7400 2360.9275
48.7500 2238.2750
48.7600 2164.0475
48.7700 2168.6225
48.7800 2037.7375
48.7900 2044.4300
48.8000 2089.1175
48.8100 2000.2950
48.8200 1912.9075
48.8300 1931.5825
48.8400 2050.8500
48.8500 2059.7350
48.8600 1978.5875
48.8700 1988.1225
48.8800 1946.9800
48.8900 1874.5350
48.9000 2000.0000
48.9100 1964.5675
48.9200 1833.3300
48.9300 1860.0875
48.9400 1831.7100
48.9500 1820.1950
48.9600 1815.8050
48.9700 1856.8300
48.9800 1741.6675
48.9900 1756.8300
49.0000 1820.5150
49.0100 1797.0525
49.0200 1770.2650
49.0300 1729.7925
49.0400 1810.7875
49.0500 1690.2850
49.0600 1660.7950
49.0700 1761.0225
49.0800 1753.8275
49.0900 1636.4600
49.1000 1610.8950
49.1100 1637.5900
49.1200 1729.3700
49.1300 1846.3525
49.1400 1811.8600
49.1500 1729.8150
49.1600 1716.3950
49.1700 1770.0575
49.1800 1789.4500
49.1900 1776.0875
49.2000 1774.8100
49.2100 1726.0625
49.2200 1805.9800
49.2300 1906.3325
49.2400 1887.7500
49.2500 1860.2500
49.2600 1857.2125
49.2700 1715.7525
49.2800 1709.2275
49.2900 1726.2550
49.3000 1819.3825
49.3100 1914.1825
49.3200 1891.6675
49.3300 1883.8150
49.3400 1809.0975
49.3500 1818.1500
49.3600 1823.2475
49.3700 1734.8375
49.3800 1927.9150
49.3900 1870.6000
49.4000 1914.7650
49.4100 1887.3800
49.4200 1837.4700
49.4300 1894.5125
49.4400 1944.8325
49.4500 2110.9625
49.4600 2141.4275
49.4700 2010.2650
49.4800 2044.4325
49.4900 2084.1975
49.5000 1963.3675
49.5100 2218.6475
49.5200 2256.0875
49.5300 2203.7475
49.5400 2094.7025
49.5500 1978.1150
49.5600 2278.4525
49.5700 2378.7250
49.5800 2486.0450
49.5900 2305.3450
49.6000 2496.5825
49.6100 2357.6150
49.6200 2327.9950
49.6300 2485.3725
49.6400 2607.5325
49.6500 2549.5375
49.6600 2510.4600
49.6700 2758.2850
49.6800 2749.6975
49.6900 2658.3800
49.7000 2724.8725
49.7100 2907.5050
49.7200 2726.3050
49.7300 2625.9725
49.7400 2625.0000
49.7500 2846.6375
49.7600 2784.5025
49.7700 2873.1525
49.7800 2834.2825
49.7900 2605.9200
49.8000 2656.7000
49.8100 2521.0000
49.8200 2452.2125
49.8300 2683.0150
49.8400 2739.7450
49.8500 2605.8125
49.8600 2552.1825
49.8700 2510.2600
49.8800 2357.7350
49.8900 2405.3325
49.9000 2518.6925
49.9100 2383.5025
49.9200 2265.2500
49.9300 2430.3175
49.9400 2348.1175
49.9500 2357.2150
49.9600 2335.0775
49.9700 2426.1000
49.9800 2279.1600
49.9900 2358.9100
