2.0000 8981.6875
2.0100 8854.3800
2.0200 8939.6675
2.0300 9049.8850
2.0400 8999.8575
2.0500 9158.8125
2.0600 9137.2450
2.0700 9083.8925
2.0800 9079.7800
2.0900 8974.6850
2.1000 8866.7725
2.1100 8810.7075
2.1200 8817.9925
2.1300 8831.5125
2.1400 9030.1625
2.1500 8852.6000
2.1600 8618.4350
2.1700 8590.6450
2.1800 8789.1150
2.1900 8695.3400
2.2000 8676.2075
2.2100 8881.7825
2.2200 9258.8800
2.2300 9868.4225
2.2400 10470.6550
2.2500 11037.1425
2.2600 11584.5875
2.2700 12420.7150
2.2800 13196.3975
2.2900 13900.2950
2.3000 14675.9000
2.3100 14875.0950
2.3200 14875.5750
2.3300 15130.4400
2.3400 15168.3700
2.3500 15082.2200
2.3600 15167.7375
2.3700 15242.0050
2.3800 14994.7900
2.3900 14683.0175
2.4000 14877.4250
2.4100 14788.2975
2.4200 14651.7150
2.4300 14712.1700
2.4400 15002.5400
2.4500 15308.5800
2.4600 15160.9100
2.4700 14642.4075
2.4800 14428.5825
2.4900 14091.9775
2.5000 14028.3025
2.5100 14151.5925
2.5200 14312.4125
2.5300 13494.9775
2.5400 13758.8450
2.5500 14140.2400
2.5600 13973.6250
2.5700 13530.2825
2.5800 13227.5950
2.5900 13510.2650
2.6000 13298.5750
2.6100 13202.0075
2.6200 13295.1425
2.6300 13039.9625
2.6400 12650.9550
2.6500 12492.4550
2.6600 12626.8750
2.6700 12676.0725
2.6800 12894.5800
2.6900 12353.3650
2.7000 12388.1875
2.7100 12450.4300
2.7200 12598.0375
2.7300 12401.2025
2.7400 12351.5650
2.7500 12620.1375
2.7600 12274.0725
2.7700 12347.9375
2.7800 12091.1450
2.7900 11980.2275
2.8000 12176.4775
2.8100 12073.9925
2.8200 12178.6975
2.8300 11774.2650
2.8400 11579.3425
2.8500 11320.2400
2.8600 11612.2200
2.8700 11703.0350
2.8800 11292.8450
2.8900 11332.9250
2.9000 11321.3175
2.9100 11535.9000
2.9200 11195.5275
2.9300 10855.8525
2.9400 10594.6975
2.9500 11141.8975
2.9600 11274.7250
2.9700 11001.6050
2.9800 11000.0000
2.9900 10810.9000
3.0000 11062.2325
3.0100 10944.2825
3.0200 10844.1375
3.0300 10793.0900
3.0400 10775.5375
3.0500 10726.8000
3.0600 10572.9600
3.0700 10630.4325
3.0800 10498.3600
3.0900 10594.4750
3.1000 10229.7750
3.1100 10153.4125
3.1200 9907.7425
3.1300 10179.6575
3.1400 10184.4950
3.1500 9766.3850
3.1600 10217.8150
3.1700 10526.4025
3.1800 10046.5500
3.1900 9977.2100
3.2000 10111.1875
3.2100 10140.0700
3.2200 10239.2175
3.2300 10175.2700
3.2400 9757.3525
3.2500 9797.2675
3.2600 9808.3325
3.2700 9874.4775
3.2800 9912.6075
3.2900 9661.5975
3.3000 9356.4950
3.3100 9215.5000
3.3200 9646.1100
3.3300 9795.4775
3.3400 10321.9700
3.3500 9932.4225
3.3600 9517.5950
3.3700 9704.7950
3.3800 9665.8675
3.3900 9503.4100
3.4000 9426.3500
3.4100 9520.4575
3.4200 9376.3375
3.4300 9327.9500
3.4400 9434.2425
3.4500 9689.4375
3.4600 9646.9325
3.4700 9422.9125
3.4800 9884.6375
3.4900 9647.8650
3.5000 9498.5300
3.5100 9317.9700
3.5200 9413.2675
3.5300 9410.6775
3.5400 9328.2400
3.5500 9275.8675
3.5600 9202.0375
3.5700 8990.3525
3.5800 9106.2000
3.5900 9292.1500
3.6000 9269.9125
3.6100 9193.1925
3.6200 9074.4925
3.6300 9404.2575
3.6400 9705.4225
3.6500 9450.9075
3.6600 9304.7000
3.6700 9610.4900
3.6800 9371.1325
3.6900 9265.9500
3.7000 9347.4950
3.7100 9417.0775
3.7200 9206.0475
3.7300 9438.0350
3.7400 9229.1475
3.7500 8850.1175
3.7600 9002.0475
3.7700 8834.2425
3.7800 8890.7250
3.7900 9110.9700
3.8000 9106.0925
3.8100 9137.8375
3.8200 9223.4950
3.8300 9029.5325
3.8400 8947.4925
3.8500 9086.9875
3.8600 9060.9775
3.8700 9072.0100
3.8800 9094.4950
3.8900 9097.1425
3.9000 9176.2375
3.9100 9113.7650
3.9200 9144.5150
3.9300 9164.8825
3.9400 9139.3450
3.9500 9064.4625
3.9600 9251.5400
3.9700 8896.1150
3.9800 8728.1500
3.9900 9027.9225
4.0000 9182.1175
4.0100 9114.8475
4.0200 8980.1025
4.0300 9061.6900
4.0400 9009.0675
4.0500 8706.4975
4.0600 8686.0600
4.0700 8900.1950
4.0800 9016.2475
4.0900 9140.8475
4.1000 9129.2250
4.1100 8897.6625
4.1200 8899.7875
4.1300 8967.8150
4.1400 8907.3275
4.1500 8766.6200
4.1600 8908.1225
4.1700 8855.2825
4.1800 8920.1275
4.1900 9079.8975
4.2000 8935.8250
4.2100 8660.1450
4.2200 8652.6250
4.2300 8559.9500
4.2400 8357.1950
4.2500 8447.8050
4.2600 8770.1300
4.2700 8953.1775
4.2800 8872.6325
4.2900 8773.5975
4.3000 8771.8375
4.3100 8982.5600
4.3200 9048.7025
4.3300 8870.3525
4.3400 8845.7900
4.3500 9028.1700
4.3600 9031.0525
4.3700 8789.9150
4.3800 8557.5900
4.3900 8473.5325
4.4000 8688.2950
4.4100 8914.6275
4.4200 8749.8175
4.4300 8696.3300
4.4400 8868.9825
4.4500 8852.5775
4.4600 8825.3375
4.4700 8705.9975
4.4800 8663.4400
4.4900 8711.2050
4.5000 8636.0450
4.5100 8620.6300
4.5200 8781.8150
4.5300 8840.5750
4.5400 8763.7650
4.5500 8607.2225
4.5600 8578.2925
4.5700 8535.9775
4.5800 8536.3600
4.5900 8805.5750
4.6000 8911.8900
4.6100 8843.5200
4.6200 8804.4575
4.6300 8738.3575
4.6400 8837.7975
4.6500 8981.3125
4.6600 8798.5950
4.6700 8577.7225
4.6800 8885.0175
4.6900 8897.4425
4.7000 8526.6250
4.7100 8419.6975
4.7200 8414.1925
4.7300 8266.8850
4.7400 8366.7000
4.7500 8770.7200
4.7600 8914.2675
4.7700 8944.0050
4.7800 8935.0825
4.7900 9056.2875
4.8000 8883.8800
4.8100 8718.9800
4.8200 8750.8175
4.8300 8822.1500
4.8400 8696.9450
4.8500 8807.3800
4.8600 8892.1500
4.8700 8847.6550
4.8800 8825.0000
4.8900 8835.4575
4.9000 8886.7850
4.9100 8911.6150
4.9200 8875.6275
4.9300 8954.1100
4.9400 8864.1900
4.9500 8890.1675
4.9600 9007.8275
4.9700 9007.7950
4.9800 8744.1350
4.9900 8750.4325
5.0000 8923.0525
5.0100 9016.2925
5.0200 8739.9400
5.0300 8626.9625
5.0400 8905.3525
5.0500 9003.6350
5.0600 9213.5500
5.0700 9414.9075
5.0800 9066.4425
5.0900 8935.2550
5.1000 8952.9400
5.1100 8889.6425
5.1200 9142.0525
5.1300 9320.7200
5.1400 9134.0325
5.1500 9172.6425
5.1600 9102.7075
5.1700 9085.1825
5.1800 9098.9500
5.1900 9125.0000
5.2000 9151.5050
5.2100 9196.0625
5.2200 9000.2300
5.2300 9094.0275
5.2400 9288.5425
5.2500 9114.8625
5.2600 9061.4125
5.2700 8784.9700
5.2800 9060.2825
5.2900 9137.0925
5.3000 9140.6275
5.3100 9211.7600
5.3200 9001.5675
5.3300 8861.3375
5.3400 8944.4725
5.3500 9061.5150
5.3600 8962.0325
5.3700 9049.8925
5.3800 9188.4675
5.3900 9240.5450
5.4000 9426.6625
5.4100 9679.2700
5.4200 9360.0850
5.4300 9083.9200
5.4400 9215.2625
5.4500 9363.3750
5.4600 9310.6225
5.4700 9071.8125
5.4800 8946.2225
5.4900 9428.6050
5.5000 9242.0900
5.5100 9477.4875
5.5200 9302.7350
5.5300 9339.1625
5.5400 9423.9825
5.5500 9123.3350
5.5600 9098.6600
5.5700 8996.6375
5.5800 8909.7000
5.5900 9190.9950
5.6000 9339.4125
5.6100 9139.4050
5.6200 9194.7200
5.6300 9065.6775
5.6400 9467.8575
5.6500 9495.2950
5.6600 9641.4875
5.6700 9401.5525
5.6800 9418.6150
5.6900 9327.3625
5.7000 9510.9675
5.7100 9560.3975
5.7200 9595.3575
5.7300 9496.7525
5.7400 9421.9875
5.7500 9352.1600
5.7600 9415.1200
5.7700 9610.1300
5.7800 9662.2800
5.7900 9508.1275
5.8000 9493.5575
5.8100 9212.8575
5.8200 9900.7625
5.8300 9944.7300
5.8400 9518.5550
5.8500 9726.2425
5.8600 9932.8550
5.8700 9766.7050
5.8800 9475.9675
5.8900 9325.9625
5.9000 9539.6100
5.9100 10051.8325
5.9200 10238.7950
5.9300 9963.6450
5.9400 10023.5450
5.9500 10016.8750
5.9600 9603.5550
5.9700 9704.7125
5.9800 9982.0000
5.9900 9750.9625
6.0000 9709.6750
6.0100 10091.0100
6.0200 9782.5100
6.0300 9663.6875
6.0400 9745.1900
6.0500 9663.4250
6.0600 9603.4175
6.0700 9912.7875
6.0800 10097.0125
6.0900 9991.8000
6.1000 9843.9500
6.1100 9871.9250
6.1200 10136.5575
6.1300 9828.6275
6.1400 9998.7000
6.1500 10100.4550
6.1600 10229.8025
6.1700 10241.6675
6.1800 9887.2250
6.1900 10000.3225
6.2000 10248.8850
6.2100 10401.9175
6.2200 10312.4975
6.2300 10433.4800
6.2400 10390.8775
6.2500 10302.3150
6.2600 10555.9175
6.2700 10767.2325
6.2800 10412.5750
6.2900 10038.6650
6.3000 10042.3475
6.3100 10338.6100
6.3200 10289.8600
6.3300 10260.6700
6.3400 10129.8050
6.3500 9930.4450
6.3600 10346.7100
6.3700 10679.3675
6.3800 10725.0000
6.3900 10774.1125
6.4000 10454.7450
6.4100 10447.3975
6.4200 10541.6325
6.4300 10862.6775
6.4400 10980.1375
6.4500 10998.5350
6.4600 10938.4150
6.4700 10938.6350
6.4800 11118.2950
6.4900 11226.0200
6.5000 11187.7125
6.5100 11578.1725
6.5200 11741.9500
6.5300 11558.2225
6.5400 11455.1675
6.5500 11799.2150
6.5600 12043.3925
6.5700 11827.0175
6.5800 11850.0025
6.5900 11953.2800
6.6000 12065.9825
6.6100 12318.2700
6.6200 12222.0850
6.6300 12303.5125
6.6400 12463.2900
6.6500 12786.9575
6.6600 13218.0350
6.6700 13331.3275
6.6800 13345.9400
6.6900 13400.2375
6.7000 13397.9000
6.7100 13098.8075
6.7200 13477.9250
6.7300 13715.8575
6.7400 13790.9350
6.7500 13759.2600
6.7600 13851.6475
6.7700 13897.7525
6.7800 14148.5325
6.7900 14652.2275
6.8000 14676.0350
6.8100 14684.8950
6.8200 14797.8150
6.8300 14993.7500
6.8400 15502.1350
6.8500 15842.4550
6.8600 15550.3025
6.8700 15686.4250
6.8800 16244.9425
6.8900 16613.0575
6.9000 16841.7800
6.9100 17161.3200
6.9200 17463.9525
6.9300 17601.3175
6.9400 17420.5875
6.9500 18048.7475
6.9600 18560.5800
6.9700 18770.6200
6.9800 19492.1175
6.9900 20061.2700
7.0000 20875.2600
7.0100 21450.9800
7.0200 21638.0100
7.0300 22516.5025
7.0400 24226.0000
7.0500 25468.7825
7.0600 26422.2025
7.0700 27918.7525
7.0800 29325.1900
7.0900 30748.3275
7.1000 32876.8325
7.1100 35257.3975
7.1200 36347.7500
7.1300 38119.8225
7.1400 41522.3575
7.1500 44175.0625
7.1600 46736.2375
7.1700 50130.9950
7.1800 53652.5525
7.1900 57344.0250
7.2000 61599.9200
7.2100 66056.7800
7.2200 71054.7100
7.2300 76026.7450
7.2400 80526.4050
7.2500 85834.1700
7.2600 91217.8650
7.2700 96819.9475
7.2800 102849.6375
7.2900 108547.8025
7.3000 114911.0200
7.3100 121645.9000
7.3200 127278.1000
7.3300 133257.0925
7.3400 138907.9225
7.3500 144588.5500
7.3600 149326.5775
7.3700 153135.9800
7.3800 157253.7525
7.3900 159820.3100
7.4000 160874.6875
7.4100 161175.1225
7.4200 159888.5925
7.4300 156939.4600
7.4400 153144.3975
7.4500 149321.3700
7.4600 144609.0700
7.4700 139078.8825
7.4800 133023.2275
7.4900 126317.8550
7.5000 118909.2850
7.5100 111538.0000
7.5200 104980.2650
7.5300 98559.8425
7.5400 91531.8475
7.5500 85482.5850
7.5600 80054.4950
7.5700 73757.1600
7.5800 68212.8275
7.5900 64021.2725
7.6000 59925.2125
7.6100 55491.2350
7.6200 51684.8350
7.6300 48069.7300
7.6400 44573.3350
7.6500 41910.3975
7.6600 39728.9875
7.6700 37557.1500
7.6800 35281.3475
7.6900 33236.9475
7.7000 31146.3350
7.7100 29319.6425
7.7200 27825.0175
7.7300 26183.3175
7.7400 24940.2600
7.7500 23801.4025
7.7600 22632.2975
7.7700 22084.5700
7.7800 21412.4250
7.7900 20487.8375
7.8000 20010.3300
7.8100 19674.7275
7.8200 19168.1375
7.8300 18651.2325
7.8400 17820.0700
7.8500 17091.1925
7.8600 16940.1875
7.8700 16876.7050
7.8800 16564.3500
7.8900 16482.7800
7.9000 16162.7250
7.9100 15732.1750
7.9200 15866.1075
7.9300 15737.8050
7.9400 15429.4700
7.9500 15153.2825
7.9600 14865.0475
7.9700 14938.2600
7.9800 14767.3325
7.9900 14236.2100
8.0000 14006.3775
8.0100 14347.6300
8.0200 14365.3850
8.0300 14048.3200
8.0400 14035.9225
8.0500 13919.9775
8.0600 13627.0375
8.0700 13630.4750
8.0800 13469.6125
8.0900 13314.6725
8.1000 13462.1100
8.1100 13476.6725
8.1200 13150.8300
8.1300 13121.3750
8.1400 13516.7150
8.1500 13559.8000
8.1600 13566.7150
8.1700 14069.5450
8.1800 14072.1450
8.1900 14126.1800
8.2000 14309.1600
8.2100 14500.2700
8.2200 14483.7575
8.2300 14458.4300
8.2400 15042.6725
8.2500 15311.7525
8.2600 15654.7275
8.2700 16110.5000
8.2800 16343.6250
8.2900 16667.0625
8.3000 17270.6875
8.3100 17897.3750
8.3200 18397.2825
8.3300 19098.4425
8.3400 19837.9700
8.3500 20443.4825
8.3600 21477.0175
8.3700 22249.0550
8.3800 23109.0075
8.3900 24190.1625
8.4000 25543.0900
8.4100 27039.4025
8.4200 27930.5775
8.4300 28901.0350
8.4400 30483.7200
8.4500 32233.7400
8.4600 33181.1550
8.4700 33871.1800
8.4800 35414.9075
8.4900 36490.8400
8.5000 37833.4075
8.5100 38778.4475
8.5200 38980.6550
8.5300 39261.1650
8.5400 39554.2325
8.5500 39816.6675
8.5600 39704.3200
8.5700 39368.4425
8.5800 39139.9275
8.5900 38225.6100
8.6000 37482.8800
8.6100 35677.6075
8.6200 34142.4550
8.6300 32456.1950
8.6400 31044.0550
8.6500 29399.7925
8.6600 28300.7850
8.6700 26741.9925
8.6800 25263.0525
8.6900 24029.9900
8.7000 22154.8050
8.7100 20935.0075
8.7200 20133.6325
8.7300 18936.3925
8.7400 18085.0975
8.7500 17187.5950
8.7600 16713.2025
8.7700 15734.8050
8.7800 14763.7825
8.7900 14259.3900
8.8000 13870.1825
8.8100 13282.1100
8.8200 12655.1625
8.8300 12230.0150
8.8400 11494.1450
8.8500 11066.5450
8.8600 10463.8325
8.8700 10489.1150
8.8800 10635.1575
8.8900 10350.9900
8.9000 10109.6175
8.9100 9912.7400
8.9200 9722.0925
8.9300 9503.3450
8.9400 9363.2800
8.9500 9200.6850
8.9600 8892.4175
8.9700 8745.2325
8.9800 8687.3750
8.9900 8502.5775
9.0000 8470.0600
9.0100 8452.8000
9.0200 8243.6050
9.0300 8541.8925
9.0400 8581.1100
9.0500 8397.5100
9.0600 7993.7225
9.0700 7747.8825
9.0800 7611.2375
9.0900 7640.9175
9.1000 7691.6475
9.1100 7596.8600
9.1200 7388.8550
9.1300 7564.5900
9.1400 7472.4575
9.1500 7430.9775
9.1600 7261.5625
9.1700 7288.5200
9.1800 7245.2975
9.1900 7115.9200
9.2000 7086.5325
9.2100 6872.4650
9.2200 7023.6275
9.2300 7005.0000
9.2400 6972.4850
9.2500 7051.0650
9.2600 7136.3350
9.2700 6771.7075
9.2800 7018.0950
9.2900 6476.5100
9.3000 6637.2175
9.3100 6935.0750
9.3200 6819.2050
9.3300 6615.9675
9.3400 7018.2875
9.3500 6885.0325
9.3600 6618.9375
9.3700 6825.0000
9.3800 6803.6400
9.3900 6348.2900
9.4000 6510.1925
9.4100 6748.7525
9.4200 6506.3650
9.4300 6678.2100
9.4400 6524.0000
9.4500 6486.3700
9.4600 6310.7425
9.4700 6725.9550
9.4800 6757.5825
9.4900 6330.1625
9.5000 6606.8800
9.5100 6517.9050
9.5200 6607.3100
9.5300 6513.9450
9.5400 6206.4425
9.5500 5916.1825
9.5600 5800.4350
9.5700 6041.5375
9.5800 6133.0700
9.5900 6083.5925
9.6000 5959.2750
9.6100 5818.0650
9.6200 5907.2150
9.6300 6047.9425
9.6400 6000.8425
9.6500 5975.4800
9.6600 6097.3150
9.6700 5799.0075
9.6800 5580.6600
9.6900 5631.6750
9.7000 5924.1075
9.7100 6054.2000
9.7200 5768.9450
9.7300 6127.2225
9.7400 5957.6650
9.7500 5798.3625
9.7600 5783.7050
9.7700 5759.5050
9.7800 5734.5625
9.7900 5527.8225
9.8000 5698.0250
9.8100 5834.1900
9.8200 5810.2800
9.8300 5753.5375
9.8400 5570.3975
9.8500 5527.1750
9.8600 5540.5425
9.8700 5588.1775
9.8800 5823.6475
9.8900 5803.0975
9.9000 5623.0200
9.9100 5539.2500
9.9200 5625.2150
9.9300 5618.0575
9.9400 5372.8575
9.9500 5676.8050
9.9600 5700.7525
9.9700 5510.9400
9.9800 5612.3625
9.9900 5820.6425
10.0000 5736.5850
10.0100 5769.9225
10.0200 5670.4450
10.0300 5539.1400
10.0400 5666.1850
10.0500 5557.3300
10.0600 5622.9925
10.0700 5574.3375
10.0800 5699.0725
10.0900 5445.1900
10.1000 5525.4300
10.1100 5512.4675
10.1200 5435.5200
10.1300 5504.8900
10.1400 5589.1075
10.1500 5426.5900
10.1600 5371.1725
10.1700 5460.1150
10.1800 5518.0175
10.1900 5675.1750
10.2000 5614.4075
10.2100 5564.4300
10.2200 5522.8550
10.2300 5169.8800
10.2400 4981.2750
10.2500 5345.5525
10.2600 5304.3150
10.2700 5227.3050
10.2800 5314.4575
10.2900 5486.6025
10.3000 5433.2850
10.3100 5479.0375
10.3200 5477.8425
10.3300 5350.9200
10.3400 5173.7475
10.3500 5086.8125
10.3600 5075.0000
10.3700 5088.6400
10.3800 5118.8750
10.3900 5179.2700
10.4000 5076.6525
10.4100 5184.9475
10.4200 5398.3525
10.4300 5481.9325
10.4400 5116.8675
10.4500 4998.3025
10.4600 5184.7075
10.4700 5266.5250
10.4800 5135.9725
10.4900 5225.4425
10.5000 5014.7175
10.5100 5087.8900
10.5200 5046.4225
10.5300 5077.2400
10.5400 5345.6375
10.5500 5319.2550
10.5600 5071.4800
10.5700 4963.1275
10.5800 4827.6375
10.5900 4965.0675
10.6000 4991.0500
10.6100 4798.1275
10.6200 4773.5100
10.6300 4872.2425
10.6400 4805.0075
10.6500 4882.3525
10.6600 4979.6375
10.6700 4886.9725
10.6800 4762.3400
10.6900 4802.0150
10.7000 4949.5175
10.7100 4886.1275
10.7200 4701.4300
10.7300 4896.9075
10.7400 5069.5025
10.7500 5075.4500
10.7600 4760.6900
10.7700 4741.5275
10.7800 4744.5800
10.7900 4830.3975
10.8000 4902.9600
10.8100 4922.6975
10.8200 4840.8075
10.8300 4892.2800
10.8400 4889.1275
10.8500 4892.8825
10.8600 4953.4925
10.8700 5010.5550
10.8800 4924.5575
10.8900 4889.2250
10.9000 4897.5400
10.9100 4888.2875
10.9200 4889.1725
10.9300 4740.3175
10.9400 4669.1975
10.9500 4574.0875
10.9600 4631.4050
10.9700 4795.7800
10.9800 4930.2775
10.9900 4806.5975
11.0000 4716.2350
11.0100 4782.2000
11.0200 4867.6500
11.0300 4857.7825
11.0400 4802.2550
11.0500 4772.1075
11.0600 4665.9450
11.0700 4633.4025
11.0800 4519.3200
11.0900 4441.7025
11.1000 4554.9225
11.1100 4721.3500
11.1200 4643.1825
11.1300 4564.0500
11.1400 4705.7025
11.1500 4821.4200
11.1600 4782.0025
11.1700 4604.0150
11.1800 4643.5750
11.1900 4858.7675
11.2000 4791.7100
11.2100 4436.0650
11.2200 4560.0525
11.2300 4610.5750
11.2400 4512.9875
11.2500 4623.4300
11.2600 4715.7600
11.2700 4473.6425
11.2800 4408.5150
11.2900 4635.2275
11.3000 4622.3925
11.3100 4689.5625
11.3200 4718.3275
11.3300 4534.4125
11.3400 4477.4950
11.3500 4729.5675
11.3600 4849.5775
11.3700 4868.8075
11.3800 4755.2875
11.3900 4666.6675
11.4000 4561.3000
11.4100 4571.6775
11.4200 4729.6650
11.4300 4581.4400
11.4400 4492.7400
11.4500 4617.2075
11.4600 4709.4200
11.4700 4772.5375
11.4800 4736.5100
11.4900 4642.9950
11.5000 4535.5750
11.5100 4541.3400
11.5200 4790.4775
11.5300 4884.0575
11.5400 4650.3000
11.5500 4489.2625
11.5600 4798.0700
11.5700 4885.4275
11.5800 4733.6400
11.5900 4830.5725
11.6000 4990.5900
11.6100 5065.0100
11.6200 4901.9025
11.6300 4874.2225
11.6400 4869.6650
11.6500 4819.2825
11.6600 4979.2575
11.6700 4981.9875
11.6800 4891.6675
11.6900 4900.7400
11.7000 5012.3125
11.7100 5072.9725
11.7200 5126.2975
11.7300 5222.9700
11.7400 5129.7000
11.7500 4985.0475
11.7600 5051.7275
11.7700 5238.6150
11.7800 5298.6575
11.7900 5449.9700
11.8000 5560.3950
11.8100 5616.5300
11.8200 5794.8450
11.8300 6038.7600
11.8400 6019.9350
11.8500 5990.9250
11.8600 6316.9350
11.8700 6512.5775
11.8800 6461.6925
11.8900 6471.5250
11.9000 6667.6250
11.9100 6946.3200
11.9200 7187.4500
11.9300 7590.3200
11.9400 7978.5150
11.9500 8066.5650
11.9600 8152.9075
11.9700 8445.7250
11.9800 8715.4875
11.9900 8681.5650
12.0000 8845.9700
12.0100 9213.1625
12.0200 9440.8125
12.0300 9690.6750
12.0400 10043.1225
12.0500 10390.5925
12.0600 10563.0600
12.0700 10452.7675
12.0800 10371.1950
12.0900 10593.9950
12.1000 10780.8575
12.1100 10740.4375
12.1200 10490.3825
12.1300 10234.6150
12.1400 9866.8925
12.1500 9695.5875
12.1600 9606.2350
12.1700 9324.0725
12.1800 9045.3425
12.1900 8795.6800
12.2000 8340.0025
12.2100 7846.2850
12.2200 7700.3925
12.2300 7435.4050
12.2400 7221.7550
12.2500 6989.2400
12.2600 6644.8250
12.2700 6472.2225
12.2800 6302.7500
12.2900 5966.2450
12.3000 5744.0275
12.3100 5758.3325
12.3200 5613.4625
12.3300 5427.2200
12.3400 5382.1250
12.3500 5345.3300
12.3600 5366.6750
12.3700 5253.0350
12.3800 5092.4250
12.3900 4837.9900
12.4000 4645.0775
12.4100 4745.0425
12.4200 4812.3725
12.4300 4651.1500
12.4400 4643.6775
12.4500 4598.3500
12.4600 4487.7200
12.4700 4759.2875
12.4800 4782.9625
12.4900 4631.8525
12.5000 4672.0275
12.5100 4661.0975
12.5200 4430.9100
12.5300 4321.1750
12.5400 4408.7725
12.5500 4430.8000
12.5600 4288.5025
12.5700 4330.5825
12.5800 4373.8525
12.5900 4326.0250
12.6000 4391.3375
12.6100 4354.5175
12.6200 4153.0750
12.6300 4231.7500
12.6400 4358.3325
12.6500 4370.4500
12.6600 4207.8250
12.6700 4021.2750
12.6800 4320.3725
12.6900 4280.1075
12.7000 4068.7775
12.7100 4197.9825
12.7200 4331.2850
12.7300 4355.4250
12.7400 4318.1700
12.7500 4212.2725
12.7600 4070.5875
12.7700 4026.4925
12.7800 4155.8375
12.7900 4169.2375
12.8000 4183.7300
12.8100 4224.8275
12.8200 4158.3125
12.8300 4238.5800
12.8400 4261.9700
12.8500 4051.1475
12.8600 4019.8425
12.8700 4263.0375
12.8800 4209.5200
12.8900 3969.3375
12.9000 3990.9375
12.9100 4085.7500
12.9200 4269.1975
12.9300 4297.1425
12.9400 4157.6800
12.9500 4240.8425
12.9600 4160.2225
12.9700 4159.3950
12.9800 4280.0775
12.9900 4233.6200
13.0000 4140.1475
13.0100 4200.9050
13.0200 4149.8000
13.0300 4200.9375
13.0400 4153.9250
13.0500 4066.2800
13.0600 4083.1200
13.0700 4116.6800
13.0800 3909.8150
13.0900 4072.6025
13.1000 4096.5150
13.1100 4080.7600
13.1200 4135.3425
13.1300 4150.8525
13.1400 4068.9725
13.1500 4086.4550
13.1600 4114.3900
13.1700 4099.2825
13.1800 4034.5350
13.1900 3916.0650
13.2000 3927.1750
13.2100 4018.3850
13.2200 4010.9525
13.2300 4028.6100
13.2400 3972.2100
13.2500 3970.3550
13.2600 4105.8000
13.2700 4043.6425
13.2800 4079.7225
13.2900 4229.1250
13.3000 4168.8300
13.3100 4071.1325
13.3200 4009.9525
13.3300 4046.9300
13.3400 3934.5850
13.3500 4008.6475
13.3600 4013.1975
13.3700 4096.4725
13.3800 4046.5575
13.3900 4049.2500
13.4000 4165.9250
13.4100 4087.2100
13.4200 4043.3525
13.4300 4112.5225
13.4400 4054.8125
13.4500 4085.0900
13.4600 4027.7850
13.4700 4021.1825
13.4800 4090.3500
13.4900 4137.0375
13.5000 4003.5875
13.5100 3981.0725
13.5200 3920.6300
13.5300 4151.8025
13.5400 4069.8275
13.5500 4220.4000
13.5600 4241.0175
13.5700 4156.9300
13.5800 4198.1625
13.5900 4118.3275
13.6000 4081.7400
13.6100 4018.7000
13.6200 3946.1450
13.6300 4030.1075
13.6400 4018.2650
13.6500 4023.4150
13.6600 4033.9500
13.6700 4116.1200
13.6800 4133.0200
13.6900 4041.5025
13.7000 3996.9900
13.7100 4119.8100
13.7200 4082.1525
13.7300 4172.4925
13.7400 4097.9475
13.7500 4162.3250
13.7600 4101.5175
13.7700 3929.6375
13.7800 4064.2775
13.7900 4237.5600
13.8000 4334.7700
13.8100 4308.1950
13.8200 4339.1825
13.8300 4256.5650
13.8400 4157.7375
13.8500 4368.4425
13.8600 4339.8225
13.8700 4350.6000
13.8800 4245.8900
13.8900 4443.5325
13.9000 4591.9250
13.9100 4300.9525
13.9200 4328.8950
13.9300 4718.8075
13.9400 4601.1775
13.9500 4740.0900
13.9600 4885.6625
13.9700 4590.5175
13.9800 4564.0225
13.9900 4507.8925
14.0000 4932.2250
14.0100 4953.4875
14.0200 5161.1475
14.0300 5329.0800
14.0400 5593.8900
14.0500 5647.9075
14.0600 5526.9550
14.0700 5569.5325
14.0800 5350.0000
14.0900 5381.6475
14.1000 5644.9625
14.1100 5861.2200
14.1200 5937.4375
14.1300 6368.6300
14.1400 6416.7825
14.1500 6170.0100
14.1600 6355.7400
14.1700 6544.3150
14.1800 6545.7875
14.1900 6404.3625
14.2000 6742.6125
14.2100 6812.5425
14.2200 6669.7600
14.2300 6353.0675
14.2400 5992.4575
14.2500 5982.8850
14.2600 5828.9050
14.2700 5953.0075
14.2800 5968.5600
14.2900 5808.6850
14.3000 5692.2200
14.3100 5347.9625
14.3200 5399.5025
14.3300 5232.5800
14.3400 5495.1225
14.3500 5351.3800
14.3600 5434.9375
14.3700 5045.0275
14.3800 4977.2475
14.3900 4895.8300
14.4000 4860.3175
14.4100 5085.5375
14.4200 4780.5700
14.4300 4859.9650
14.4400 4882.2700
14.4500 4871.8500
14.4600 4955.5600
14.4700 5035.2625
14.4800 4917.5000
14.4900 4667.6725
14.5000 4839.9875
14.5100 5109.7100
14.5200 5284.6200
14.5300 5304.1750
14.5400 5230.6425
14.5500 5344.3975
14.5600 5401.8875
14.5700 5434.3700
14.5800 5284.1525
14.5900 5500.1500
14.6000 5705.8800
14.6100 5863.5000
14.6200 6217.3725
14.6300 6463.8175
14.6400 6619.9775
14.6500 6724.5675
14.6600 6971.9325
14.6700 7146.4275
14.6800 7318.4800
14.6900 7683.1200
14.7000 7679.8075
14.7100 7882.3225
14.7200 8207.3575
14.7300 8550.8125
14.7400 8599.6200
14.7500 9040.7600
14.7600 9482.9575
14.7700 9460.6975
14.7800 9640.9350
14.7900 10264.0400
14.8000 10013.1375
14.8100 9627.2550
14.8200 9927.1575
14.8300 10282.5800
14.8400 10115.8575
14.8500 9850.3100
14.8600 10049.9775
14.8700 9667.2150
14.8800 9342.6150
14.8900 9167.4375
14.9000 9025.8325
14.9100 8536.9550
14.9200 8128.6125
14.9300 7729.1300
14.9400 7585.0050
14.9500 7394.2125
14.9600 7055.0400
14.9700 6812.2550
14.9800 6448.1575
14.9900 5902.2100
15.0000 6144.6675
15.0100 5913.6775
15.0200 5485.2175
15.0300 5564.3700
15.0400 5420.6425
15.0500 5327.5650
15.0600 5244.1200
15.0700 5362.8050
15.0800 5173.1375
15.0900 4530.5900
15.1000 4500.2950
15.1100 4580.2725
15.1200 4599.3650
15.1300 4431.9350
15.1400 4177.2775
15.1500 4453.9075
15.1600 4506.5000
15.1700 4428.7850
15.1800 4154.9475
15.1900 4244.7650
15.2000 4123.3000
15.2100 4029.6925
15.2200 4198.6825
15.2300 4326.5725
15.2400 4144.4375
15.2500 3952.5825
15.2600 3941.6675
15.2700 4012.1800
15.2800 4008.8450
15.2900 4023.9550
15.3000 3775.4325
15.3100 3758.3325
15.3200 4014.9150
15.3300 4126.4925
15.3400 3986.0550
15.3500 3820.2075
15.3600 4001.5250
15.3700 3985.8025
15.3800 4006.4450
15.3900 4139.1000
15.4000 3919.5875
15.4100 4038.0350
15.4200 3935.1475
15.4300 3817.9700
15.4400 3762.5350
15.4500 4009.8425
15.4600 4094.2125
15.4700 4130.3925
15.4800 3898.1575
15.4900 3859.8500
15.5000 3911.2725
15.5100 4052.5875
15.5200 3968.6525
15.5300 3762.6100
15.5400 3786.7625
15.5500 3799.1700
15.5600 4024.7875
15.5700 4012.5950
15.5800 4038.2125
15.5900 3862.6750
15.6000 3759.7550
15.6100 3757.4350
15.6200 3765.7575
15.6300 3788.9025
15.6400 3673.2650
15.6500 3798.7175
15.6600 3787.1575
15.6700 3739.1400
15.6800 3931.8925
15.6900 3921.6200
15.7000 3733.3900
15.7100 3671.7350
15.7200 3652.0500
15.7300 3781.3400
15.7400 3698.0075
15.7500 3603.3225
15.7600 3649.7650
15.7700 3759.8450
15.7800 3622.9700
15.7900 3679.5100
15.8000 3605.0675
15.8100 3692.5400
15.8200 3686.7525
15.8300 3676.1500
15.8400 3646.3150
15.8500 3670.3075
15.8600 3596.3650
15.8700 3576.1950
15.8800 3674.7625
15.8900 3741.4700
15.9000 3714.4825
15.9100 3765.0700
15.9200 3583.8175
15.9300 3705.5300
15.9400 3655.6925
15.9500 3655.7600
15.9600 3770.9075
15.9700 3805.7150
15.9800 3913.5350
15.9900 3905.3250
16.0000 3934.9550
16.0100 3753.2075
16.0200 3514.5725
16.0300 3648.9400
16.0400 3870.8875
16.0500 3838.9800
16.0600 3838.8475
16.0700 3883.1450
16.0800 3801.9400
16.0900 3652.4050
16.1000 3563.0800
16.1100 3591.2125
16.1200 3661.7200
16.1300 3668.1525
16.1400 3570.9675
16.1500 3529.5250
16.1600 3634.0175
16.1700 3726.3600
16.1800 3666.9600
16.1900 3751.7100
16.2000 3849.4650
16.2100 3623.3550
16.2200 3654.3875
16.2300 3654.7900
16.2400 3683.6300
16.2500 3758.8150
16.2600 3607.4000
16.2700 3513.1225
16.2800 3720.5125
16.2900 3721.6300
16.3000 3821.5600
16.3100 3790.1550
16.3200 3748.4450
16.3300 3860.9675
16.3400 3904.9000
16.3500 4066.8825
16.3600 3930.2575
16.3700 3712.1350
16.3800 3620.6500
16.3900 3733.0300
16.4000 3871.5025
16.4100 3625.2600
16.4200 3719.7975
16.4300 3805.7875
16.4400 3920.8150
16.4500 4066.9725
16.4600 3970.2450
16.4700 3907.4250
16.4800 4016.3950
16.4900 4043.5450
16.5000 3951.4375
16.5100 4021.5150
16.5200 4139.9325
16.5300 3858.8425
16.5400 3766.6675
16.5500 4003.1625
16.5600 4253.6725
16.5700 4225.5175
16.5800 3945.6025
16.5900 3936.5100
16.6000 4161.1750
16.6100 4117.4200
16.6200 4039.1100
16.6300 4195.2925
16.6400 4243.7025
16.6500 4197.6650
16.6600 4151.9550
16.6700 4342.1450
16.6800 4533.4225
16.6900 4431.3875
16.7000 4408.2675
16.7100 4454.0050
16.7200 4566.0675
16.7300 4662.0200
16.7400 4658.5675
16.7500 4532.5575
16.7600 4442.3000
16.7700 4665.2550
16.7800 4885.3000
16.7900 4970.1700
16.8000 4983.3325
16.8100 4989.4525
16.8200 5132.1625
16.8300 5280.9025
16.8400 5633.2300
16.8500 5822.9300
16.8600 5734.7250
16.8700 5830.9725
16.8800 5967.9850
16.8900 6162.9775
16.9000 6429.8800
16.9100 6526.3800
16.9200 6587.3825
16.9300 6908.0875
16.9400 7246.4375
16.9500 7632.0625
16.9600 8060.1475
16.9700 8641.8000
16.9800 8700.1775
16.9900 9023.8225
17.0000 9571.8750
17.0100 9969.8675
17.0200 10462.1775
17.0300 11096.4400
17.0400 11674.0500
17.0500 11892.0600
17.0600 12327.0450
17.0700 12804.3250
17.0800 12834.0150
17.0900 12995.7925
17.1000 13846.0250
17.1100 14401.6675
17.1200 14122.8750
17.1300 13744.0350
17.1400 13777.2000
17.1500 13844.8775
17.1600 13757.8125
17.1700 13400.3275
17.1800 13172.2100
17.1900 12863.9475
17.2000 12518.5250
17.2100 12176.7800
17.2200 11741.6750
17.2300 11159.1050
17.2400 10571.9825
17.2500 10278.2325
17.2600 9896.6200
17.2700 9351.6925
17.2800 9031.2625
17.2900 8471.0575
17.3000 8008.4525
17.3100 7731.6375
17.3200 7381.0950
17.3300 7216.4450
17.3400 7054.8575
17.3500 6849.5925
17.3600 6499.6350
17.3700 6408.3100
17.3800 6084.1225
17.3900 5880.6675
17.4000 5905.3300
17.4100 5616.2425
17.4200 5463.8375
17.4300 5521.6050
17.4400 5456.7700
17.4500 5205.7825
17.4600 5028.9600
17.4700 4828.0200
17.4800 4872.3500
17.4900 4789.4775
17.5000 4534.7125
17.5100 4663.7175
17.5200 4750.8950
17.5300 4657.7825
17.5400 4374.2625
17.5500 4354.5850
17.5600 4497.1775
17.5700 4488.0900
17.5800 4415.5475
17.5900 4386.3275
17.6000 4298.0725
17.6100 4372.3400
17.6200 4436.3575
17.6300 4396.2350
17.6400 4332.6775
17.6500 4466.7550
17.6600 4547.7900
17.6700 4378.5600
17.6800 4241.3175
17.6900 4237.6375
17.7000 4302.3275
17.7100 4338.5575
17.7200 4299.9575
17.7300 4155.3025
17.7400 4015.8025
17.7500 4016.4825
17.7600 4212.4650
17.7700 4290.8350
17.7800 4331.7250
17.7900 4449.0225
17.8000 4217.4225
17.8100 4082.6925
17.8200 4200.4725
17.8300 4166.3625
17.8400 4144.0325
17.8500 4329.5650
17.8600 4311.3850
17.8700 4223.1900
17.8800 4196.4175
17.8900 4238.9150
17.9000 4098.4750
17.9100 4038.7100
17.9200 4145.3475
17.9300 4181.6350
17.9400 4004.7900
17.9500 3991.6025
17.9600 4033.3950
17.9700 4101.2950
17.9800 4168.2700
17.9900 3936.9400
18.0000 3982.9125
18.0100 4129.9400
18.0200 4231.9675
18.0300 4250.7750
18.0400 4192.1000
18.0500 4179.9050
18.0600 4149.0700
18.0700 4173.8550
18.0800 4252.2200
18.0900 4254.1300
18.1000 4345.0650
18.1100 4502.5775
18.1200 4311.5200
18.1300 4181.6350
18.1400 4235.9500
18.1500 4250.0000
18.1600 4355.6625
18.1700 4438.1275
18.1800 4427.3125
18.1900 4493.0725
18.2000 4378.4150
18.2100 4340.3850
18.2200 4365.6000
18.2300 4252.7725
18.2400 4253.1550
18.2500 4403.8575
18.2600 4525.7375
18.2700 4431.3625
18.2800 4366.1875
18.2900 4579.0475
18.3000 4757.7275
18.3100 4638.6725
18.3200 4543.6300
18.3300 4711.7325
18.3400 4884.3675
18.3500 4855.5425
18.3600 4689.0850
18.3700 4701.4750
18.3800 4847.7825
18.3900 4872.4325
18.4000 4895.8550
18.4100 5139.2825
18.4200 5372.2800
18.4300 5397.6475
18.4400 5493.2950
18.4500 5578.0450
18.4600 5580.2625
18.4700 5677.6075
18.4800 5939.5975
18.4900 6280.2150
18.5000 6370.3825
18.5100 6518.6100
18.5200 6942.4775
18.5300 7162.8025
18.5400 7255.8875
18.5500 7551.4950
18.5600 7768.3275
18.5700 7955.7475
18.5800 8268.1825
18.5900 8518.2575
18.6000 8714.1300
18.6100 9147.0925
18.6200 9296.3250
18.6300 9206.5350
18.6400 9319.9700
18.6500 9811.0450
18.6600 10234.8450
18.6700 10079.7475
18.6800 9821.5700
18.6900 9715.6900
18.7000 9821.2900
18.7100 9708.8150
18.7200 9465.8475
18.7300 9561.9175
18.7400 9640.7125
18.7500 9437.2400
18.7600 9172.5525
18.7700 8883.2975
18.7800 8534.1950
18.7900 8298.6300
18.8000 8216.5325
18.8100 7984.3825
18.8200 7686.5450
18.8300 7616.7500
18.8400 7641.8000
18.8500 7587.0850
18.8600 7420.4675
18.8700 7166.3900
18.8800 7004.1675
18.8900 7087.2925
18.9000 7166.7025
18.9100 7112.7950
18.9200 6922.0750
18.9300 6865.7000
18.9400 7122.9000
18.9500 7394.3075
18.9600 7545.0675
18.9700 7751.1250
18.9800 7851.3850
18.9900 7795.5475
19.0000 8072.4425
19.0100 8354.0550
19.0200 8281.4550
19.0300 8514.9525
19.0400 8825.8225
19.0500 8900.5250
19.0600 9132.7225
19.0700 9314.7150
19.0800 9586.4300
19.0900 10108.1000
19.1000 10500.2250
19.1100 10651.2250
19.1200 10704.7800
19.1300 10782.6025
19.1400 10962.2425
19.1500 11199.6075
19.1600 11496.3150
19.1700 11453.4875
19.1800 11136.0425
19.1900 10880.0375
19.2000 10830.1750
19.2100 10794.5175
19.2200 10484.7875
19.2300 10135.9375
19.2400 9923.7825
19.2500 9791.3625
19.2600 9420.5375
19.2700 9026.6600
19.2800 8546.1475
19.2900 8258.0050
19.3000 8076.4700
19.3100 7673.7300
19.3200 7654.8100
19.3300 7618.1775
19.3400 7218.5725
19.3500 6879.3100
19.3600 6661.8300
19.3700 6466.1000
19.3800 6299.6100
19.3900 6269.5500
19.4000 6175.1450
19.4100 5911.3800
19.4200 5634.8550
19.4300 5376.7750
19.4400 5229.6350
19.4500 5210.2400
19.4600 5081.2125
19.4700 4967.3825
19.4800 4930.3550
19.4900 4801.4350
19.5000 4753.6500
19.5100 4820.2350
19.5200 4827.3350
19.5300 4765.9600
19.5400 4844.5050
19.5500 4927.7575
19.5600 4931.7875
19.5700 4749.2475
19.5800 4655.0325
19.5900 4764.3075
19.6000 4776.1950
19.6100 4755.9850
19.6200 4723.9025
19.6300 4668.0975
19.6400 4625.0000
19.6500 4550.8925
19.6600 4295.0800
19.6700 4185.2075
19.6800 4339.0200
19.6900 4197.4700
19.7000 4111.0750
19.7100 4387.0275
19.7200 4424.9775
19.7300 4332.5900
19.7400 4352.8375
19.7500 4412.6700
19.7600 4552.5325
19.7700 4571.0650
19.7800 4545.0925
19.7900 4379.1050
19.8000 4071.9525
19.8100 4112.6150
19.8200 4456.1375
19.8300 4574.9675
19.8400 4494.3750
19.8500 4483.6150
19.8600 4192.3875
19.8700 4194.3775
19.8800 4389.8200
19.8900 4361.7350
19.9000 4416.6675
19.9100 4346.8650
19.9200 4351.0975
19.9300 4404.1850
19.9400 4150.8200
19.9500 4130.3675
19.9600 4317.9475
19.9700 4296.0650
19.9800 4216.3475
19.9900 4248.1900
20.0000 4222.5400
20.0100 4212.1150
20.0200 4406.3975
20.0300 4554.7675
20.0400 4380.1925
20.0500 4229.5275
20.0600 4298.1150
20.0700 4368.6000
20.0800 4332.7950
20.0900 4205.6800
20.1000 4136.5625
20.1100 4224.6450
20.1200 4249.7300
20.1300 4295.2525
20.1400 4254.5950
20.1500 4239.0575
20.1600 4038.5350
20.1700 4180.1425
20.1800 4353.3325
20.1900 4140.0825
20.2000 4001.9375
20.2100 4089.0100
20.2200 4167.9050
20.2300 4193.9925
20.2400 4298.6850
20.2500 4370.9425
20.2600 4315.5650
20.2700 4049.8075
20.2800 4058.5525
20.2900 4184.0975
20.3000 4263.5300
20.3100 4320.6825
20.3200 4246.0700
20.3300 4229.2850
20.3400 4052.4650
20.3500 3953.1475
20.3600 4188.3025
20.3700 4362.6225
20.3800 4121.6275
20.3900 3989.5075
20.4000 4040.0600
20.4100 4214.6850
20.4200 4173.4825
20.4300 4234.2350
20.4400 4287.1100
20.4500 4292.9575
20.4600 4186.8425
20.4700 4166.6600
20.4800 4259.8675
20.4900 4231.7175
20.5000 4303.1700
20.5100 4339.3425
20.5200 4323.7475
20.5300 4218.8350
20.5400 4351.4825
20.5500 4583.7800
20.5600 4301.3750
20.5700 4211.9975
20.5800 4311.0325
20.5900 4294.3800
20.6000 4311.3575
20.6100 4344.3050
20.6200 4297.2125
20.6300 4286.1050
20.6400 4394.2450
20.6500 4680.3525
20.6600 4733.6225
20.6700 4594.9750
20.6800 4505.2850
20.6900 4539.0525
20.7000 4508.4775
20.7100 4521.6100
20.7200 4493.7400
20.7300 4324.5800
20.7400 4447.4475
20.7500 4714.1300
20.7600 4902.1350
20.7700 4925.5950
20.7800 4939.7550
20.7900 5012.3600
20.8000 4976.5725
20.8100 5091.6325
20.8200 5240.4525
20.8300 5260.0400
20.8400 5215.3225
20.8500 5363.6525
20.8600 5548.8600
20.8700 5426.4950
20.8800 5353.5275
20.8900 5438.3325
20.9000 5366.0675
20.9100 5568.0475
20.9200 5569.7650
20.9300 5514.1025
20.9400 5675.3850
20.9500 5947.0800
20.9600 6150.1500
20.9700 6283.3325
20.9800 6194.8325
20.9900 6037.0525
21.0000 6184.4125
21.0100 6290.8550
21.0200 6283.3300
21.0300 6229.9875
21.0400 6216.8050
21.0500 6170.7300
21.0600 6182.6950
21.0700 6038.1350
21.0800 5774.4600
21.0900 5730.8825
21.1000 5805.6500
21.1100 5975.6300
21.1200 5889.9375
21.1300 5732.9275
21.1400 5375.4575
21.1500 5066.8625
21.1600 5110.7350
21.1700 5188.5175
21.1800 5268.7575
21.1900 4991.6650
21.2000 4913.0825
21.2100 4903.6950
21.2200 4861.8000
21.2300 4896.3725
21.2400 4898.9475
21.2500 4797.8000
21.2600 4616.3275
21.2700 4721.1250
21.2800 4806.8175
21.2900 4643.0100
21.3000 4703.3700
21.3100 4684.7475
21.3200 4807.3000
21.3300 4776.0550
21.3400 4894.6200
21.3500 4748.5275
21.3600 4635.5975
21.3700 4650.6925
21.3800 4632.2525
21.3900 4487.5075
21.4000 4368.0825
21.4100 4307.3800
21.4200 4506.1200
21.4300 4585.8425
21.4400 4363.0525
21.4500 4548.9200
21.4600 4677.6000
21.4700 4580.7250
21.4800 4621.9950
21.4900 4822.8250
21.5000 4781.9775
21.5100 4642.2675
21.5200 4531.4625
21.5300 4502.7475
21.5400 4398.7825
21.5500 4461.7875
21.5600 4413.2950
21.5700 4544.0875
21.5800 4678.2200
21.5900 4885.1525
21.6000 4780.9550
21.6100 4672.9050
21.6200 4624.9225
21.6300 4524.9650
21.6400 4612.4425
21.6500 4600.3900
21.6600 4478.8450
21.6700 4574.8825
21.6800 4563.1525
21.6900 4413.2750
21.7000 4338.6400
21.7100 4517.1175
21.7200 4714.1425
21.7300 4738.1975
21.7400 4652.9225
21.7500 4577.3325
21.7600 4628.1150
21.7700 4879.8075
21.7800 5012.6300
21.7900 5058.3250
21.8000 4824.5350
21.8100 4836.2750
21.8200 4844.4275
21.8300 5010.8250
21.8400 4939.2625
21.8500 4795.6800
21.8600 4932.1475
21.8700 5007.1125
21.8800 4823.6500
21.8900 4901.7125
21.9000 4955.5400
21.9100 4840.9125
21.9200 4921.4275
21.9300 5123.3875
21.9400 5105.6150
21.9500 4928.3350
21.9600 5141.6675
21.9700 5186.2025
21.9800 5369.4050
21.9900 5459.2950
22.0000 5416.8075
22.0100 5316.2525
22.0200 5272.4100
22.0300 5748.1000
22.0400 6080.0875
22.0500 6064.2475
22.0600 6264.8700
22.0700 6310.2650
22.0800 6564.2350
22.0900 6867.5575
22.1000 7102.4950
22.1100 7094.1225
22.1200 7282.9525
22.1300 7429.3125
22.1400 7685.7025
22.1500 7992.9025
22.1600 8458.5825
22.1700 8701.7900
22.1800 8994.5975
22.1900 9433.7275
22.2000 9803.5275
22.2100 10091.3250
22.2200 10153.7700
22.2300 10616.1350
22.2400 10579.4800
22.2500 11138.5725
22.2600 11284.9475
22.2700 11226.4100
22.2800 11659.8300
22.2900 11763.3675
22.3000 11728.6350
22.3100 11638.3925
22.3200 11598.9075
22.3300 11485.1700
22.3400 11379.0500
22.3500 11012.9300
22.3600 10819.8050
22.3700 10578.3800
22.3800 10146.1000
22.3900 9822.5775
22.4000 9956.5050
22.4100 8982.7875
22.4200 8648.9275
22.4300 8602.0875
22.4400 8466.1500
22.4500 7900.2900
22.4600 7459.8950
22.4700 7254.1450
22.4800 7083.6925
22.4900 6889.3350
22.5000 6817.3875
22.5100 6711.3550
22.5200 6646.7425
22.5300 6242.2100
22.5400 6019.6525
22.5500 6016.9850
22.5600 5895.7850
22.5700 5647.9625
22.5800 5489.2025
22.5900 5500.5925
22.6000 5413.3575
22.6100 5325.0075
22.6200 5166.6675
22.6300 5166.6675
22.6400 5119.4625
22.6500 4913.0300
22.6600 5056.3725
22.6700 5220.3500
22.6800 5065.1600
22.6900 5019.4650
22.7000 5001.2850
22.7100 4836.1175
22.7200 4790.3775
22.7300 4705.5000
22.7400 4722.3825
22.7500 4643.5000
22.7600 4543.9925
22.7700 4665.9750
22.7800 4786.2900
22.7900 4735.5825
22.8000 4575.3700
22.8100 4382.2025
22.8200 4532.0925
22.8300 4675.4125
22.8400 4749.6650
22.8500 4649.2225
22.8600 4583.1575
22.8700 4505.8525
22.8800 4555.0975
22.8900 4437.0450
22.9000 4640.3950
22.9100 4624.4775
22.9200 4626.6275
22.9300 4902.8825
22.9400 4757.6550
22.9500 4352.6600
22.9600 4269.4625
22.9700 4517.6250
22.9800 4472.5550
22.9900 4482.6725
23.0000 4632.2650
23.0100 4662.9500
23.0200 4640.8225
23.0300 4880.8450
23.0400 4577.3500
23.0500 4626.3150
23.0600 4515.7100
23.0700 4395.4750
23.0800 4366.6750
23.0900 4663.4300
23.1000 4584.7600
23.1100 4549.6825
23.1200 4603.4175
23.1300 4637.4650
23.1400 4716.6675
23.1500 4703.2125
23.1600 4607.7450
23.1700 4521.1575
23.1800 4373.0575
23.1900 4590.5325
23.2000 4303.9675
23.2100 4308.6550
23.2200 4545.2100
23.2300 4593.8600
23.2400 4382.2650
23.2500 4394.1150
23.2600 4528.1675
23.2700 4539.4975
23.2800 4495.9075
23.2900 4678.1925
23.3000 4532.2275
23.3100 4590.5200
23.3200 4609.0025
23.3300 4398.3425
23.3400 4557.5850
23.3500 4478.6250
23.3600 4369.3725
23.3700 4269.6400
23.3800 4318.2775
23.3900 4500.0125
23.4000 4370.1300
23.4100 4327.5250
23.4200 4277.5600
23.4300 4233.3325
23.4400 4252.3450
23.4500 4424.5625
23.4600 4588.5000
23.4700 4348.0050
23.4800 4200.9275
23.4900 4205.5700
23.5000 4192.4900
23.5100 4270.3050
23.5200 4300.9050
23.5300 4290.3675
23.5400 4172.9050
23.5500 4439.5400
23.5600 4485.5000
23.5700 4421.9550
23.5800 4306.7425
23.5900 4156.0450
23.6000 4198.8975
23.6100 4149.0475
23.6200 4402.8650
23.6300 4149.3050
23.6400 4306.6950
23.6500 4418.4525
23.6600 4219.8600
23.6700 4307.0125
23.6800 4135.1725
23.6900 4090.3175
23.7000 4244.5400
23.7100 4342.8475
23.7200 4266.3200
23.7300 4185.6825
23.7400 4233.2175
23.7500 4472.6850
23.7600 4431.6100
23.7700 4253.0425
23.7800 4276.5400
23.7900 4202.3400
23.8000 4165.4575
23.8100 4409.8100
23.8200 4421.3400
23.8300 4381.8800
23.8400 4364.5050
23.8500 4341.6675
23.8600 4325.3500
23.8700 4154.2225
23.8800 4216.0575
23.8900 4394.4375
23.9000 4426.3725
23.9100 4443.0300
23.9200 4454.2800
23.9300 4396.2750
23.9400 4265.6400
23.9500 4344.0725
23.9600 4293.9375
23.9700 4523.1400
23.9800 4608.3425
23.9900 4714.6950
24.0000 4794.1900
24.0100 4825.0000
24.0200 4818.8075
24.0300 4753.3275
24.0400 4884.7975
24.0500 4693.4750
24.0600 4735.1725
24.0700 4976.7750
24.0800 5004.6875
24.0900 5066.0875
24.1000 5072.7000
24.1100 5287.7225
24.1200 5564.2925
24.1300 5420.0150
24.1400 5503.1250
24.1500 6011.1975
24.1600 5915.4700
24.1700 5667.9775
24.1800 5827.9500
24.1900 6122.9625
24.2000 6227.5675
24.2100 6408.1000
24.2200 6671.0350
24.2300 6876.2150
24.2400 7017.0475
24.2500 6898.0550
24.2600 6999.0275
24.2700 6982.8525
24.2800 6988.7725
24.2900 7212.4425
24.3000 7146.7700
24.3100 7220.0400
24.3200 6995.2900
24.3300 7051.6225
24.3400 6935.9850
24.3500 6986.8250
24.3600 7030.1750
24.3700 6676.0275
24.3800 6843.7000
24.3900 6710.9050
24.4000 6441.6675
24.4100 6431.5775
24.4200 6226.1675
24.4300 6079.8000
24.4400 6001.3625
24.4500 5840.0075
24.4600 5453.8175
24.4700 5360.5575
24.4800 5406.8725
24.4900 5367.4400
24.5000 5201.0625
24.5100 5224.3025
24.5200 5207.3025
24.5300 5170.8175
24.5400 4875.3325
24.5500 4886.6075
24.5600 4957.9725
24.5700 4756.5450
24.5800 5128.9775
24.5900 5017.8900
24.6000 5048.7975
24.6100 5020.2050
24.6200 5114.9300
24.6300 5060.4150
24.6400 4876.9225
24.6500 4684.5600
24.6600 4483.8425
24.6700 4751.8375
24.6800 4793.9275
24.6900 4344.4375
24.7000 4444.9175
24.7100 4823.3125
24.7200 4765.4875
24.7300 4727.5350
24.7400 4824.7675
24.7500 5107.2225
24.7600 4754.0475
24.7700 4598.5625
24.7800 4869.7200
24.7900 4985.5200
24.8000 4728.3175
24.8100 4521.9175
24.8200 4756.1950
24.8300 5035.2800
24.8400 5118.6525
24.8500 4817.4975
24.8600 4859.1375
24.8700 4902.1775
24.8800 5019.8225
24.8900 5188.3325
24.9000 5003.7700
24.9100 5226.0750
24.9200 5289.3450
24.9300 5141.7900
24.9400 5154.3800
24.9500 5456.5225
24.9600 5325.6475
24.9700 5372.8475
24.9800 5200.0000
24.9900 5201.3800
25.0000 5327.5125
25.0100 5565.2025
25.0200 5417.6550
25.0300 5527.1250
25.0400 5774.7375
25.0500 5741.5450
25.0600 5725.0550
25.0700 5735.2725
25.0800 6059.6225
25.0900 6300.1175
25.1000 6325.0350
25.1100 6332.5875
25.1200 6116.9000
25.1300 6200.1625
25.1400 6275.0525
25.1500 6308.5650
25.1600 6558.3200
25.1700 6516.6800
25.1800 6858.0050
25.1900 7224.4175
25.2000 7507.7050
25.2100 7716.0750
25.2200 7724.9700
25.2300 7940.7775
25.2400 8306.6000
25.2500 8590.1500
25.2600 8947.8575
25.2700 8850.6600
25.2800 9387.7500
25.2900 10086.1700
25.3000 10149.5050
25.3100 10422.4975
25.3200 10656.0650
25.3300 11186.1475
25.3400 11694.4225
25.3500 11905.9175
25.3600 11990.6475
25.3700 12197.3250
25.3800 13367.4025
25.3900 13506.5725
25.4000 13130.6375
25.4100 13207.0550
25.4200 13692.1575
25.4300 13904.8825
25.4400 14375.1675
25.4500 14366.9625
25.4600 14505.7225
25.4700 15039.6825
25.4800 14894.7800
25.4900 14801.8600
25.5000 14930.5450
25.5100 15161.6450
25.5200 15468.1725
25.5300 15360.9875
25.5400 15626.9050
25.5500 15828.5350
25.5600 16256.0025
25.5700 16550.9750
25.5800 16858.6975
25.5900 17475.1300
25.6000 17588.9600
25.6100 18175.0525
25.6200 19560.1350
25.6300 20166.4625
25.6400 20749.4375
25.6500 21938.5675
25.6600 22879.6200
25.6700 23876.9550
25.6800 25078.0100
25.6900 25858.3375
25.7000 27156.2625
25.7100 28464.0725
25.7200 28966.9725
25.7300 29015.4975
25.7400 30623.8875
25.7500 31341.8750
25.7600 31422.8475
25.7700 31866.1450
25.7800 32492.5300
25.7900 32676.8800
25.8000 32611.2825
25.8100 32208.3100
25.8200 31935.8150
25.8300 30902.2400
25.8400 30059.8100
25.8500 29793.5750
25.8600 28778.4725
25.8700 27633.4725
25.8800 26611.6100
25.8900 25484.1225
25.9000 24391.2525
25.9100 23101.5050
25.9200 22223.3625
25.9300 20984.4500
25.9400 19457.1025
25.9500 18447.6500
25.9600 17203.4050
25.9700 16389.3225
25.9800 15661.4500
25.9900 15142.5325
26.0000 14476.4200
26.0100 13462.1625
26.0200 12674.1725
26.0300 11457.8500
26.0400 11092.0700
26.0500 11122.2750
26.0600 10951.7700
26.0700 10516.7400
26.0800 9776.0425
26.0900 9175.3475
26.1000 8748.9700
26.1100 8685.7550
26.1200 8283.2950
26.1300 7584.1900
26.1400 7298.8175
26.1500 7197.2150
26.1600 7348.1425
26.1700 6779.7400
26.1800 6710.4125
26.1900 7005.0675
26.2000 6416.3050
26.2100 6491.9825
26.2200 6468.8250
26.2300 6217.4250
26.2400 5997.6225
26.2500 6014.4475
26.2600 6001.1200
26.2700 5867.9300
26.2800 5881.6250
26.2900 5852.2975
26.3000 5741.4475
26.3100 5857.3150
26.3200 5835.6900
26.3300 5647.6000
26.3400 5641.0675
26.3500 5803.9750
26.3600 5793.4950
26.3700 5552.3800
26.3800 5579.6175
26.3900 5621.8775
26.4000 5239.7975
26.4100 5146.7400
26.4200 5210.9125
26.4300 5362.7600
26.4400 5175.2125
26.4500 5189.0500
26.4600 5038.1825
26.4700 5132.3700
26.4800 5134.0025
26.4900 5332.4775
26.5000 5143.3300
26.5100 5186.1950
26.5200 4962.3325
26.5300 4987.5050
26.5400 4877.1475
26.5500 4965.8525
26.5600 5020.7475
26.5700 5002.1400
26.5800 4824.8600
26.5900 4861.6025
26.6000 5033.9750
26.6100 5148.8000
26.6200 5059.5975
26.6300 4928.5575
26.6400 5091.1275
26.6500 4964.3075
26.6600 4631.8350
26.6700 4463.7325
26.6800 4684.5300
26.6900 4632.7275
26.7000 4436.1100
26.7100 4567.6800
26.7200 4492.7850
26.7300 4521.0375
26.7400 4720.9350
26.7500 4854.6325
26.7600 4844.0875
26.7700 4488.1700
26.7800 4540.1950
26.7900 4655.1600
26.8000 4786.7700
26.8100 4522.4425
26.8200 4461.6800
26.8300 4780.4775
26.8400 4899.0225
26.8500 4466.9000
26.8600 4259.6500
26.8700 4562.9675
26.8800 4562.6650
26.8900 4535.9475
26.9000 4496.0475
26.9100 4663.0750
26.9200 4534.3800
26.9300 4620.8650
26.9400 4581.2675
26.9500 4567.5675
26.9600 4581.5225
26.9700 4420.0250
26.9800 4451.9275
26.9900 4487.9875
27.0000 4699.1050
27.0100 4628.7525
27.0200 4616.6675
27.0300 4749.7550
27.0400 4692.7775
27.0500 4321.5125
27.0600 4548.0300
27.0700 4775.0650
27.0800 4667.3500
27.0900 4267.0425
27.1000 4415.3775
27.1100 4618.1825
27.1200 4685.7675
27.1300 4684.3225
27.1400 4323.6625
27.1500 4348.3525
27.1600 4695.5350
27.1700 4858.8750
27.1800 4787.1525
27.1900 4372.6275
27.2000 4360.5325
27.2100 4680.8300
27.2200 4725.0000
27.2300 4520.7000
27.2400 4382.2925
27.2500 4337.5200
27.2600 4464.4050
27.2700 4723.4725
27.2800 4532.8975
27.2900 4347.3875
27.3000 4550.1350
27.3100 4510.7575
27.3200 4514.5050
27.3300 4538.4100
27.3400 4664.7975
27.3500 4639.9050
27.3600 4372.9350
27.3700 4477.9025
27.3800 4593.9075
27.3900 4572.2400
27.4000 4595.5225
27.4100 4679.3000
27.4200 4684.4625
27.4300 4596.9400
27.4400 4482.6100
27.4500 4330.0625
27.4600 4337.0725
27.4700 4535.5275
27.4800 4408.8125
27.4900 4541.0800
27.5000 4681.3150
27.5100 4506.6625
27.5200 4603.8050
27.5300 4625.0000
27.5400 4553.5375
27.5500 4327.4275
27.5600 4341.6225
27.5700 4478.3700
27.5800 4614.0275
27.5900 4547.8700
27.6000 4554.6850
27.6100 4231.1675
27.6200 4352.6875
27.6300 4553.7975
27.6400 4420.0825
27.6500 4668.2925
27.6600 4773.3725
27.6700 4535.4175
27.6800 4350.0975
27.6900 4523.0625
27.7000 4826.9500
27.7100 4740.7825
27.7200 4575.4825
27.7300 4655.8150
27.7400 4632.7025
27.7500 4934.9675
27.7600 4914.2275
27.7700 4787.4375
27.7800 4907.2725
27.7900 4827.9525
27.8000 4822.3750
27.8100 4867.0950
27.8200 4903.0450
27.8300 4978.3950
27.8400 4837.6375
27.8500 4654.4100
27.8600 4806.7850
27.8700 4876.6000
27.8800 4876.3500
27.8900 4979.6600
27.9000 4993.0275
27.9100 4970.7625
27.9200 4952.7400
27.9300 5019.5800
27.9400 5158.4900
27.9500 4974.8825
27.9600 4905.5600
27.9700 5163.6725
27.9800 5376.1475
27.9900 5422.1925
28.0000 5362.6800
28.0100 5453.7925
28.0200 5634.0375
28.0300 6081.2600
28.0400 6511.9200
28.0500 6459.1275
28.0600 6522.9750
28.0700 6589.9025
28.0800 6730.8300
28.0900 7171.1950
28.1000 7320.2200
28.1100 7381.4325
28.1200 7625.1325
28.1300 7743.6175
28.1400 7929.7575
28.1500 8035.1875
28.1600 8289.6575
28.1700 8348.5100
28.1800 8329.4875
28.1900 8338.6650
28.2000 8928.8875
28.2100 8901.3950
28.2200 8839.3925
28.2300 8908.2850
28.2400 8911.3825
28.2500 8955.9625
28.2600 8837.4800
28.2700 8835.5125
28.2800 8814.5075
28.2900 8767.6250
28.3000 8934.6150
28.3100 8737.8650
28.3200 8236.4800
28.3300 7835.6425
28.3400 7584.1225
28.3500 7257.9125
28.3600 7427.9625
28.3700 7287.6850
28.3800 6924.8075
28.3900 6816.3150
28.4000 6572.7125
28.4100 6725.2125
28.4200 6472.4900
28.4300 6104.4225
28.4400 6113.8875
28.4500 5972.3400
28.4600 5926.6300
28.4700 5991.9850
28.4800 5820.9125
28.4900 5547.5800
28.5000 5505.0350
28.5100 5508.3325
28.5200 5474.9625
28.5300 5299.9275
28.5400 5384.9650
28.5500 5310.1075
28.5600 5190.1600
28.5700 5379.4775
28.5800 5233.9675
28.5900 5023.9550
28.6000 4903.7025
28.6100 5002.6950
28.6200 4960.4425
28.6300 4988.0175
28.6400 5059.5500
28.6500 4922.9250
28.6600 4810.6550
28.6700 4679.4275
28.6800 4722.5725
28.6900 4886.7050
28.7000 4740.5400
28.7100 4586.3375
28.7200 4499.1300
28.7300 4496.4800
28.7400 4578.8250
28.7500 4350.5750
28.7600 4335.8050
28.7700 4690.8200
28.7800 4442.7650
28.7900 4271.4650
28.8000 4472.3525
28.8100 4415.7050
28.8200 4520.4675
28.8300 4525.7075
28.8400 4321.0500
28.8500 4194.9925
28.8600 4344.2850
28.8700 4346.1250
28.8800 4365.8400
28.8900 4355.5100
28.9000 4181.2175
28.9100 4425.2425
28.9200 4482.4050
28.9300 4364.8875
28.9400 4391.5850
28.9500 4266.0475
28.9600 4212.0750
28.9700 4305.2025
28.9800 4359.1450
28.9900 4411.8050
29.0000 4386.3400
29.0100 4362.1225
29.0200 4493.4450
29.0300 4507.6175
29.0400 4352.2425
29.0500 4231.3000
29.0600 4150.6025
29.0700 4261.5275
29.0800 4408.8825
29.0900 4339.2650
29.1000 4269.9625
29.1100 4283.8950
29.1200 4349.1375
29.1300 4334.7625
29.1400 4305.8725
29.1500 4370.0825
29.1600 4474.4275
29.1700 4538.1700
29.1800 4467.3625
29.1900 4232.0575
29.2000 4420.5450
29.2100 4569.7625
29.2200 4471.2575
29.2300 4332.0125
29.2400 4148.1350
29.2500 4352.9125
29.2600 4477.5600
29.2700 4352.7775
29.2800 4182.1675
29.2900 4337.0750
29.3000 4651.9450
29.3100 4519.3450
29.3200 4431.1325
29.3300 4538.1150
29.3400 4405.4600
29.3500 4462.9400
29.3600 4500.0000
29.3700 4568.9125
29.3800 4491.5075
29.3900 4452.0775
29.4000 4581.2550
29.4100 4275.2600
29.4200 4276.9025
29.4300 4485.0300
29.4400 4541.6675
29.4500 4703.5425
29.4600 4696.1225
29.4700 4357.9700
29.4800 4368.0175
29.4900 4594.5300
29.5000 4825.7800
29.5100 4858.5450
29.5200 4893.3450
29.5300 5007.3275
29.5400 4967.4800
29.5500 4916.9575
29.5600 4821.9175
29.5700 5019.8725
29.5800 5272.5600
29.5900 5431.8600
29.6000 5251.3075
29.6100 5420.9300
29.6200 5668.0625
29.6300 5639.0600
29.6400 5786.2100
29.6500 5911.2875
29.6600 6110.9275
29.6700 6413.6425
29.6800 6475.5425
29.6900 6484.9950
29.7000 6754.1575
29.7100 7093.9825
29.7200 7341.7950
29.7300 7357.3725
29.7400 7445.1100
29.7500 7896.7775
29.7600 7958.8725
29.7700 7918.9300
29.7800 8468.6175
29.7900 8699.2425
29.8000 8696.2225
29.8100 8703.7675
29.8200 8962.2600
29.8300 9312.0550
29.8400 9341.9375
29.8500 9376.9775
29.8600 9128.8175
29.8700 9115.3200
29.8800 9228.2150
29.8900 9378.5650
29.9000 9064.5975
29.9100 8925.0000
29.9200 8745.0925
29.9300 8734.9200
29.9400 8770.3075
29.9500 8589.5525
29.9600 8002.6175
29.9700 7620.8275
29.9800 7585.8050
29.9900 7498.6350
30.0000 7517.9100
30.0100 7238.0750
30.0200 7009.6050
30.0300 6948.8375
30.0400 6947.6050
30.0500 6552.4825
30.0600 6605.0825
30.0700 6650.2050
30.0800 6159.8650
30.0900 5883.8775
30.1000 5838.1825
30.1100 5880.5625
30.1200 5817.4200
30.1300 5759.7575
30.1400 5755.8900
30.1500 5723.0300
30.1600 5596.6325
30.1700 5456.0150
30.1800 5516.4400
30.1900 5734.2575
30.2000 5468.5000
30.2100 5219.6225
30.2200 5280.2875
30.2300 5184.7350
30.2400 5177.5550
30.2500 5363.3650
30.2600 5363.3800
30.2700 5117.8250
30.2800 5054.0975
30.2900 5252.7375
30.3000 5525.0550
30.3100 5538.6750
30.3200 5218.3425
30.3300 5323.4600
30.3400 5587.1175
30.3500 5577.3450
30.3600 5634.1450
30.3700 5715.4250
30.3800 5756.4125
30.3900 5772.4325
30.4000 5867.1625
30.4100 5798.9850
30.4200 5882.2525
30.4300 5953.1575
30.4400 6090.3575
30.4500 6344.9975
30.4600 6398.9525
30.4700 6503.5650
30.4800 6769.9850
30.4900 7043.8400
30.5000 7199.2350
30.5100 7370.2600
30.5200 7513.1375
30.5300 7641.1250
30.5400 7854.0450
30.5500 8018.6125
30.5600 8416.1950
30.5700 8889.8025
30.5800 9294.1700
30.5900 9682.9375
30.6000 10029.0875
30.6100 10399.1350
30.6200 10847.0700
30.6300 11118.5525
30.6400 11795.4350
30.6500 12441.0550
30.6600 13306.4900
30.6700 13861.0525
30.6800 14163.3750
30.6900 14876.0075
30.7000 15275.9825
30.7100 15941.5700
30.7200 16706.4800
30.7300 17688.6750
30.7400 18276.3475
30.7500 18383.3325
30.7600 18545.1550
30.7700 18931.6250
30.7800 18927.3750
30.7900 18521.6700
30.8000 18541.8100
30.8100 18788.8675
30.8200 18855.5675
30.8300 18694.7475
30.8400 18677.6025
30.8500 18392.8600
30.8600 17663.7875
30.8700 17098.7750
30.8800 16925.2175
30.8900 16412.0375
30.9000 15458.6475
30.9100 14615.6250
30.9200 14361.1675
30.9300 13979.2375
30.9400 13437.5225
30.9500 12956.7125
30.9600 12246.6300
30.9700 11542.3225
30.9800 10985.9375
30.9900 10600.7125
31.0000 10087.7300
31.0100 9618.6850
31.0200 9543.2650
31.0300 9106.8725
31.0400 8401.5200
31.0500 8082.2700
31.0600 7770.2650
31.0700 7538.2325
31.0800 7459.1600
31.0900 7057.3625
31.1000 6947.3375
31.1100 7005.4025
31.1200 6765.4500
31.1300 6299.0100
31.1400 6143.6025
31.1500 6255.2100
31.1600 6087.8775
31.1700 5853.8575
31.1800 5625.2975
31.1900 5554.7800
31.2000 5647.0125
31.2100 5456.2075
31.2200 5453.3075
31.2300 5551.7050
31.2400 5475.9550
31.2500 5361.0300
31.2600 5261.0925
31.2700 5278.2050
31.2800 5138.2425
31.2900 5057.5975
31.3000 5082.5825
31.3100 5033.3675
31.3200 4729.9675
31.3300 4686.0800
31.3400 4665.4500
31.3500 4584.9900
31.3600 4656.3250
31.3700 4639.8375
31.3800 4568.4175
31.3900 4518.4475
31.4000 4379.1725
31.4100 4234.8575
31.4200 4133.9925
31.4300 4278.0875
31.4400 4414.7300
31.4500 4543.1100
31.4600 4514.3325
31.4700 4390.5100
31.4800 4303.0925
31.4900 4347.8925
31.5000 4365.6600
31.5100 4298.0375
31.5200 4495.0750
31.5300 4571.1025
31.5400 4507.4300
31.5500 4351.9300
31.5600 4271.8375
31.5700 4419.6200
31.5800 4472.2150
31.5900 4346.9100
31.6000 4164.8975
31.6100 4297.4300
31.6200 4383.8900
31.6300 4245.3925
31.6400 4128.8450
31.6500 4043.6450
31.6600 4039.0400
31.6700 4007.2075
31.6800 4015.8600
31.6900 4041.6675
31.7000 4189.4775
31.7100 4222.2325
31.7200 4224.0250
31.7300 4260.1625
31.7400 4286.9700
31.7500 4122.5300
31.7600 3942.4850
31.7700 4061.9225
31.7800 4151.5025
31.7900 4146.7150
31.8000 4215.5750
31.8100 4172.6725
31.8200 4091.4975
31.8300 4215.7925
31.8400 4333.4475
31.8500 4234.5925
31.8600 4193.4200
31.8700 4286.7675
31.8800 4233.2975
31.8900 4226.6250
31.9000 4296.6150
31.9100 4231.9050
31.9200 4234.7675
31.9300 4419.2825
31.9400 4551.4575
31.9500 4624.6475
31.9600 4762.4775
31.9700 4615.3575
31.9800 4610.1775
31.9900 4604.5250
32.0000 4785.1700
32.0100 4889.2775
32.0200 4876.1575
32.0300 4919.6875
32.0400 5021.8325
32.0500 5102.9775
32.0600 5018.5500
32.0700 5175.4225
32.0800 5426.3400
32.0900 5560.1225
32.1000 5618.1025
32.1100 5825.0400
32.1200 6127.4975
32.1300 6309.8225
32.1400 6382.6475
32.1500 6414.5725
32.1600 6677.3100
32.1700 6698.3925
32.1800 6651.1125
32.1900 6859.5850
32.2000 7028.1350
32.2100 7370.6475
32.2200 7803.7325
32.2300 8059.4325
32.2400 8066.0100
32.2500 7963.8275
32.2600 8044.9500
32.2700 8200.4300
32.2800 8321.8075
32.2900 8422.8175
32.3000 8415.3475
32.3100 8483.5225
32.3200 8672.7050
32.3300 8625.0525
32.3400 8534.5100
32.3500 8194.9825
32.3600 8066.1550
32.3700 7996.0925
32.3800 7861.9350
32.3900 7678.6975
32.4000 7503.8925
32.4100 7210.8850
32.4200 7027.1775
32.4300 6928.7375
32.4400 6747.6675
32.4500 6496.6125
32.4600 6353.6450
32.4700 6270.3825
32.4800 6058.6400
32.4900 5918.3050
32.5000 5881.3325
32.5100 5768.7750
32.5200 5458.8700
32.5300 5307.5525
32.5400 5328.6875
32.5500 5209.0150
32.5600 5144.4700
32.5700 4930.6200
32.5800 4672.3250
32.5900 4690.5425
32.6000 4726.9400
32.6100 4763.6075
32.6200 4674.9125
32.6300 4497.7400
32.6400 4547.2275
32.6500 4876.2875
32.6600 4855.2325
32.6700 4697.8650
32.6800 4643.5875
32.6900 4551.4000
32.7000 4493.1075
32.7100 4425.7100
32.7200 4437.1175
32.7300 4520.3950
32.7400 4435.9175
32.7500 4473.7125
32.7600 4519.3025
32.7700 4616.4325
32.7800 4768.0450
32.7900 4661.6725
32.8000 4558.3325
32.8100 4706.6600
32.8200 4806.3975
32.8300 4787.8175
32.8400 4970.7825
32.8500 5075.8050
32.8600 5145.0000
32.8700 5241.6675
32.8800 5219.3900
32.8900 5222.2475
32.9000 5459.4275
32.9100 5605.6150
32.9200 5553.3675
32.9300 5740.8875
32.9400 6071.4175
32.9500 6380.5500
32.9600 6537.7425
32.9700 6713.4425
32.9800 7003.0300
32.9900 7278.7600
33.0000 7750.1125
33.0100 7997.4175
33.0200 8050.6500
33.0300 8434.4825
33.0400 8769.8350
33.0500 9116.6675
33.0600 9427.2400
33.0700 9727.1600
33.0800 10153.7175
33.0900 10502.4450
33.1000 11013.4300
33.1100 11384.9150
33.1200 11615.0350
33.1300 11847.7400
33.1400 11925.8450
33.1500 12147.8825
33.1600 12393.4775
33.1700 12535.8050
33.1800 12710.9275
33.1900 12795.7200
33.2000 12663.4750
33.2100 12469.1225
33.2200 12451.1375
33.2300 12274.4450
33.2400 11633.3350
33.2500 11267.4425
33.2600 11168.4650
33.2700 10787.8400
33.2800 10435.8750
33.2900 10067.5150
33.3000 9664.9175
33.3100 9478.7825
33.3200 9202.0600
33.3300 8710.6000
33.3400 8416.4125
33.3500 8320.5800
33.3600 7936.4175
33.3700 7353.6850
33.3800 6999.9500
33.3900 6829.2300
33.4000 6475.6550
33.4100 6158.4575
33.4200 6075.2550
33.4300 5871.8375
33.4400 5844.8100
33.4500 5999.7675
33.4600 5740.5875
33.4700 5330.6350
33.4800 5204.2225
33.4900 5031.7225
33.5000 4891.1200
33.5100 4867.7050
33.5200 4751.1200
33.5300 4695.7475
33.5400 4565.5300
33.5500 4319.2075
33.5600 4163.6400
33.5700 4128.8375
33.5800 4097.1025
33.5900 4187.5400
33.6000 4296.9800
33.6100 4246.2325
33.6200 4160.8375
33.6300 4075.2900
33.6400 4110.8400
33.6500 4026.0125
33.6600 3895.3450
33.6700 3936.3175
33.6800 3974.6500
33.6900 4011.2350
33.7000 3938.1900
33.7100 3884.6100
33.7200 3973.8075
33.7300 4150.5550
33.7400 4316.6675
33.7500 4166.5650
33.7600 4007.8875
33.7700 3902.4650
33.7800 3826.1150
33.7900 4016.8175
33.8000 4092.1875
33.8100 3851.7750
33.8200 3714.0800
33.8300 3832.4700
33.8400 3901.0825
33.8500 3754.9675
33.8600 3658.8225
33.8700 3705.0325
33.8800 3711.0250
33.8900 3698.5425
33.9000 3658.3325
33.9100 3777.7950
33.9200 3966.6850
33.9300 3998.1100
33.9400 3966.6675
33.9500 3913.0575
33.9600 3838.5300
33.9700 3779.1950
33.9800 3725.0000
33.9900 3789.6825
34.0000 3805.8850
34.0100 3710.5775
34.0200 3728.7725
34.0300 3877.8450
34.0400 3818.0450
34.0500 3664.8575
34.0600 3838.6725
34.0700 3899.0600
34.0800 3794.1675
34.0900 3605.6875
34.1000 3531.6725
34.1100 3757.9600
34.1200 3768.0450
34.1300 3722.4525
34.1400 3828.7950
34.1500 3841.6400
34.1600 3700.0850
34.1700 3597.1650
34.1800 3606.5600
34.1900 3612.7900
34.2000 3631.6200
34.2100 3637.6900
34.2200 3792.2275
34.2300 3927.0375
34.2400 3897.3800
34.2500 3886.9775
34.2600 3833.4500
34.2700 3972.6375
34.2800 4090.4550
34.2900 4002.7875
34.3000 4216.1500
34.3100 4266.4150
34.3200 4319.7575
34.3300 4487.2550
34.3400 4533.2125
34.3500 4528.6575
34.3600 4498.7225
34.3700 4440.4600
34.3800 4511.8400
34.3900 4653.1575
34.4000 4976.3100
34.4100 5225.0000
34.4200 5090.5475
34.4300 4975.4400
34.4400 5246.4725
34.4500 5519.8200
34.4600 5611.0275
34.4700 5662.2925
34.4800 5797.8475
34.4900 6105.3600
34.5000 6174.8150
34.5100 6252.4350
34.5200 6618.8875
34.5300 6741.8000
34.5400 6632.4475
34.5500 6787.2050
34.5600 6812.9100
34.5700 6890.2675
34.5800 7159.3675
34.5900 7064.2625
34.6000 6872.0300
34.6100 6980.5200
34.6200 7033.2900
34.6300 7040.7575
34.6400 7208.3325
34.6500 7076.0525
34.6600 6849.4800
34.6700 6837.1675
34.6800 6743.2750
34.6900 6481.2400
34.7000 6443.5450
34.7100 6459.8600
34.7200 6294.4775
34.7300 5949.6875
34.7400 5755.0050
34.7500 5706.8350
34.7600 5523.4950
34.7700 5329.0725
34.7800 5242.4925
34.7900 5345.6075
34.8000 5124.7950
34.8100 4884.0075
34.8200 4719.7225
34.8300 4599.7100
34.8400 4585.7750
34.8500 4525.0000
34.8600 4498.9550
34.8700 4497.3250
34.8800 4568.0625
34.8900 4596.2775
34.9000 4513.3200
34.9100 4301.6550
34.9200 4173.5375
34.9300 4117.3450
34.9400 4129.5025
34.9500 4124.8900
34.9600 4194.8575
34.9700 4101.3100
34.9800 3970.2600
34.9900 4127.6300
35.0000 4254.5500
35.0100 4011.9675
35.0200 3783.5375
35.0300 3806.1375
35.0400 3812.6475
35.0500 3940.7425
35.0600 4037.5050
35.0700 4013.5500
35.0800 3971.0050
35.0900 3920.7500
35.1000 4053.1725
35.1100 4142.7650
35.1200 4086.0250
35.1300 4204.2200
35.1400 4040.3450
35.1500 4024.8825
35.1600 4115.8275
35.1700 4103.0500
35.1800 4080.9375
35.1900 4078.8900
35.2000 4097.7250
35.2100 3940.2625
35.2200 3883.1875
35.2300 4044.0150
35.2400 4179.9475
35.2500 4082.0200
35.2600 4070.9300
35.2700 4170.9825
35.2800 4313.0975
35.2900 4429.0300
35.3000 4523.8900
35.3100 4420.7200
35.3200 4394.8950
35.3300 4589.2175
35.3400 4670.4600
35.3500 4788.2850
35.3600 4667.3125
35.3700 4725.3075
35.3800 5140.0975
35.3900 5118.5250
35.4000 5182.6300
35.4100 5222.2000
35.4200 5401.5500
35.4300 5385.6050
35.4400 5351.9775
35.4500 5738.9275
35.4600 5930.7075
35.4700 5975.8300
35.4800 6135.3875
35.4900 6407.3275
35.5000 6665.2950
35.5100 6903.9400
35.5200 7080.8325
35.5300 7172.6925
35.5400 7398.2000
35.5500 7744.8750
35.5600 8002.9950
35.5700 8297.2250
35.5800 8793.8175
35.5900 9371.8625
35.6000 9546.9925
35.6100 9655.0850
35.6200 9862.4650
35.6300 10083.4575
35.6400 10167.6450
35.6500 10462.1075
35.6600 10739.4125
35.6700 10968.7475
35.6800 10949.3675
35.6900 10999.1175
35.7000 11352.7200
35.7100 11094.8900
35.7200 10961.7950
35.7300 11003.0150
35.7400 10857.9775
35.7500 10930.6925
35.7600 10891.3025
35.7700 10404.9150
35.7800 10002.2175
35.7900 9695.5100
35.8000 9520.6500
35.8100 9466.2300
35.8200 8951.0775
35.8300 8747.1375
35.8400 8455.9350
35.8500 7987.7475
35.8600 7497.2950
35.8700 7329.3875
35.8800 7110.2950
35.8900 6997.0675
35.9000 6685.2300
35.9100 6228.2050
35.9200 6098.5225
35.9300 6085.3725
35.9400 5944.7950
35.9500 5762.0550
35.9600 5407.4000
35.9700 5184.1800
35.9800 5064.6425
35.9900 4829.9625
36.0000 4861.4575
36.0100 4802.2625
36.0200 4537.7025
36.0300 4464.1900
36.0400 4358.3325
36.0500 4329.0775
36.0600 4251.0425
36.0700 4264.8375
36.0800 4307.8400
36.0900 4198.5025
36.1000 4090.1025
36.1100 3983.3325
36.1200 4004.8175
36.1300 4039.2950
36.1400 3998.7850
36.1500 3997.7450
36.1600 3935.8525
36.1700 3909.4025
36.1800 3888.8100
36.1900 3805.3675
36.2000 3857.7175
36.2100 3805.5950
36.2200 3800.0125
36.2300 3677.8275
36.2400 3648.5650
36.2500 3685.0025
36.2600 3801.8725
36.2700 3999.2750
36.2800 3984.9200
36.2900 3824.2825
36.3000 3770.6825
36.3100 3682.6750
36.3200 3647.1325
36.3300 3672.4900
36.3400 3813.8725
36.3500 3767.8075
36.3600 3758.1600
36.3700 3744.2450
36.3800 3480.7400
36.3900 3654.2000
36.4000 3858.5625
36.4100 3759.0550
36.4200 3832.1600
36.4300 3945.3275
36.4400 4023.3750
36.4500 3866.4250
36.4600 3801.0825
36.4700 3730.1600
36.4800 3815.7625
36.4900 3702.5975
36.5000 3865.1950
36.5100 4014.4475
36.5200 3985.5150
36.5300 4083.3350
36.5400 4098.0450
36.5500 3952.3700
36.5600 3888.9725
36.5700 4064.4925
36.5800 4124.2450
36.5900 4315.2150
36.6000 4512.6050
36.6100 4510.1150
36.6200 4545.6975
36.6300 4626.5925
36.6400 4779.6675
36.6500 4669.0050
36.6600 4993.2700
36.6700 5116.8150
36.6800 4991.2100
36.6900 5083.3675
36.7000 5243.3300
36.7100 5099.2100
36.7200 5264.3550
36.7300 5391.7725
36.7400 5486.5400
36.7500 5480.9375
36.7600 5388.6675
36.7700 5624.4100
36.7800 5727.3175
36.7900 5472.5200
36.8000 5316.2100
36.8100 5214.9550
36.8200 5350.4450
36.8300 5548.9675
36.8400 5184.3825
36.8500 5034.3125
36.8600 5044.9475
36.8700 5140.3650
36.8800 5014.8525
36.8900 4992.0675
36.9000 4922.5350
36.9100 4842.1225
36.9200 4680.9625
36.9300 4600.8150
36.9400 4430.5475
36.9500 4363.6150
36.9600 4416.6325
36.9700 4501.5375
36.9800 4376.0550
36.9900 4485.3750
37.0000 4461.3150
37.0100 4235.5125
37.0200 4313.4500
37.0300 4331.6350
37.0400 4272.6200
37.0500 4075.0750
37.0600 4111.6800
37.0700 4105.0075
37.0800 4048.2125
37.0900 4156.5175
37.1000 4201.8875
37.1100 4144.9350
37.1200 4174.5950
37.1300 4282.1250
37.1400 4448.3900
37.1500 4404.8125
37.1600 4240.4325
37.1700 4225.3825
37.1800 4377.5275
37.1900 4565.0975
37.2000 4561.4575
37.2100 4529.9225
37.2200 4381.2700
37.2300 4607.0500
37.2400 4656.6375
37.2500 4626.7550
37.2600 4897.7025
37.2700 5093.0725
37.2800 5172.0050
37.2900 5225.3825
37.3000 5571.8625
37.3100 5705.7875
37.3200 5573.2850
37.3300 5961.8525
37.3400 6186.5950
37.3500 6296.4375
37.3600 6598.4625
37.3700 6803.0675
37.3800 6926.3450
37.3900 7306.2325
37.4000 7522.0575
37.4100 7489.0525
37.4200 7849.8625
37.4300 8044.5725
37.4400 8044.7650
37.4500 8492.4600
37.4600 8995.0475
37.4700 9175.2500
37.4800 9403.4025
37.4900 9754.9850
37.5000 10117.5100
37.5100 10033.3325
37.5200 10047.6575
37.5300 10201.3400
37.5400 10601.2400
37.5500 10500.0600
37.5600 10460.3650
37.5700 10685.7000
37.5800 10292.4350
37.5900 10119.5300
37.6000 10156.1450
37.6100 9992.6350
37.6200 9912.2025
37.6300 9683.1900
37.6400 9572.0025
37.6500 9166.5350
37.6600 8903.6225
37.6700 8789.6750
37.6800 8553.9550
37.6900 8405.2675
37.7000 8211.8850
37.7100 7749.5075
37.7200 7596.2425
37.7300 7333.1325
37.7400 7425.6600
37.7500 6941.1525
37.7600 6501.0350
37.7700 6142.4950
37.7800 6213.8475
37.7900 5868.2200
37.8000 5525.6450
37.8100 5401.8325
37.8200 5234.8275
37.8300 4797.9300
37.8400 4954.8125
37.8500 5302.6900
37.8600 4976.1750
37.8700 4622.9825
37.8800 4598.3325
37.8900 4507.1525
37.9000 4383.8475
37.9100 4446.1025
37.9200 4383.8250
37.9300 4128.5475
37.9400 4083.1275
37.9500 4018.5475
37.9600 4016.5650
37.9700 3899.0250
37.9800 3999.3950
37.9900 3781.7025
38.0000 3688.3375
38.0100 3598.7750
38.0200 3673.2925
38.0300 3813.0700
38.0400 3927.5875
38.0500 3926.0875
38.0600 3713.2850
38.0700 3686.6800
38.0800 3724.9450
38.0900 3781.1575
38.1000 3604.2800
38.1100 3556.2425
38.1200 3471.8175
38.1300 3590.5875
38.1400 3505.4300
38.1500 3567.5375
38.1600 3657.5750
38.1700 3642.5050
38.1800 3562.9625
38.1900 3533.7825
38.2000 3625.7225
38.2100 3619.7600
38.2200 3457.3625
38.2300 3261.0925
38.2400 3204.8150
38.2500 3260.3700
38.2600 3295.3975
38.2700 3445.2400
38.2800 3574.8500
38.2900 3467.9200
38.3000 3399.2050
38.3100 3586.6575
38.3200 3510.1900
38.3300 3340.8150
38.3400 3527.2825
38.3500 3351.7050
38.3600 3477.5175
38.3700 3405.7250
38.3800 3476.0050
38.3900 3362.7950
38.4000 3188.3925
38.4100 3155.0875
38.4200 3350.5275
38.4300 3355.7400
38.4400 3312.5875
38.4500 3251.0025
38.4600 3262.2400
38.4700 3193.5975
38.4800 3234.4800
38.4900 3390.2725
38.5000 3359.8275
38.5100 3259.5400
38.5200 3568.8700
38.5300 3459.6200
38.5400 3472.4200
38.5500 3273.6475
38.5600 3408.7350
38.5700 3414.3125
38.5800 3360.9150
38.5900 3238.2975
38.6000 3174.7000
38.6100 3356.0525
38.6200 3483.6875
38.6300 3295.9475
38.6400 3208.8725
38.6500 3432.3475
38.6600 3614.8050
38.6700 3557.3325
38.6800 3307.1650
38.6900 3278.6750
38.7000 3379.2300
38.7100 3259.9200
38.7200 3315.2225
38.7300 3532.5950
38.7400 3508.5700
38.7500 3514.8475
38.7600 3448.0350
38.7700 3376.0450
38.7800 3418.0650
38.7900 3471.5725
38.8000 3326.6300
38.8100 3400.0000
38.8200 3403.9000
38.8300 3598.1600
38.8400 3499.2800
38.8500 3457.6600
38.8600 3418.1700
38.8700 3515.6225
38.8800 3441.5600
38.8900 3433.7225
38.9000 3464.1200
38.9100 3226.4125
38.9200 3375.2075
38.9300 3400.0600
38.9400 3408.9375
38.9500 3508.6200
38.9600 3566.3525
38.9700 3482.8700
38.9800 3308.1450
38.9900 3183.4500
39.0000 3491.4325
39.0100 3558.2075
39.0200 3334.0150
39.0300 3681.8750
39.0400 3757.9350
39.0500 3592.7425
39.0600 3715.7175
39.0700 3601.0175
39.0800 3311.2125
39.0900 3390.7475
39.1000 3597.4650
39.1100 3731.5575
39.1200 3593.7150
39.1300 3591.6675
39.1400 3665.4100
39.1500 3609.3775
39.1600 3518.4125
39.1700 3704.4600
39.1800 3887.7500
39.1900 3842.7925
39.2000 3923.0275
39.2100 4225.6775
39.2200 4119.7000
39.2300 3946.4175
39.2400 3974.0575
39.2500 4298.5100
39.2600 4332.5675
39.2700 4301.0600
39.2800 4300.0000
39.2900 4171.2175
39.3000 4287.2550
39.3100 4163.1950
39.3200 4398.9250
39.3300 4400.3225
39.3400 4800.0100
39.3500 4984.4650
39.3600 4800.1300
39.3700 4895.2875
39.3800 4947.7675
39.3900 5132.8800
39.4000 5522.8575
39.4100 5533.7350
39.4200 5945.2675
39.4300 5895.4600
39.4400 6112.9275
39.4500 6211.8150
39.4600 6571.3750
39.4700 6583.7950
39.4800 6520.4325
39.4900 6870.0400
39.5000 7079.8950
39.5100 7404.9850
39.5200 7557.9900
39.5300 7527.6025
39.5400 7462.5750
39.5500 7629.7825
39.5600 7657.2325
39.5700 7914.8500
39.5800 8197.2850
39.5900 8038.3400
39.6000 7513.9425
39.6100 7606.4650
39.6200 7786.5775
39.6300 7800.0000
39.6400 7853.9225
39.6500 7304.4250
39.6600 7227.6000
39.6700 7002.4825
39.6800 6891.3775
39.6900 6722.6225
39.7000 6624.2625
39.7100 6441.1150
39.7200 6303.0375
39.7300 6329.7300
39.7400 6416.9600
39.7500 6068.1650
39.7600 5669.3950
39.7700 5542.4700
39.7800 5374.5375
39.7900 5199.7500
39.8000 4851.5125
39.8100 4959.7600
39.8200 4847.1425
39.8300 4810.8000
39.8400 4695.8250
39.8500 4593.4500
39.8600 4291.6100
39.8700 4295.6825
39.8800 4135.8900
39.8900 4295.4500
39.9000 4264.5925
39.9100 4117.1875
39.9200 4122.2550
39.9300 4125.0000
39.9400 4198.9775
39.9500 4060.5825
39.9600 3990.0275
39.9700 3821.2650
39.9800 3998.6250
39.9900 4179.2675
40.0000 3921.2425
40.0100 3846.7075
40.0200 3753.8875
40.0300 3880.4525
40.0400 3724.9425
40.0500 3721.8500
40.0600 3695.9075
40.0700 3662.6150
40.0800 3527.7900
40.0900 3653.1725
40.1000 3812.3975
40.1100 3753.9025
40.1200 3676.7725
40.1300 3760.2650
40.1400 3753.4325
40.1500 3821.7900
40.1600 3991.0375
40.1700 3744.6675
40.1800 3750.0300
40.1900 3736.9225
40.2000 3697.7025
40.2100 3933.5975
40.2200 3683.6950
40.2300 3718.4675
40.2400 3839.5900
40.2500 3844.1875
40.2600 3855.7925
40.2700 3703.1900
40.2800 3766.5375
40.2900 3755.2100
40.3000 3588.5400
40.3100 3789.6400
40.3200 3931.3150
40.3300 3838.1925
40.3400 3781.7800
40.3500 3726.2350
40.3600 3765.3575
40.3700 3900.0100
40.3800 3994.3425
40.3900 4022.1800
40.4000 4246.2075
40.4100 4084.6075
40.4200 4014.1025
40.4300 3987.6925
40.4400 4210.0300
40.4500 4340.6400
40.4600 4241.9175
40.4700 4346.5725
40.4800 4627.5725
40.4900 4662.8875
40.5000 4597.0925
40.5100 4773.5575
40.5200 4728.4900
40.5300 4742.1925
40.5400 4736.4775
40.5500 5023.5875
40.5600 5078.1875
40.5700 5290.3025
40.5800 5657.3800
40.5900 5538.8500
40.6000 5705.9175
40.6100 6059.1300
40.6200 6380.2500
40.6300 6648.2000
40.6400 6819.7250
40.6500 7294.9050
40.6600 7269.1175
40.6700 7378.9375
40.6800 7707.3875
40.6900 7730.5625
40.7000 8210.5525
40.7100 8676.9450
40.7200 8825.7325
40.7300 8874.4250
40.7400 9138.4250
40.7500 9436.8725
40.7600 9402.2225
40.7700 9335.9550
40.7800 9337.9925
40.7900 9484.3400
40.8000 9589.7400
40.8100 9614.7950
40.8200 9629.5700
40.8300 9639.7725
40.8400 9358.7850
40.8500 9345.5975
40.8600 9475.5800
40.8700 9143.7925
40.8800 8937.5700
40.8900 8729.8900
40.9000 8471.4275
40.9100 8357.5300
40.9200 8081.7625
40.9300 7803.8375
40.9400 7634.2875
40.9500 7278.4375
40.9600 7023.9475
40.9700 7031.5425
40.9800 6849.3250
40.9900 6639.3600
41.0000 6535.4300
41.0100 6192.3425
41.0200 5958.8225
41.0300 5742.6700
41.0400 5478.6425
41.0500 5352.6100
41.0600 5135.5750
41.0700 5017.3200
41.0800 4649.0500
41.0900 4881.4400
41.1000 4628.0225
41.1100 4516.1575
41.1200 4482.2225
41.1300 4417.8700
41.1400 4162.5675
41.1500 4020.3125
41.1600 4018.1950
41.1700 3916.0400
41.1800 3838.7500
41.1900 4017.9675
41.2000 3905.0875
41.2100 3893.4050
41.2200 4054.5625
41.2300 3934.8025
41.2400 3723.3325
41.2500 3720.3125
41.2600 3676.2275
41.2700 3739.0600
41.2800 3662.4125
41.2900 3876.8800
41.3000 3587.8825
41.3100 3318.9700
41.3200 3374.9400
41.3300 3592.6800
41.3400 3555.4150
41.3500 3262.9025
41.3600 3339.1200
41.3700 3480.6875
41.3800 3595.4575
41.3900 3569.5725
41.4000 3379.6950
41.4100 3291.0150
41.4200 3415.8375
41.4300 3612.9825
41.4400 3680.7375
41.4500 3631.8025
41.4600 3734.0350
41.4700 3660.5250
41.4800 3628.4500
41.4900 3726.8375
41.5000 3596.6825
41.5100 3533.6300
41.5200 3389.3250
41.5300 3485.5775
41.5400 3600.3775
41.5500 3448.4725
41.5600 3293.9375
41.5700 3431.3900
41.5800 3522.2375
41.5900 3497.2075
41.6000 3472.2400
41.6100 3394.7200
41.6200 3380.4225
41.6300 3501.8750
41.6400 3569.3300
41.6500 3459.7900
41.6600 3295.9900
41.6700 3225.2800
41.6800 3265.7175
41.6900 3612.5000
41.7000 3615.1350
41.7100 3313.8700
41.7200 3286.4225
41.7300 3376.4475
41.7400 3421.5075
41.7500 3267.0200
41.7600 3217.8225
41.7700 3284.3900
41.7800 3244.3925
41.7900 3266.8100
41.8000 3321.2150
41.8100 3222.2100
41.8200 3100.2600
41.8300 3272.0825
41.8400 3386.4125
41.8500 3346.6350
41.8600 3162.8625
41.8700 3285.8175
41.8800 3499.9550
41.8900 3503.2600
41.9000 3335.1150
41.9100 3343.0325
41.9200 3260.7825
41.9300 3319.0250
41.9400 3500.6975
41.9500 3363.8125
41.9600 3144.6425
41.9700 3113.8975
41.9800 3194.3150
41.9900 3253.6100
42.0000 3155.4175
42.0100 3179.1750
42.0200 3176.2525
42.0300 3128.3150
42.0400 3230.1450
42.0500 3255.0500
42.0600 3150.2725
42.0700 3139.7550
42.0800 3275.7150
42.0900 3478.5475
42.1000 3581.4625
42.1100 3453.9350
42.1200 3363.2400
42.1300 3283.4725
42.1400 3317.7425
42.1500 3290.8300
42.1600 3326.9750
42.1700 3462.9625
42.1800 3513.1650
42.1900 3521.4850
42.2000 3592.2750
42.2100 3488.3050
42.2200 3293.7425
42.2300 3376.3475
42.2400 3507.1050
42.2500 3600.8675
42.2600 3644.1475
42.2700 3562.5900
42.2800 3555.3675
42.2900 3615.1200
42.3000 3464.9325
42.3100 3421.9675
42.3200 3621.9275
42.3300 3622.9350
42.3400 3453.7625
42.3500 3447.9250
42.3600 3509.2025
42.3700 3590.0725
42.3800 3581.3750
42.3900 3597.9925
42.4000 3753.8650
42.4100 3896.8400
42.4200 3886.6750
42.4300 3707.0450
42.4400 3712.4350
42.4500 3803.8500
42.4600 3786.5850
42.4700 3775.0000
42.4800 3828.3450
42.4900 3835.1075
42.5000 3844.1925
42.5100 3909.7725
42.5200 4051.9525
42.5300 4215.2750
42.5400 4170.5900
42.5500 4013.6700
42.5600 4141.0000
42.5700 4069.9800
42.5800 3919.3300
42.5900 4185.2375
42.6000 4298.0525
42.6100 4267.5350
42.6200 4278.6900
42.6300 4351.8100
42.6400 4572.9725
42.6500 4733.7800
42.6600 4678.2725
42.6700 4520.3350
42.6800 4433.2700
42.6900 4329.1050
42.7000 4466.1050
42.7100 4554.9475
42.7200 4453.8350
42.7300 4652.2075
42.7400 4611.5125
42.7500 4424.5375
42.7600 4507.0700
42.7700 4643.8650
42.7800 4684.5025
42.7900 4637.6300
42.8000 4766.0925
42.8100 4747.9500
42.8200 4543.0300
42.8300 4456.5575
42.8400 4554.8025
42.8500 4768.5150
42.8600 4749.6450
42.8700 4631.7825
42.8800 4583.3325
42.8900 4595.0400
42.9000 4553.8950
42.9100 4596.2900
42.9200 4647.1600
42.9300 4555.1225
42.9400 4645.1925
42.9500 4839.2625
42.9600 4776.5200
42.9700 4531.7150
42.9800 4646.5600
42.9900 4992.5600
43.0000 5057.4500
43.0100 5019.8700
43.0200 5171.8625
43.0300 5295.3775
43.0400 5396.1525
43.0500 5483.5075
43.0600 5603.1800
43.0700 5804.6775
43.0800 5767.2100
43.0900 5888.3325
43.1000 6194.0125
43.1100 6421.1275
43.1200 6432.7425
43.1300 6388.2025
43.1400 6841.9825
43.1500 7318.4600
43.1600 7436.8675
43.1700 7483.8975
43.1800 7650.3350
43.1900 7964.1050
43.2000 8351.6425
43.2100 8734.3375
43.2200 9251.5800
43.2300 9883.1400
43.2400 10215.6225
43.2500 10491.9825
43.2600 11035.1400
43.2700 11377.5125
43.2800 11729.2425
43.2900 12344.6300
43.3000 12800.1775
43.3100 13191.0850
43.3200 13695.4275
43.3300 14118.3000
43.3400 14366.4125
43.3500 14542.0075
43.3600 15204.5550
43.3700 15777.7975
43.3800 15863.7275
43.3900 16373.3550
43.4000 16551.3550
43.4100 16675.1025
43.4200 17002.7075
43.4300 17122.3300
43.4400 17068.0675
43.4500 17053.2600
43.4600 17236.0225
43.4700 17015.2825
43.4800 16901.3500
43.4900 16502.6300
43.5000 16450.8475
43.5100 16698.0025
43.5200 16731.1475
43.5300 16605.8375
43.5400 16728.9800
43.5500 16830.9700
43.5600 16678.3000
43.5700 16353.7725
43.5800 16149.9750
43.5900 15842.8000
43.6000 15492.0400
43.6100 15074.6375
43.6200 15291.0275
43.6300 15183.7200
43.6400 14944.5850
43.6500 14548.1050
43.6600 14059.6975
43.6700 13829.7000
43.6800 13546.1925
43.6900 13060.7325
43.7000 12616.8325
43.7100 12502.8950
43.7200 12294.1875
43.7300 11840.5225
43.7400 11607.0350
43.7500 11356.6225
43.7600 10898.6050
43.7700 10280.9875
43.7800 9841.2900
43.7900 9700.0750
43.8000 9392.4325
43.8100 9151.0500
43.8200 8323.4575
43.8300 7996.6300
43.8400 7858.9650
43.8500 7587.1275
43.8600 7360.1400
43.8700 7340.4875
43.8800 7126.4075
43.8900 6723.8250
43.9000 6410.8100
43.9100 6399.4375
43.9200 6248.2350
43.9300 5963.8775
43.9400 5844.1550
43.9500 5616.2200
43.9600 5484.5050
43.9700 5423.9600
43.9800 5330.8125
43.9900 5383.0675
44.0000 5338.8625
44.0100 5033.3925
44.0200 4828.1575
44.0300 4828.6500
44.0400 4829.3950
44.0500 5003.3575
44.0600 4902.2375
44.0700 4872.7550
44.0800 4828.0075
44.0900 4913.5800
44.1000 4743.8450
44.1100 4711.0550
44.1200 4589.2575
44.1300 4588.2025
44.1400 4704.6575
44.1500 4770.6325
44.1600 4766.8075
44.1700 4902.2750
44.1800 4773.0425
44.1900 4770.2700
44.2000 4878.6125
44.2100 4973.8700
44.2200 5037.0450
44.2300 4871.0725
44.2400 4791.8850
44.2500 5043.4700
44.2600 5131.2175
44.2700 5064.7250
44.2800 5233.1725
44.2900 5564.3600
44.3000 5649.1700
44.3100 5715.9325
44.3200 5858.3325
44.3300 5854.6725
44.3400 5901.5500
44.3500 6186.8400
44.3600 6450.5875
44.3700 6455.0350
44.3800 6479.7425
44.3900 7095.2725
44.4000 7510.9875
44.4100 7287.9600
44.4200 7572.7425
44.4300 7890.1825
44.4400 8026.6325
44.4500 8086.4100
44.4600 8127.5500
44.4700 8010.2550
44.4800 8281.2050
44.4900 8691.5850
44.5000 8816.0875
44.5100 8747.8750
44.5200 8802.6625
44.5300 8920.4375
44.5400 8909.0325
44.5500 8981.2900
44.5600 9067.4975
44.5700 8781.0350
44.5800 8730.6325
44.5900 8866.7050
44.6000 8603.8225
44.6100 8500.0000
44.6200 8442.0200
44.6300 8173.2025
44.6400 8240.4025
44.6500 7985.6675
44.6600 7985.0100
44.6700 7586.9950
44.6800 6995.9325
44.6900 6676.9300
44.7000 7030.7350
44.7100 6790.7675
44.7200 6259.4175
44.7300 5996.7275
44.7400 6119.0450
44.7500 6080.9825
44.7600 6022.6075
44.7700 5727.1275
44.7800 5577.6950
44.7900 5533.8850
44.8000 5446.0750
44.8100 5158.9650
44.8200 4891.8450
44.8300 4965.7200
44.8400 5097.7025
44.8500 5205.5025
44.8600 4813.0000
44.8700 4735.8225
44.8800 4796.3400
44.8900 4685.4525
44.9000 4976.3375
44.9100 4597.1850
44.9200 4614.5575
44.9300 4418.2925
44.9400 4640.7950
44.9500 4629.9125
44.9600 4596.6425
44.9700 4580.6575
44.9800 4704.3000
44.9900 4686.4325
45.0000 4864.1575
45.0100 4765.1575
45.0200 4848.9150
45.0300 5017.0425
45.0400 5108.3325
45.0500 5116.6525
45.0600 5223.2250
45.0700 5381.0975
45.0800 5250.6025
45.0900 5174.6600
45.1000 5364.6025
45.1100 5257.7400
45.1200 5574.4200
45.1300 5576.7925
45.1400 5729.2275
45.1500 5929.5225
45.1600 6243.2075
45.1700 6247.2875
45.1800 5963.2850
45.1900 6329.6575
45.2000 6540.1550
45.2100 6361.0625
45.2200 6261.2350
45.2300 6311.0950
45.2400 6198.4750
45.2500 6179.0725
45.2600 6447.9100
45.2700 6397.0150
45.2800 6325.9450
45.2900 6354.4775
45.3000 6465.9775
45.3100 6214.1700
45.3200 6389.1800
45.3300 6317.3825
45.3400 6634.8400
45.3500 6683.1250
45.3600 6330.2400
45.3700 6191.8325
45.3800 6201.1875
45.3900 6268.5125
45.4000 6379.3075
45.4100 6089.1125
45.4200 5877.1175
45.4300 6091.1500
45.4400 6024.7600
45.4500 5982.6500
45.4600 5799.6450
45.4700 5591.7325
45.4800 5508.5275
45.4900 5251.1300
45.5000 5067.8400
45.5100 4967.5100
45.5200 4851.2200
45.5300 5031.0425
45.5400 4951.2100
45.5500 4753.3125
45.5600 4668.2175
45.5700 4421.8250
45.5800 4514.4000
45.5900 4362.2475
45.6000 4285.3400
45.6100 4356.1725
45.6200 4495.6275
45.6300 4435.5275
45.6400 4151.8650
45.6500 4037.3425
45.6600 4105.4025
45.6700 4004.4550
45.6800 3784.7175
45.6900 3615.8750
45.7000 3671.8475
45.7100 3659.1550
45.7200 3500.2400
45.7300 3412.7925
45.7400 3345.3725
45.7500 3451.6075
45.7600 3489.6775
45.7700 3350.9350
45.7800 3419.6775
45.7900 3401.6475
45.8000 3260.2025
45.8100 3296.4950
45.8200 3400.5150
45.8300 3300.3300
45.8400 3330.1525
45.8500 3241.1775
45.8600 3248.6575
45.8700 3379.9625
45.8800 3368.7850
45.8900 3176.4175
45.9000 2945.7425
45.9100 2947.7250
45.9200 2783.7350
45.9300 2894.8475
45.9400 3073.8275
45.9500 3279.2900
45.9600 3120.3025
45.9700 3204.5775
45.9800 3171.9525
45.9900 3129.4925
46.0000 2969.2425
46.0100 3157.1825
46.0200 3220.2425
46.0300 2981.9850
46.0400 2935.3075
46.0500 2816.0725
46.0600 2858.4875
46.0700 3063.5875
46.0800 3178.9750
46.0900 3061.0250
46.1000 3048.9075
46.1100 2985.0000
46.1200 3068.6600
46.1300 3097.7075
46.1400 3013.9725
46.1500 3007.1500
46.1600 2944.1350
46.1700 2997.3725
46.1800 3022.5275
46.1900 2925.8850
46.2000 3099.0000
46.2100 3260.1225
46.2200 2981.2225
46.2300 2840.9050
46.2400 2831.9900
46.2500 2916.9975
46.2600 2919.4250
46.2700 3006.8350
46.2800 2872.8050
46.2900 2848.5675
46.3000 2905.0550
46.3100 2820.5725
46.3200 3005.3700
46.3300 3145.5875
46.3400 3180.2850
46.3500 2932.0525
46.3600 2841.1350
46.3700 2968.4350
46.3800 3020.2100
46.3900 3031.7175
46.4000 3093.6375
46.4100 2994.7350
46.4200 2993.3225
46.4300 2966.7700
46.4400 2839.0375
46.4500 2629.8825
46.4600 2754.7000
46.4700 2885.4450
46.4800 2993.5400
46.4900 2931.6975
46.5000 2888.7800
46.5100 2876.8350
46.5200 2862.0375
46.5300 3032.8225
46.5400 3038.2250
46.5500 2774.3975
46.5600 2706.4075
46.5700 2791.3875
46.5800 2854.8900
46.5900 2987.3525
46.6000 2949.0000
46.6100 2943.9450
46.6200 3075.9275
46.6300 2959.7225
46.6400 2902.0750
46.6500 2924.9625
46.6600 2952.0000
46.6700 2908.7050
46.6800 2755.6000
46.6900 2720.6650
46.7000 2798.7700
46.7100 2984.3525
46.7200 2992.7850
46.7300 2816.6200
46.7400 2655.0950
46.7500 2804.3450
46.7600 2881.0350
46.7700 2895.3675
46.7800 2852.0175
46.7900 3120.3275
46.8000 3048.5650
46.8100 2897.7625
46.8200 2973.2725
46.8300 3105.2225
46.8400 3041.6225
46.8500 2859.2150
46.8600 2805.8475
46.8700 2808.3325
46.8800 2796.7150
46.8900 2837.9900
46.9000 2927.5900
46.9100 2797.2650
46.9200 2811.0025
46.9300 2998.5750
46.9400 2901.4975
46.9500 2887.4400
46.9600 2916.6675
46.9700 3068.9000
46.9800 3113.5700
46.9900 3128.0000
47.0000 3035.6275
47.0100 2955.5225
47.0200 3074.6925
47.0300 3114.0475
47.0400 3088.9900
47.0500 3121.7300
47.0600 3141.6675
47.0700 3021.8350
47.0800 2898.6300
47.0900 2942.3850
47.1000 2967.1650
47.1100 2893.8950
47.1200 2847.6325
47.1300 2910.9725
47.1400 2859.6975
47.1500 2834.7975
47.1600 2934.3725
47.1700 3046.3800
47.1800 3004.8150
47.1900 3026.1300
47.2000 3051.0800
47.2100 2948.4950
47.2200 2891.6675
47.2300 2891.6675
47.2400 2830.2525
47.2500 2975.2100
47.2600 3005.3250
47.2700 2950.0000
47.2800 3060.8750
47.2900 3088.1500
47.3000 3043.3300
47.3100 2898.8425
47.3200 2902.6025
47.3300 3025.9700
47.3400 2973.1425
47.3500 2859.3075
47.3600 2751.7550
47.3700 2806.9925
47.3800 2902.7075
47.3900 2873.2525
47.4000 2812.8425
47.4100 2844.2950
47.4200 2788.0400
47.4300 2745.1350
47.4400 2757.2175
47.4500 2764.1150
47.4600 2826.5400
47.4700 2931.9875
47.4800 2983.3325
47.4900 2964.8300
47.5000 2913.1500
47.5100 2787.0225
47.5200 2717.4650
47.5300 2715.9075
47.5400 2717.3875
47.5500 2779.0800
47.5600 2869.8675
47.5700 2836.8650
47.5800 2757.2125
47.5900 2816.9200
47.6000 2918.5875
47.6100 2950.0000
47.6200 2888.8675
47.6300 2963.7325
47.6400 3066.0275
47.6500 2968.1775
47.6600 3024.5450
47.6700 3137.2000
47.6800 2904.1975
47.6900 2717.0225
47.7000 2825.7850
47.7100 2870.6625
47.7200 2845.8300
47.7300 2858.3325
47.7400 2874.8350
47.7500 3006.6075
47.7600 3088.2375
47.7700 3001.2250
47.7800 2954.0450
47.7900 2926.1400
47.8000 3003.7725
47.8100 3125.0000
47.8200 3156.7050
47.8300 3203.4950
47.8400 3149.9825
47.8500 3094.5100
47.8600 3070.0850
47.8700 2943.2975
47.8800 2942.8400
47.8900 3121.9025
47.9000 3148.2600
47.9100 3100.6875
47.9200 3235.6550
47.9300 3417.3050
47.9400 3455.3750
47.9500 3344.5275
47.9600 3400.0450
47.9700 3536.3900
47.9800 3497.4225
47.9900 3537.5775
48.0000 3557.9925
48.0100 3470.2150
48.0200 3431.0025
48.0300 3452.0075
48.0400 3601.8950
48.0500 3612.4250
48.0600 3409.0250
48.0700 3340.4825
48.0800 3391.1725
48.0900 3550.3875
48.1000 3530.9300
48.1100 3439.7125
48.1200 3346.4200
48.1300 3386.4775
48.1400 3470.7525
48.1500 3354.5800
48.1600 3383.6700
48.1700 3377.8050
48.1800 3430.9050
48.1900 3453.8500
48.2000 3382.4025
48.2100 3252.5650
48.2200 3178.1425
48.2300 3223.9050
48.2400 3341.2675
48.2500 3314.1450
48.2600 3167.8200
48.2700 3202.1775
48.2800 3148.4175
48.2900 3142.0425
48.3000 3136.8875
48.3100 3254.0150
48.3200 3274.0650
48.3300 3276.6175
48.3400 3298.2900
48.3500 3170.7325
48.3600 3066.2325
48.3700 3123.8625
48.3800 3257.8775
48.3900 3177.7875
48.4000 3224.8275
48.4100 3264.4075
48.4200 3229.4875
48.4300 3398.4375
48.4400 3548.8550
48.4500 3606.0200
48.4600 3622.9400
48.4700 3724.0500
48.4800 3747.9400
48.4900 3786.8575
48.5000 3960.7900
48.5100 3960.5350
48.5200 3827.8000
48.5300 4044.7450
48.5400 4162.8325
48.5500 3892.1550
48.5600 3879.5050
48.5700 3996.4850
48.5800 4077.5825
48.5900 4228.7000
48.6000 4163.2725
48.6100 4179.8250
48.6200 4306.9100
48.6300 4258.8150
48.6400 4110.4675
48.6500 4225.8925
48.6600 4332.7925
48.6700 4299.5425
48.6800 4281.5300
48.6900 4297.8450
48.7000 4374.8950
48.7100 4580.7475
48.7200 4414.3425
48.7300 4200.2075
48.7400 4171.7225
48.7500 4342.9950
48.7600 4163.5725
48.7700 4104.7825
48.7800 4231.4275
48.7900 4271.1575
48.8000 4051.2925
48.8100 4001.9000
48.8200 4019.6075
48.8300 3989.5925
48.8400 3761.0200
48.8500 3814.5225
48.8600 3888.1950
48.8700 3948.9400
48.8800 3774.7550
48.8900 3415.1050
48.9000 3620.5025
48.9100 3624.0725
48.9200 3356.6525
48.9300 3448.7975
48.9400 3295.3475
48.9500 3235.2600
48.9600 3214.6550
48.9700 3252.5800
48.9800 3276.9350
48.9900 3176.5150
49.0000 3144.4675
49.0100 2999.0825
49.0200 3148.5475
49.0300 3117.3475
49.0400 2967.5900
49.0500 2819.4350
49.0600 2877.7325
49.0700 2891.6675
49.0800 2894.3125
49.0900 2955.2025
49.1000 3194.2475
49.1100 3094.0050
49.1200 3000.0800
49.1300 3191.6675
49.1400 3179.7225
49.1500 3110.6800
49.1600 3121.5450
49.1700 3094.3500
49.1800 3069.4175
49.1900 3124.2750
49.2000 3025.3800
49.2100 3151.0625
49.2200 3206.4425
49.2300 3122.3225
49.2400 3046.5625
49.2500 3097.7000
49.2600 3201.7800
49.2700 3139.9375
49.2800 3067.2650
49.2900 3137.3100
49.3000 3082.1500
49.3100 2960.6225
49.3200 3267.1975
49.3300 3103.3175
49.3400 2992.5650
49.3500 3197.0925
49.3600 3490.3200
49.3700 3291.6125
49.3800 3211.5150
49.3900 3320.6850
49.4000 3081.9750
49.4100 3199.7400
49.4200 3616.6675
49.4300 3604.7125
49.4400 3445.5000
49.4500 3513.6750
49.4600 3712.6325
49.4700 3657.7225
49.4800 3787.0225
49.4900 3838.5750
49.5000 3646.7000
49.5100 3907.5250
49.5200 4059.0825
49.5300 4073.2350
49.5400 4042.6050
49.5500 4264.5000
49.5600 4211.4975
49.5700 4316.2325
49.5800 4812.2450
49.5900 4930.5300
49.6000 4527.8150
49.6100 4635.2100
49.6200 4343.0850
49.6300 4422.6500
49.6400 4782.5325
49.6500 4727.0375
49.6600 4908.5450
49.6700 4933.5800
49.6800 4974.6150
49.6900 4858.2975
49.7000 4808.4300
49.7100 4891.2900
49.7200 5007.5025
49.7300 5165.1250
49.7400 5331.2775
49.7500 5062.4425
49.7600 5123.8300
49.7700 4888.2050
49.7800 5274.2275
49.7900 5388.9175
49.8000 5019.0575
49.8100 4846.7650
49.8200 5010.8575
49.8300 4936.3175
49.8400 4781.0825
49.8500 4918.8475
49.8600 4837.3325
49.8700 4761.8025
49.8800 4805.8900
49.8900 4847.8550
49.9000 4715.9925
49.9100 4724.0550
49.9200 4638.7675
49.9300 4602.0625
49.9400 4677.9575
49.9500 4691.1075
49.9600 4443.5950
49.9700 4471.3825
49.9800 4729.3875
49.9900 4742.3125
