 5.0000      693.00
 5.2210      519.00
 5.4421      533.00
 5.6631      509.00
 5.8842      540.00
 6.1052      556.00
 6.3263      514.00
 6.5473      571.00
 6.7684      516.00
 6.9894      527.00
 7.2105      581.00
 7.4315      557.00
 7.6526      574.00
 7.8736      577.00
 8.0947      579.00
 8.3157      569.00
 8.5368      594.00
 8.7578      532.00
 8.9789      600.00
 9.1999      624.00
 9.4210      552.00
 9.6420      561.00
 9.8631      606.00
10.0841      563.00
10.3052      636.00
10.5262      676.00
10.7473      645.00
10.9683      692.00
11.1894      686.00
11.4104      718.00
11.6315      744.00
11.8525      772.00
12.0736      729.00
12.2947      817.00
12.5157      824.00
12.7368      833.00
12.9578      827.00
13.1789      748.00
13.3999      760.00
13.6210      736.00
13.8420      704.00
14.0631      681.00
14.2841      668.00
14.5052      659.00
14.7262      626.00
14.9473      625.00
15.1683      601.00
15.3894      629.00
15.6104      595.00
15.8315      638.00
16.0525      577.00
16.2736      573.00
16.4946      542.00
16.7157      574.00
16.9367      592.00
17.1578      573.00
17.3788      672.00
17.5998      651.00
17.8209      625.00
18.0419      641.00
18.2630      593.00
18.4840      597.00
18.7051      607.00
18.9261      675.00
19.1472      576.00
19.3682      638.00
19.5893      626.00
19.8103      537.00
20.0314      615.00
20.2524      556.00
20.4735      622.00
20.6945      616.00
20.9156      592.00
21.1366      559.00
21.3577      544.00
21.5787      561.00
21.7998      532.00
22.0208      484.00
22.2419      463.00
22.4629      448.00
22.6840      443.00
22.9050      400.00
23.1261      443.00
23.3471      442.00
23.5682      406.00
23.7892      375.00
24.0103      416.00
24.2313      393.00
24.4524      397.00
24.6734      363.00
24.8945      387.00
25.1155      358.00
25.3366      386.00
25.5576      337.00
25.7787      331.00
25.9997      352.00
26.2208      309.00
26.4418      328.00
26.6629      324.00
26.8839      305.00
27.1050      305.00
27.3260      336.00
27.5471      326.00
27.7681      302.00
27.9892      278.00
28.2102      290.00
28.4313      315.00
28.6523      310.00
28.8734      292.00
29.0944      289.00
29.3155      298.00
29.5365      260.00
29.7576      268.00
29.9786      278.00
30.1997      270.00
30.4207      286.00
30.6418      289.00
30.8628      275.00
31.0839      284.00
31.3049      294.00
31.5260      268.00
31.7470      252.00
31.9681      263.00
32.1891      273.00
32.4102      266.00
32.6313      255.00
32.8523      273.00
33.0733      269.00
33.2944      270.00
33.5155      238.00
33.7365      267.00
33.9575      275.00
34.1786      270.00
34.3997      298.00
34.6207      270.00
34.8417      265.00
35.0628      257.00
35.2839      267.00
35.5049      289.00
35.7259      263.00
35.9470      243.00
36.1681      232.00
36.3891      257.00
36.6101      254.00
36.8312      239.00
37.0523      265.00
37.2733      270.00
37.4943      229.00
37.7154      246.00
37.9365      248.00
38.1575      244.00
38.3785      260.00
38.5996      256.00
38.8207      236.00
39.0417      256.00
39.2627      216.00
39.4838      259.00
39.7049      242.00
39.9259      221.00
40.1469      235.00
40.3680      243.00
40.5891      217.00
40.8101      190.00
41.0311      232.00
41.2522      250.00
41.4733      239.00
41.6943      243.00
41.9153      230.00
42.1364      236.00
42.3575      233.00
42.5785      236.00
42.7995      236.00
43.0206      237.00
43.2416      219.00
43.4627      243.00
43.6837      231.00
43.9048      215.00
44.1258      237.00
44.3469      260.00
44.5679      246.00
44.7890      234.00
45.0100      222.00
45.2311      207.00
45.4521      227.00
45.6732      194.00
45.8942      230.00
46.1153      212.00
46.3363      202.00
46.5574      213.00
46.7784      207.00
46.9995      203.00
47.2205      190.00
47.4416      205.00
47.6626      195.00
47.8837      208.00
48.1048      199.00
48.3258      210.00
48.5468      200.00
48.7679      216.00
48.9890      211.00
49.2100      224.00
49.4310      207.00
49.6521      192.00
49.8732      215.00
50.0942      194.00
50.3152      208.00
50.5363      212.00
50.7574      228.00
50.9784      211.00
51.1994      164.00
51.4205      206.00
51.6416      187.00
51.8626      227.00
52.0836      208.00
52.3047      195.00
52.5258      205.00
52.7468      201.00
52.9678      203.00
53.1889      228.00
53.4100      203.00
53.6310      203.00
53.8520      202.00
54.0731      195.00
54.2942      195.00
54.5152      218.00
54.7362      193.00
54.9573      189.00
55.1784      224.00
55.3994      201.00
55.6204      189.00
55.8415      196.00
56.0626      233.00
56.2836      190.00
56.5046      207.00
56.7257      202.00
56.9468      226.00
57.1678      233.00
57.3888      215.00
57.6099      209.00
57.8310      191.00
58.0520      225.00
58.2730      209.00
58.4941      212.00
58.7152      212.00
58.9362      211.00
59.1572      239.00
59.3783      239.00
59.5994      240.00
59.8204      255.00
60.0414      211.00
60.2625      248.00
60.4836      272.00
60.7046      228.00
60.9256      274.00
61.1467      245.00
61.3678      245.00
61.5888      256.00
61.8098      230.00
62.0309      236.00
62.2520      228.00
62.4730      270.00
62.6940      250.00
62.9151      240.00
63.1362      244.00
63.3572      252.00
63.5782      231.00
63.7993      249.00
64.0203      236.00
64.2414      219.00
64.4625      254.00
64.6835      208.00
64.9046      252.00
65.1256      235.00
65.3466      240.00
65.5677      204.00
65.7887      210.00
66.0098      228.00
66.2309      236.00
66.4519      213.00
66.6730      219.00
66.8940      240.00
67.1150      192.00
67.3361      193.00
67.5571      206.00
67.7782      188.00
67.9993      192.00
68.2203      212.00
68.4413      190.00
68.6624      207.00
68.8834      210.00
69.1045      178.00
69.3255      200.00
69.5466      187.00
69.7677      211.00
69.9887      194.00
70.2097      211.00
70.4308      212.00
70.6518      187.00
70.8729      207.00
71.0939      182.00
71.3150      196.00
71.5361      190.00
71.7571      190.00
71.9781      179.00
72.1992      190.00
72.4202      157.00
72.6413      180.00
72.8623      193.00
73.0834      208.00
73.3045      166.00
73.5255      182.00
73.7465      167.00
73.9676      197.00
74.1886      175.00
74.4097      174.00
74.6307      199.00
74.8518      194.00
75.0729      163.00
75.2939      196.00
75.5149      180.00
75.7360      207.00
75.9570      154.00
76.1781      213.00
76.3992      179.00
76.6202      187.00
76.8413      157.00
77.0623      169.00
77.2833      217.00
77.5044      191.00
77.7254      194.00
77.9465      172.00
78.1676      189.00
78.3886      175.00
78.6097      166.00
78.8307      186.00
79.0517      199.00
79.2728      189.00
79.4938      182.00
79.7149      181.00
79.9360      198.00
80.1570      200.00
80.3781      176.00
80.5991      194.00
80.8201      213.00
81.0412      172.00
81.2622      162.00
81.4833      189.00
81.7044      168.00
81.9254      187.00
82.1465      195.00
82.3675      193.00
82.5885      194.00
82.8096      169.00
83.0306      181.00
83.2517      182.00
83.4728      136.00
83.6938      169.00
83.9149      167.00
84.1359      158.00
84.3569      157.00
84.5780      181.00
84.7990      180.00
85.0201      182.00
85.2412      179.00
85.4622      157.00
85.6833      153.00
85.9043      143.00
86.1253      142.00
86.3464      153.00
86.5674      154.00
86.7885      163.00
87.0096      144.00
87.2306      144.00
87.4517      171.00
87.6727      140.00
87.8937      145.00
88.1148      128.00
88.3358      135.00
88.5569      133.00
88.7780      141.00
88.9990      144.00
89.2201      139.00
89.4411      130.00
89.6621      136.00
89.8832      148.00
90.1042      138.00
90.3253      140.00
90.5464      133.00
90.7674      139.00
90.9885      139.00
91.2095      138.00
91.4305      107.00
91.6516      118.00
91.8726      135.00
92.0937      139.00
92.3148      141.00
92.5358      128.00
92.7569      149.00
92.9779      138.00
93.1989      119.00
93.4200      132.00
93.6410      121.00
93.8621      126.00
94.0832      125.00
94.3042      146.00
94.5252      118.00
94.7463      142.00
94.9673      136.00
95.1884      138.00
95.4094      133.00
95.6305      140.00
95.8516      124.00
96.0726      143.00
96.2936      135.00
96.5147      121.00
96.7357      106.00
96.9568      145.00
97.1778      140.00
97.3989      148.00
97.6200      138.00
97.8410      111.00
98.0620      156.00
98.2831      130.00
98.5041      139.00
98.7252      129.00
98.9462      125.00
99.1673      142.00
99.3884      131.00
99.6094      150.00
99.8304      130.00
