4.63829,0.11266
4.655,0.10715
4.6717,0.10006
4.6884,0.10817
4.7051,0.10643
4.72181,0.10889
4.73851,0.10382
4.75521,0.10846
4.77191,0.10802
4.78872,0.10773
4.80542,0.10209
4.82212,0.11932
4.83882,0.10469
4.85553,0.10875
4.87223,0.10701
4.88893,0.10643
4.90563,0.10093
4.92234,0.10744
4.93914,0.11323
4.95584,0.11048
4.97254,0.10107
4.98925,0.11048
5.00595,0.11323
5.02265,0.1115
5.03935,0.10961
5.05606,0.10947
5.07276,0.11468
5.08956,0.10802
5.10626,0.10657
5.12297,0.11381
5.13967,0.11309
5.15637,0.11425
5.17307,0.11034
5.18978,0.10614
5.20648,0.10657
5.22328,0.11657
5.23998,0.11309
5.25669,0.11483
5.27339,0.1183
5.29009,0.11642
5.3068,0.11657
5.3235,0.11642
5.3402,0.11903
5.3569,0.11874
5.37371,0.11106
5.39041,0.12019
5.40711,0.11425
5.42381,0.11439
5.44052,0.11758
5.45722,0.11106
5.47392,0.11266
5.49063,0.11613
5.50733,0.11526
5.52413,0.11338
5.54083,0.11801
5.55754,0.11193
5.57424,0.11657
5.59094,0.11888
5.60765,0.11077
5.62435,0.11077
5.64105,0.11295
5.65775,0.11613
5.67456,0.11917
5.69126,0.11352
5.70796,0.11266
5.72467,0.11975
5.74137,0.11439
5.75807,0.12033
5.77478,0.11859
5.79148,0.10701
5.80818,0.11468
5.82498,0.11063
5.84169,0.11295
5.85839,0.11295
5.87509,0.11077
5.8918,0.11801
5.9085,0.11381
5.9252,0.11425
5.9419,0.11816
5.95861,0.11352
5.97541,0.11512
5.99211,0.10918
6.00882,0.10527
6.02552,0.11309
6.04222,0.11512
6.05893,0.11425
6.07563,0.11425
6.09233,0.11237
6.10904,0.11859
6.12584,0.11859
6.14254,0.11034
6.15924,0.11743
6.17595,0.11179
6.19265,0.1157
6.20935,0.1128
6.22606,0.11657
6.24276,0.10715
6.25946,0.11063
6.27627,0.11367
6.29297,0.10947
6.30967,0.11801
6.32638,0.11787
6.34308,0.1073
6.35978,0.10846
6.37649,0.11512
6.39319,0.11729
6.40999,0.11266
6.4267,0.11888
6.4434,0.11526
6.4601,0.11743
6.47681,0.11323
6.49351,0.10976
6.51021,0.10918
6.52692,0.1073
6.54362,0.11251
6.56042,0.10324
6.57713,0.1086
6.59383,0.10701
6.61053,0.10773
6.62724,0.10469
6.64394,0.10324
6.66064,0.09644
6.67735,0.09991
6.69405,0.10628
6.71085,0.1018
6.72756,0.10122
6.74426,0.09789
6.76096,0.09977
6.77767,0.10266
6.79437,0.09861
6.81107,0.10194
6.82778,0.10397
6.84448,0.10281
6.86128,0.0976
6.87799,0.1018
6.89469,0.09658
6.91139,0.09644
6.9281,0.08992
6.9448,0.09991
6.9615,0.09224
6.97821,0.096
6.99491,0.09209
7.01171,0.0934
7.02842,0.08818
7.04512,0.08978
7.06183,0.09021
7.07853,0.09369
7.09523,0.08572
7.11194,0.08384
7.12864,0.08847
7.14534,0.09238
7.16215,0.09108
7.17885,0.08934
7.19555,0.08036
7.21226,0.08167
7.22896,0.08746
7.24567,0.08283
7.26237,0.09238
7.27907,0.08384
7.29578,0.07906
7.31258,0.07964
7.32928,0.08978
7.34599,0.08123
7.36269,0.08109
7.37939,0.07848
7.3961,0.08283
7.4128,0.08094
7.42951,0.07747
7.44621,0.0753
7.46301,0.07124
7.47972,0.07703
7.49642,0.07298
7.51312,0.07631
7.52983,0.07226
7.54653,0.07602
7.56324,0.07689
7.57994,0.07284
7.59674,0.07182
7.61345,0.07284
7.63015,0.06965
7.64686,0.06994
7.66356,0.06979
7.68026,0.06979
7.69697,0.06646
7.71367,0.0695
7.73037,0.06545
7.74718,0.06661
7.76388,0.06502
7.78059,0.06661
7.79729,0.06371
7.81399,0.06574
7.8307,0.05763
7.8474,0.05951
7.86411,0.0627
7.88081,0.05749
7.89761,0.06169
7.91432,0.06241
7.93102,0.05589
7.94773,0.06212
7.96443,0.05937
7.98113,0.05763
7.99784,0.05314
8.01454,0.05546
8.03125,0.0598
8.04805,0.06313
8.06475,0.05618
8.08146,0.05734
8.09816,0.05633
8.11487,0.05662
8.13157,0.05198
8.14827,0.05488
8.16498,0.05546
8.18168,0.05705
8.19849,0.05459
8.21519,0.0572
8.23189,0.0488
8.2486,0.05517
8.2653,0.05111
8.28201,0.04807
8.29871,0.05126
8.31542,0.05155
8.33212,0.05242
8.34892,0.04981
8.36563,0.053
8.38233,0.04952
8.39904,0.04836
8.41574,0.05198
8.43244,0.05184
8.44915,0.04663
8.46585,0.04648
8.48256,0.04865
8.49936,0.0488
8.51607,0.04301
8.53277,0.04605
8.54947,0.04547
8.56618,0.04431
8.58288,0.04344
8.59959,0.04518
8.61629,0.04648
8.633,0.04301
8.6498,0.04416
8.6665,0.03663
8.68321,0.0459
8.69991,0.04373
8.71662,0.0433
8.73332,0.04286
8.75003,0.04532
8.76673,0.0404
8.78353,0.04141
8.80024,0.04387
8.81694,0.03808
8.83365,0.04156
8.85035,0.04243
8.86706,0.04503
8.88376,0.0362
8.90047,0.04141
8.91717,0.04416
8.93397,0.04011
8.95068,0.04083
8.96738,0.04214
8.98409,0.03939
9.00079,0.03982
9.0175,0.03939
9.0342,0.04286
9.05091,0.0391
9.06761,0.03475
9.08441,0.03663
9.10112,0.04141
9.11782,0.04344
9.13453,0.03533
9.15123,0.04112
9.16794,0.03519
9.18464,0.03866
9.20135,0.03461
9.21805,0.03461
9.23486,0.03924
9.25156,0.03837
9.26827,0.03678
9.28497,0.0349
9.30167,0.02968
9.31838,0.03939
9.33508,0.03678
9.35179,0.03765
9.36849,0.03808
9.3853,0.03273
9.402,0.03707
9.41871,0.0362
9.43541,0.03562
9.45212,0.03345
9.46882,0.03403
9.48553,0.03591
9.50223,0.03953
9.51894,0.03823
9.53574,0.03721
9.55244,0.03866
9.56915,0.03606
9.58585,0.03504
9.60256,0.03606
9.61926,0.03142
9.63597,0.03794
9.65267,0.03678
9.66938,0.03244
9.68618,0.03533
9.70289,0.0362
9.71959,0.03895
9.7363,0.03997
9.753,0.03794
9.76971,0.0391
9.78641,0.03924
9.80312,0.03417
9.81982,0.03721
9.83663,0.03301
9.85333,0.03316
9.87004,0.03533
9.88674,0.03446
9.90345,0.03635
9.92015,0.03837
9.93686,0.03171
9.95356,0.03765
9.97037,0.03461
9.98707,0.03707
10.00378,0.03128
10.02048,0.03736
10.03719,0.03446
10.05389,0.03939
10.0706,0.03533
10.0873,0.03997
10.10401,0.03953
10.12081,0.03852
10.13752,0.0404
10.15422,0.03808
10.17093,0.03287
10.18763,0.03577
10.20434,0.03678
10.22104,0.03663
10.23775,0.0362
10.25445,0.03823
10.27126,0.03852
10.28796,0.03606
10.30467,0.0349
10.32137,0.0362
10.33808,0.03997
10.35478,0.04025
10.37149,0.04083
10.38819,0.03635
10.4049,0.03635
10.4217,0.03721
10.43841,0.03504
10.45511,0.03837
10.47182,0.04011
10.48852,0.03881
10.50523,0.03504
10.52193,0.03562
10.53864,0.03244
10.55534,0.0404
10.57215,0.03475
10.58885,0.03765
10.60556,0.03779
10.62227,0.03678
10.63897,0.03721
10.65568,0.03982
10.67238,0.03765
10.68909,0.04518
10.70579,0.03968
10.7226,0.03895
10.7393,0.04011
10.75601,0.0417
10.77271,0.04185
10.78942,0.03866
10.80612,0.03736
10.82283,0.03736
10.83953,0.03765
10.85624,0.03881
10.87304,0.04156
10.88975,0.03707
10.90646,0.03765
10.92316,0.03678
10.93987,0.03881
10.95657,0.03924
10.97328,0.03808
10.98998,0.03953
11.00669,0.03866
11.02349,0.03678
11.0402,0.03765
11.0569,0.04083
11.07361,0.03779
11.09032,0.03852
11.10702,0.03591
11.12373,0.03504
11.14043,0.04069
11.15724,0.04011
11.17394,0.04199
11.19065,0.03692
11.20735,0.03808
11.22406,0.03707
11.24077,0.04083
11.25747,0.03548
11.27418,0.04025
11.29088,0.03823
11.30769,0.03823
11.32439,0.04011
11.3411,0.04025
11.3578,0.0404
11.37451,0.04416
11.39122,0.03794
11.40792,0.04199
11.42463,0.03808
11.44133,0.03866
11.45814,0.03997
11.47484,0.0433
11.49155,0.04489
11.50826,0.04127
11.52496,0.03779
11.54167,0.03678
11.55837,0.03794
11.57508,0.03968
11.59178,0.04112
11.60859,0.04416
11.6253,0.04445
11.642,0.04257
11.65871,0.04141
11.67541,0.04141
11.69212,0.03866
11.70882,0.03765
11.72553,0.03837
11.74224,0.03548
11.75904,0.03852
11.77575,0.0349
11.79245,0.03721
11.80916,0.03953
11.82586,0.04141
11.84257,0.04199
11.85928,0.03635
11.87598,0.03635
11.89269,0.04069
11.90949,0.04185
11.9262,0.03707
11.94291,0.04214
11.95961,0.04069
11.97632,0.0404
11.99302,0.03794
12.00973,0.04141
12.02644,0.0404
12.04314,0.04025
12.05995,0.04025
12.07665,0.03881
12.09336,0.03808
12.11006,0.04112
12.12677,0.0375
12.14348,0.03779
12.16018,0.0391
12.17689,0.04301
12.19359,0.03635
12.2104,0.03939
12.22711,0.0433
12.24381,0.04228
12.26052,0.03895
12.27722,0.03721
12.29393,0.03895
12.31064,0.03591
12.32734,0.03794
12.34415,0.04083
12.36086,0.03663
12.37756,0.03301
12.39427,0.03721
12.41097,0.03692
12.42768,0.03721
12.44439,0.04359
12.46109,0.03779
12.4778,0.03852
12.4946,0.04112
12.51131,0.04112
12.52802,0.03997
12.54472,0.03997
12.56143,0.03997
12.57814,0.0446
12.59484,0.04243
12.61155,0.04185
12.62825,0.03606
12.64506,0.03982
12.66177,0.03808
12.67847,0.04098
12.69518,0.04156
12.71188,0.04474
12.72859,0.04054
12.7453,0.0391
12.762,0.04228
12.77871,0.04098
12.79552,0.04083
12.81222,0.0417
12.82893,0.04503
12.84564,0.03808
12.86234,0.04098
12.87905,0.04025
12.89575,0.04025
12.91246,0.03852
12.92917,0.04503
12.94597,0.03939
12.96268,0.03678
12.97939,0.0417
12.99609,0.03649
13.0128,0.04416
13.02951,0.04127
13.04621,0.04011
13.06292,0.03649
13.07962,0.04069
13.09643,0.0404
13.11314,0.04185
13.12984,0.04344
13.14655,0.03953
13.16326,0.04011
13.17996,0.04185
13.19667,0.03895
13.21338,0.04518
13.23008,0.04576
13.24689,0.04561
13.2636,0.03895
13.2803,0.0417
13.29701,0.04228
13.31372,0.04445
13.33042,0.04286
13.34713,0.04778
13.36383,0.04663
13.38054,0.04156
13.39735,0.04112
13.41405,0.03852
13.43076,0.04199
13.44747,0.0433
13.46417,0.04214
13.48088,0.03794
13.49759,0.03939
13.51429,0.03591
13.5311,0.0362
13.54781,0.03779
13.56451,0.04272
13.58122,0.0391
13.59793,0.03997
13.61463,0.03968
13.63134,0.04359
13.64805,0.03939
13.66475,0.04069
13.68156,0.03577
13.69827,0.03794
13.71497,0.04199
13.73168,0.04214
13.74839,0.04011
13.76509,0.03953
13.7818,0.04112
13.79851,0.04069
13.81522,0.04619
13.83202,0.04561
13.84873,0.04445
13.86544,0.0404
13.88214,0.03852
13.89885,0.04141
13.91556,0.03866
13.93226,0.04547
13.94897,0.03649
13.96568,0.0433
13.98248,0.04474
13.99919,0.04344
14.0159,0.04228
14.0326,0.04083
14.04931,0.04025
14.06602,0.04474
14.08272,0.04416
14.09943,0.04025
14.11614,0.04387
14.13295,0.04677
14.14965,0.04474
14.16636,0.04677
14.18307,0.04749
14.19977,0.0446
14.21648,0.04489
14.23319,0.04967
14.24989,0.04503
14.2666,0.04373
14.28341,0.04706
14.30012,0.05097
14.31682,0.05097
14.33353,0.04981
14.35024,0.05242
14.36694,0.0585
14.38365,0.06096
14.40036,0.06675
14.41706,0.06646
14.43387,0.0766
14.45058,0.08427
14.46729,0.09151
14.48399,0.10194
14.5007,0.11801
14.51741,0.1212
14.53411,0.12308
14.55082,0.10585
14.56753,0.08485
14.58434,0.07081
14.60104,0.05126
14.61775,0.05227
14.63446,0.04981
14.65116,0.04402
14.66787,0.04387
14.68458,0.04576
14.70129,0.04706
14.71809,0.04315
14.7348,0.04474
14.75151,0.0433
14.76821,0.04315
14.78492,0.04634
14.80163,0.04185
14.81834,0.04663
14.83504,0.04663
14.85175,0.0446
14.86856,0.04272
14.88527,0.04923
14.90197,0.04721
14.91868,0.04576
14.93539,0.04778
14.95209,0.04518
14.9688,0.04387
14.98551,0.04402
15.00222,0.04778
15.01902,0.04561
15.03573,0.04025
15.05244,0.0446
15.06915,0.04764
15.08585,0.04677
15.10256,0.04822
15.11927,0.0417
15.13598,0.04272
15.15268,0.04156
15.16949,0.04141
15.1862,0.0488
15.20291,0.04532
15.21961,0.0391
15.23632,0.04373
15.25303,0.04445
15.26974,0.0417
15.28644,0.04257
15.30315,0.03924
15.31996,0.04532
15.33667,0.04373
15.35337,0.04518
15.37008,0.04677
15.38679,0.04416
15.4035,0.04735
15.4202,0.04532
15.43691,0.04286
15.45362,0.04243
15.47043,0.04199
15.48713,0.04851
15.50384,0.04619
15.52055,0.03939
15.53726,0.04301
15.55396,0.0446
15.57067,0.03968
15.58738,0.04836
15.60409,0.04489
15.62089,0.04518
15.6376,0.0459
15.65431,0.04228
15.67102,0.04807
15.68772,0.04692
15.70443,0.04344
15.72114,0.04315
15.73785,0.04532
15.75456,0.04416
15.77136,0.0459
15.78807,0.04214
15.80478,0.04778
15.82149,0.03997
15.83819,0.04243
15.8549,0.04894
15.87161,0.04243
15.88832,0.04605
15.90512,0.04909
15.92183,0.04619
15.93854,0.04416
15.95525,0.04286
15.97196,0.04489
15.98866,0.05068
16.00537,0.04431
16.02208,0.04489
16.03879,0.04416
16.05559,0.0433
16.0723,0.04431
16.08901,0.04532
16.10572,0.0433
16.12243,0.0433
16.13913,0.04402
16.15584,0.04532
16.17255,0.04373
16.18926,0.04474
16.20607,0.0417
16.22277,0.04547
16.23948,0.04605
16.25619,0.04387
16.2729,0.04359
16.28961,0.0459
16.30631,0.0459
16.32302,0.04503
16.33973,0.04547
16.35654,0.04257
16.37325,0.04199
16.38995,0.05039
16.40666,0.04822
16.42337,0.04445
16.44008,0.0404
16.45679,0.04127
16.47349,0.0446
16.4902,0.04822
16.50701,0.04851
16.52372,0.04025
16.54043,0.0404
16.55713,0.03982
16.57384,0.04402
16.59055,0.04387
16.60726,0.04518
16.62397,0.04069
16.64067,0.04692
16.65748,0.04503
16.67419,0.04518
16.6909,0.04547
16.70761,0.04605
16.72432,0.04576
16.74102,0.04634
16.75773,0.04301
16.77444,0.04445
16.79115,0.04518
16.80796,0.04373
16.82466,0.04547
16.84137,0.04503
16.85808,0.04532
16.87479,0.04807
16.8915,0.04561
16.90821,0.04952
16.92491,0.04778
16.94172,0.04981
16.95843,0.04909
16.97514,0.04923
16.99185,0.04431
17.00855,0.04793
17.02526,0.05488
17.04197,0.04851
17.05868,0.05126
17.07539,0.05401
17.0922,0.06009
17.1089,0.06733
17.12561,0.06994
17.14232,0.07269
17.15903,0.08138
17.17574,0.08717
17.19245,0.08775
17.20916,0.0976
17.22586,0.0892
17.24267,0.08413
17.25938,0.07052
17.27609,0.06516
17.2928,0.06024
17.30951,0.05792
17.32621,0.05054
17.34292,0.04778
17.35963,0.04489
17.37634,0.05343
17.39315,0.04561
17.40986,0.05111
17.42656,0.04952
17.44327,0.04793
17.45998,0.05169
17.47669,0.04706
17.4934,0.04634
17.51011,0.04865
17.52682,0.04692
17.54362,0.04677
17.56033,0.04416
17.57704,0.04677
17.59375,0.04706
17.61046,0.05054
17.62717,0.0433
17.64388,0.04735
17.66058,0.04547
17.67729,0.04561
17.6941,0.04199
17.71081,0.04315
17.72752,0.04648
17.74423,0.04503
17.76094,0.04605
17.77764,0.04692
17.79435,0.04547
17.81106,0.04315
17.82777,0.04793
17.84458,0.04576
17.86129,0.04547
17.878,0.04648
17.89471,0.05213
17.91141,0.04547
17.92812,0.05039
17.94483,0.04257
17.96154,0.03866
17.97825,0.04865
17.99506,0.04098
18.01177,0.05083
18.02848,0.04605
18.04518,0.04836
18.06189,0.04359
18.0786,0.04663
18.09531,0.04692
18.11202,0.04634
18.12873,0.04634
18.14554,0.04185
18.16225,0.04576
18.17896,0.04547
18.19566,0.04634
18.21237,0.04822
18.22908,0.04692
18.24579,0.04952
18.2625,0.04749
18.27931,0.04518
18.29602,0.04431
18.31273,0.04416
18.32943,0.04677
18.34614,0.04387
18.36285,0.04141
18.37956,0.04909
18.39627,0.04373
18.41298,0.04243
18.42979,0.04721
18.4465,0.04576
18.46321,0.04692
18.47992,0.04793
18.49662,0.04749
18.51333,0.04445
18.53004,0.04301
18.54675,0.04112
18.56346,0.0459
18.58027,0.04214
18.59698,0.04156
18.61369,0.04909
18.6304,0.04692
18.64711,0.04054
18.66381,0.0459
18.68052,0.0446
18.69723,0.05242
18.71394,0.04764
18.73075,0.04764
18.74746,0.05054
18.76417,0.04749
18.78088,0.04865
18.79759,0.0488
18.8143,0.04836
18.83101,0.04894
18.84772,0.05314
18.86442,0.05474
18.88123,0.05908
18.89794,0.06603
18.91465,0.07327
18.93136,0.06545
18.94807,0.0724
18.96478,0.06415
18.98149,0.06531
18.9982,0.05879
19.01491,0.05691
19.03172,0.0501
19.04843,0.05126
19.06514,0.04807
19.08184,0.04677
19.09855,0.04373
19.11526,0.03895
19.13197,0.03939
19.14868,0.0459
19.16539,0.04359
19.1822,0.04865
19.19891,0.04402
19.21562,0.04402
19.23233,0.04836
19.24904,0.04532
19.26575,0.04909
19.28246,0.04822
19.29917,0.04503
19.31587,0.04851
19.33268,0.0446
19.34939,0.04764
19.3661,0.05184
19.38281,0.04721
19.39952,0.04996
19.41623,0.05459
19.43294,0.04967
19.44965,0.05416
19.46646,0.05025
19.48317,0.05256
19.49988,0.0585
19.51659,0.06096
19.5333,0.06473
19.55001,0.06009
19.56672,0.06458
19.58343,0.07124
19.60014,0.07602
19.61695,0.08138
19.63365,0.08674
19.65036,0.08934
19.66707,0.09166
19.68378,0.08543
19.70049,0.09036
19.7172,0.07732
19.73391,0.08196
19.75062,0.08196
19.76743,0.0892
19.78414,0.10324
19.80085,0.12887
19.81756,0.14277
19.83427,0.17535
19.85098,0.20113
19.86769,0.25384
19.8844,0.3077
19.90111,0.38532
19.91792,0.47365
19.93463,0.54851
19.95134,0.57646
19.96805,0.57095
19.98476,0.49319
20.00147,0.42716
20.01818,0.36533
20.03489,0.3161
20.0516,0.2954
20.06841,0.28946
20.08512,0.28309
20.10182,0.3009
20.11853,0.31031
20.13524,0.27483
20.15195,0.23936
20.16866,0.18969
20.18537,0.14335
20.20208,0.11425
20.21889,0.08833
20.2356,0.07052
20.25231,0.06487
20.26902,0.05676
20.28573,0.06082
20.30244,0.05126
20.31915,0.05198
20.33586,0.05502
20.35257,0.05604
20.36938,0.05372
20.38609,0.05155
20.4028,0.05054
20.41951,0.05097
20.43622,0.04851
20.45293,0.04822
20.46964,0.05155
20.48635,0.05358
20.50316,0.05097
20.51987,0.04952
20.53658,0.04793
20.55329,0.04532
20.57,0.04981
20.58671,0.04952
20.60342,0.0446
20.62013,0.04996
20.63684,0.05227
20.65365,0.04503
20.67036,0.04764
20.68707,0.04489
20.70378,0.05256
20.72049,0.04851
20.7372,0.04909
20.75391,0.05329
20.77062,0.05111
20.78733,0.05025
20.80414,0.04923
20.82085,0.04894
20.83756,0.04286
20.85427,0.04634
20.87098,0.04706
20.88769,0.05502
20.9044,0.04909
20.92111,0.04402
20.93782,0.05039
20.95463,0.04793
20.97134,0.04634
20.98805,0.05068
21.00476,0.05474
21.02147,0.06371
21.03818,0.06762
21.05489,0.06357
21.0716,0.06342
21.08831,0.06545
21.10512,0.05575
21.12183,0.05517
21.13854,0.05647
21.15526,0.05502
21.17197,0.05097
21.18868,0.04735
21.20539,0.04721
21.2221,0.04532
21.23881,0.04489
21.25562,0.04561
21.27233,0.04518
21.28904,0.04706
21.30575,0.04735
21.32246,0.0433
21.33917,0.04301
21.35588,0.04532
21.37259,0.05111
21.3893,0.04503
21.40611,0.04359
21.42282,0.04836
21.43953,0.04431
21.45624,0.04619
21.47295,0.04474
21.48966,0.04851
21.50637,0.04822
21.52308,0.05155
21.53979,0.04778
21.5566,0.04952
21.57331,0.04836
21.59002,0.05068
21.60673,0.04648
21.62345,0.04532
21.64016,0.04952
21.65687,0.04416
21.67358,0.0446
21.69029,0.04735
21.7071,0.04865
21.72381,0.04532
21.74052,0.04677
21.75723,0.04822
21.77394,0.04851
21.79065,0.04865
21.80736,0.05184
21.82407,0.04981
21.84088,0.04793
21.85759,0.04938
21.8743,0.05459
21.89101,0.05575
21.90772,0.05691
21.92444,0.06096
21.94115,0.06502
21.95786,0.07095
21.97457,0.07124
21.99138,0.08413
22.00809,0.0876
22.0248,0.09238
22.04151,0.12163
22.05822,0.14248
22.07493,0.14784
22.09164,0.15725
22.10835,0.16811
22.12506,0.14668
22.14187,0.13524
22.15858,0.11077
22.1753,0.10237
22.19201,0.09108
22.20872,0.07255
22.22543,0.06226
22.24214,0.06617
22.25885,0.05893
22.27556,0.0598
22.29237,0.0543
22.30908,0.04981
22.32579,0.05763
22.3425,0.05459
22.35921,0.05184
22.37592,0.04851
22.39264,0.05445
22.40935,0.05676
22.42606,0.05329
22.44287,0.05387
22.45958,0.053
22.47629,0.05314
22.493,0.05502
22.50971,0.06009
22.52642,0.05937
22.54313,0.06226
22.55984,0.06603
22.57655,0.07312
22.59337,0.07646
22.61008,0.08196
22.62679,0.09861
22.6435,0.10976
22.66021,0.12627
22.67692,0.14857
22.69363,0.17507
22.71034,0.20794
22.72705,0.22343
22.74386,0.22314
22.76058,0.20374
22.77729,0.17405
22.794,0.15132
22.81071,0.13524
22.82742,0.10411
22.84413,0.09528
22.86084,0.08094
22.87765,0.07588
22.89436,0.07066
22.91107,0.07023
22.92779,0.0711
22.9445,0.07689
22.96121,0.08181
22.97792,0.0989
22.99463,0.10904
23.01134,0.10614
23.02815,0.13076
23.04486,0.13394
23.06157,0.16232
23.07829,0.15668
23.095,0.15219
23.11171,0.13713
23.12842,0.12207
23.14513,0.11179
23.16184,0.09774
23.17865,0.08268
23.19536,0.08254
23.21208,0.08138
23.22879,0.07023
23.2455,0.07284
23.26221,0.07153
23.27892,0.06704
23.29563,0.06806
23.31234,0.07588
23.32915,0.07457
23.34587,0.08152
23.36258,0.085
23.37929,0.09123
23.396,0.0876
23.41271,0.08514
23.42942,0.08152
23.44613,0.08355
23.46284,0.07414
23.47966,0.06429
23.49637,0.05966
23.51308,0.05937
23.52979,0.0543
23.5465,0.05445
23.56321,0.05227
23.57992,0.04735
23.59664,0.04822
23.61335,0.04967
23.63016,0.05184
23.64687,0.053
23.66358,0.04692
23.68029,0.04807
23.697,0.05025
23.71372,0.05502
23.73043,0.05517
23.74714,0.05792
23.76385,0.05227
23.78066,0.05213
23.79737,0.0572
23.81408,0.06675
23.8308,0.07284
23.84751,0.0724
23.86422,0.07573
23.88093,0.08138
23.89764,0.07269
23.91435,0.07559
23.93117,0.07472
23.94788,0.06835
23.96459,0.05966
23.9813,0.06183
23.99801,0.06082
24.01472,0.05039
24.03143,0.04981
24.04815,0.05097
24.06486,0.0501
24.08167,0.04909
24.09838,0.04778
24.11509,0.04677
24.1318,0.04721
24.14852,0.04431
24.16523,0.05198
24.18194,0.04141
24.19865,0.04518
24.21546,0.04793
24.23217,0.04301
24.24889,0.04373
24.2656,0.04228
24.28231,0.04489
24.29902,0.04721
24.31573,0.04503
24.33244,0.04474
24.34916,0.0433
24.36597,0.04199
24.38268,0.04373
24.39939,0.04445
24.4161,0.04605
24.43282,0.04402
24.44953,0.0417
24.46624,0.04373
24.48295,0.04011
24.49966,0.04445
24.51647,0.04634
24.53319,0.0433
24.5499,0.04706
24.56661,0.04518
24.58332,0.04054
24.60003,0.0417
24.61675,0.04402
24.63346,0.04489
24.65017,0.04402
24.66698,0.03968
24.68369,0.04301
24.7004,0.04416
24.71712,0.04344
24.73383,0.03765
24.75054,0.04301
24.76725,0.04445
24.78396,0.04373
24.80068,0.04344
24.81749,0.04098
24.8342,0.03982
24.85091,0.04112
24.86762,0.0459
24.88434,0.04576
24.90105,0.03982
24.91776,0.04199
24.93447,0.04387
24.95118,0.04301
24.968,0.04532
24.98471,0.04344
25.00142,0.04474
25.01813,0.04532
25.03484,0.04561
25.05156,0.04692
25.06827,0.04836
25.08498,0.0488
25.10169,0.04764
25.11851,0.04749
25.13522,0.05039
25.15193,0.04561
25.16864,0.04677
25.18535,0.04474
25.20207,0.04547
25.21878,0.04474
25.23549,0.04387
25.2522,0.04286
25.26901,0.04112
25.28573,0.04489
25.30244,0.04836
25.31915,0.04272
25.33586,0.04228
25.35258,0.0417
25.36929,0.03982
25.386,0.04518
25.40281,0.04489
25.41952,0.04416
25.43624,0.0459
25.45295,0.04445
25.46966,0.04156
25.48637,0.04286
25.50309,0.04952
25.5198,0.04749
25.53651,0.0459
25.55332,0.04749
25.57004,0.04981
25.58675,0.04735
25.60346,0.05531
25.62017,0.05155
25.63688,0.05459
25.6536,0.0514
25.67031,0.04909
25.68702,0.04634
25.70383,0.04214
25.72055,0.0459
25.73726,0.04648
25.75397,0.04315
25.77068,0.04214
25.7874,0.04692
25.80411,0.0446
25.82082,0.0488
25.83753,0.04677
25.85435,0.04952
25.87106,0.04489
25.88777,0.0446
25.90448,0.04735
25.9212,0.05054
25.93791,0.04706
25.95462,0.04706
25.97133,0.04503
25.98805,0.04619
26.00486,0.04474
26.02157,0.04272
26.03828,0.04373
26.055,0.04749
26.07171,0.04416
26.08842,0.04663
26.10513,0.04735
26.12185,0.04576
26.13856,0.04373
26.15537,0.0433
26.17208,0.0459
26.1888,0.0391
26.20551,0.04605
26.22222,0.04634
26.23893,0.04518
26.25565,0.04561
26.27236,0.04561
26.28907,0.04793
26.30588,0.0417
26.3226,0.04315
26.33931,0.04706
26.35602,0.05083
26.37274,0.05054
26.38945,0.05358
26.40616,0.05169
26.42287,0.05054
26.43959,0.05531
26.4564,0.0514
26.47311,0.05807
26.48982,0.06053
26.50654,0.05951
26.52325,0.06748
26.53996,0.06284
26.55668,0.0724
26.57339,0.07819
26.5902,0.07979
26.60691,0.07472
26.62363,0.07428
26.64034,0.06719
26.65705,0.06429
26.67377,0.06024
26.69048,0.0614
26.70719,0.05792
26.7239,0.05792
26.74072,0.05807
26.75743,0.05126
26.77414,0.05691
26.79086,0.05401
26.80757,0.05445
26.82428,0.04938
26.84099,0.05285
26.85771,0.05256
26.87442,0.04865
26.89123,0.05111
26.90795,0.05387
26.92466,0.05271
26.94137,0.05633
26.95808,0.06038
26.9748,0.0598
26.99151,0.05387
27.00822,0.05198
27.02494,0.05459
27.04175,0.0514
27.05846,0.05025
27.07518,0.05633
27.09189,0.05618
27.1086,0.05372
27.12531,0.05691
27.14203,0.05271
27.15874,0.05155
27.17545,0.05676
27.19227,0.05242
27.20898,0.0488
27.22569,0.04938
27.24241,0.04952
27.25912,0.04721
27.27583,0.04431
27.29255,0.04749
27.30926,0.04677
27.32597,0.05198
27.34278,0.04489
27.3595,0.04793
27.37621,0.04648
27.39292,0.04619
27.40964,0.05097
27.42635,0.04692
27.44306,0.04605
27.45978,0.04619
27.47649,0.05213
27.4933,0.04721
27.51002,0.04764
27.52673,0.04518
27.54344,0.04648
27.56016,0.04474
27.57687,0.04387
27.59358,0.04822
27.6103,0.04576
27.62711,0.04865
27.64382,0.04619
27.66054,0.05068
27.67725,0.0514
27.69396,0.05083
27.71068,0.04894
27.72739,0.05198
27.7441,0.04909
27.76082,0.05401
27.77763,0.04938
27.79434,0.04663
27.81106,0.04981
27.82777,0.05416
27.84448,0.05097
27.8612,0.0514
27.87791,0.05589
27.89462,0.05821
27.91134,0.05416
27.92815,0.05169
27.94486,0.05213
27.96158,0.05734
27.97829,0.06096
27.995,0.06198
28.01172,0.0695
28.02843,0.0682
28.04514,0.07617
28.06186,0.08196
28.07867,0.08674
28.09538,0.09224
28.1121,0.10353
28.12881,0.10628
28.14552,0.11859
28.16224,0.11657
28.17895,0.13162
28.19567,0.1503
28.21238,0.17753
28.22919,0.21648
28.24591,0.24095
28.26262,0.26137
28.27933,0.30915
28.29605,0.35838
28.31276,0.41602
28.32947,0.51187
28.34619,0.63669
28.3629,0.78063
28.37971,0.91312
28.39643,1
28.41314,0.94251
28.42986,0.80148
28.44657,0.68897
28.46328,0.58978
28.48,0.52433
28.49671,0.40298
28.51342,0.30307
28.53024,0.21387
28.54695,0.17811
28.56367,0.1532
28.58038,0.12265
28.59709,0.11526
28.61381,0.11019
28.63052,0.10165
28.64723,0.08645
28.66405,0.08225
28.68076,0.07979
28.69748,0.08065
28.71419,0.0766
28.7309,0.07385
28.74762,0.07414
28.76433,0.06922
28.78104,0.06864
28.79776,0.06965
28.81457,0.07197
28.83129,0.06806
28.848,0.06748
28.86471,0.06617
28.88143,0.06965
28.89814,0.07312
28.91485,0.07428
28.93157,0.0753
28.94828,0.07501
28.9651,0.07906
28.98181,0.08167
28.99852,0.08008
29.01524,0.08572
29.03195,0.10209
29.04867,0.10223
29.06538,0.10571
29.08209,0.12612
29.09881,0.12858
29.11562,0.14133
29.13234,0.17333
29.14905,0.19881
29.16576,0.2269
29.18248,0.2925
29.19919,0.36722
29.21591,0.4512
29.23262,0.58008
29.24933,0.71503
29.26615,0.85578
29.28286,0.97017
29.29958,0.93238
29.31629,0.81639
29.333,0.6629
29.34972,0.60324
29.36643,0.5236
29.38315,0.43542
29.39986,0.31103
29.41667,0.22285
29.43339,0.15711
29.4501,0.13626
29.46682,0.12047
29.48353,0.10324
29.50025,0.10759
29.51696,0.10049
29.53367,0.09485
29.55039,0.085
29.5672,0.09137
29.58392,0.09195
29.60063,0.0934
29.61734,0.10382
29.63406,0.10237
29.65077,0.10194
29.66749,0.10628
29.6842,0.11019
29.70092,0.10397
29.71773,0.11541
29.73444,0.12858
29.75116,0.13148
29.76787,0.15349
29.78459,0.17188
29.8013,0.19823
29.81802,0.22879
29.83473,0.28729
29.85144,0.35752
29.86826,0.44628
29.88497,0.52824
29.90169,0.65392
29.9184,0.73154
29.93512,0.75673
29.95183,0.67579
29.96854,0.55054
29.98526,0.49493
30.00207,0.45236
30.01879,0.38561
30.0355,0.27903
30.05222,0.21213
30.06893,0.15899
30.08565,0.13162
30.10236,0.11787
30.11907,0.10498
30.13579,0.10165
30.1526,0.09904
30.16932,0.09065
30.18603,0.08239
30.20275,0.08949
30.21946,0.08065
30.23618,0.08167
30.25289,0.0656
30.2696,0.06617
30.28632,0.06313
30.30313,0.06661
30.31985,0.0614
30.33656,0.06313
30.35328,0.0614
30.36999,0.05633
30.38671,0.05488
30.40342,0.05416
30.42014,0.05083
30.43685,0.05271
30.45366,0.05488
30.47038,0.05531
30.48709,0.05662
30.50381,0.05314
30.52052,0.0514
30.53724,0.04807
30.55395,0.05068
30.57067,0.05184
30.58738,0.05083
30.6042,0.05256
30.62091,0.04764
30.63763,0.0446
30.65434,0.04807
30.67105,0.04634
30.68777,0.04069
30.70448,0.04648
30.7212,0.04663
30.73791,0.04474
30.75473,0.04373
30.77144,0.04996
30.78816,0.0501
30.80487,0.04677
30.82159,0.04865
30.8383,0.04851
30.85502,0.04981
30.87173,0.05184
30.88845,0.04619
30.90526,0.04301
30.92198,0.04749
30.93869,0.04764
30.95541,0.05155
30.97212,0.05083
30.98883,0.04836
31.00555,0.04359
31.02226,0.04692
31.03898,0.04764
31.05579,0.04518
31.07251,0.04967
31.08922,0.04938
31.10594,0.05025
31.12265,0.04532
31.13937,0.04692
31.15608,0.0501
31.1728,0.04561
31.18961,0.04706
31.20633,0.04619
31.22304,0.04996
31.23976,0.04851
31.25647,0.04561
31.27319,0.0488
31.2899,0.04214
31.30662,0.04402
31.32333,0.04648
31.34015,0.05329
31.35686,0.04938
31.37358,0.04996
31.39029,0.04778
31.40701,0.05242
31.42372,0.04634
31.44044,0.04474
31.45715,0.0433
31.47387,0.03939
31.49068,0.04981
31.5074,0.04648
31.52411,0.04692
31.54083,0.05097
31.55754,0.04865
31.57426,0.04532
31.59097,0.04474
31.60769,0.04735
31.6244,0.05039
31.64122,0.05227
31.65793,0.04532
31.67465,0.04648
31.69136,0.05111
31.70808,0.04706
31.7248,0.04199
31.74151,0.03895
31.75823,0.04445
31.77494,0.04098
31.79176,0.04634
31.80847,0.04619
31.82519,0.04764
31.8419,0.05242
31.85862,0.04112
31.87533,0.0433
31.89205,0.04749
31.90876,0.04344
31.92548,0.04851
31.94229,0.04518
31.95901,0.04257
31.97572,0.04634
31.99244,0.03852
32.00915,0.04532
32.02587,0.04721
32.04258,0.04141
32.0593,0.04315
32.07602,0.03953
32.09283,0.04098
32.10955,0.04677
32.12626,0.04778
32.14298,0.04894
32.15969,0.04431
32.17641,0.04445
32.19312,0.04677
32.20984,0.0488
32.22655,0.05039
32.24337,0.04677
32.26008,0.04894
32.2768,0.04764
32.29352,0.05184
32.31023,0.04518
32.32695,0.04721
32.34366,0.04836
32.36038,0.04387
32.37709,0.04156
32.39391,0.04634
32.41062,0.04011
32.42734,0.04272
32.44405,0.0446
32.46077,0.04431
32.47749,0.0501
32.4942,0.04518
32.51092,0.04648
32.52773,0.04648
32.54445,0.04373
32.56116,0.04793
32.57788,0.04952
32.59459,0.04735
32.61131,0.04807
32.62803,0.04822
32.64474,0.0501
32.66146,0.04402
32.67827,0.04416
32.69499,0.0459
32.7117,0.04315
32.72842,0.05329
32.74513,0.04793
32.76185,0.0543
32.77857,0.04894
32.79528,0.04981
32.812,0.05546
32.82881,0.05329
32.84553,0.06096
32.86224,0.06458
32.87896,0.05633
32.89568,0.0585
32.91239,0.05879
32.92911,0.06255
32.94582,0.05662
32.96254,0.0572
32.97935,0.05995
32.99607,0.05401
33.01279,0.05285
33.0295,0.05054
33.04622,0.04605
33.06293,0.0459
33.07965,0.04735
33.09637,0.04503
33.11308,0.04315
33.1299,0.04431
33.14661,0.04634
33.16333,0.04503
33.18004,0.04547
33.19676,0.04909
33.21348,0.05213
33.23019,0.04648
33.24691,0.04894
33.26362,0.05169
33.28044,0.05198
33.29716,0.04923
33.31387,0.04923
33.33059,0.05401
33.3473,0.05647
33.36402,0.05995
33.38073,0.06169
33.39745,0.0695
33.41417,0.06704
33.43098,0.06574
33.4477,0.07284
33.46441,0.07066
33.48113,0.06791
33.49785,0.06386
33.51456,0.06835
33.53128,0.06617
33.54799,0.05864
33.56481,0.05691
33.58153,0.06053
33.59824,0.05633
33.61496,0.05271
33.63167,0.04981
33.64839,0.05054
33.66511,0.05083
33.68182,0.05184
33.69854,0.053
33.71536,0.05734
33.73207,0.053
33.74879,0.05778
33.7655,0.05416
33.78222,0.05633
33.79894,0.05343
33.81565,0.05097
33.83237,0.05372
33.84908,0.05155
33.8659,0.05126
33.88262,0.05966
33.89933,0.05474
33.91605,0.05575
33.93276,0.05198
33.94948,0.05792
33.9662,0.05575
33.98291,0.06357
33.99963,0.06907
34.01645,0.07819
34.03316,0.0837
34.04988,0.08862
34.06659,0.09354
34.08331,0.09803
34.10003,0.09224
34.11674,0.08123
34.13346,0.07689
34.15018,0.08065
34.16699,0.0724
34.18371,0.06531
34.20042,0.06545
34.21714,0.06487
34.23386,0.06415
34.25057,0.06893
34.26729,0.05821
34.28401,0.0556
34.30072,0.05358
34.31754,0.05951
34.33426,0.05662
34.35097,0.05372
34.36769,0.05604
34.3844,0.05589
34.40112,0.05227
34.41784,0.05213
34.43455,0.04952
34.45127,0.05372
34.46809,0.04996
34.4848,0.04923
34.50152,0.05068
34.51824,0.0556
34.53495,0.05618
34.55167,0.05662
34.56839,0.06169
34.5851,0.05908
34.60182,0.06646
34.61863,0.06806
34.63535,0.07037
34.65207,0.07631
34.66878,0.08688
34.6855,0.10006
34.70222,0.11121
34.71893,0.1393
34.73565,0.16985
34.75247,0.21098
34.76918,0.24399
34.7859,0.28092
34.80262,0.31769
34.81933,0.33768
34.83605,0.31827
34.85277,0.31031
34.86948,0.29091
34.8862,0.29467
34.90302,0.27353
34.91973,0.27657
34.93645,0.25282
34.95317,0.25007
34.96988,0.25297
34.9866,0.25326
35.00332,0.2799
35.02003,0.32305
35.03675,0.37895
35.05357,0.45931
35.07028,0.5181
35.087,0.59586
35.10372,0.63047
35.12043,0.65146
35.13715,0.59658
35.15387,0.53345
35.17058,0.47741
35.1873,0.4247
35.20412,0.37576
35.22083,0.32754
35.23755,0.27758
35.25427,0.20576
35.27098,0.15537
35.2877,0.1338
35.30442,0.10353
35.32113,0.09571
35.33785,0.08384
35.35467,0.07081
35.37139,0.0711
35.3881,0.06922
35.40482,0.06299
35.42154,0.0695
35.43825,0.06733
35.45497,0.06878
35.47169,0.06415
35.4884,0.06067
35.50522,0.05575
35.52194,0.05068
35.53865,0.05922
35.55537,0.05792
35.57209,0.05662
35.5888,0.04996
35.60552,0.05155
35.62224,0.04967
35.63896,0.04836
35.65577,0.05401
35.67249,0.0543
35.68921,0.0514
35.70592,0.05459
35.72264,0.05546
35.73936,0.05502
35.75607,0.05517
35.77279,0.06328
35.78961,0.06096
35.80633,0.06342
35.82304,0.06806
35.83976,0.06661
35.85648,0.06922
35.87319,0.06835
35.88991,0.06067
35.90663,0.06212
35.92334,0.06212
35.94016,0.06169
35.95688,0.05821
35.9736,0.06111
35.99031,0.0585
36.00703,0.05836
36.02375,0.06125
36.04046,0.0598
36.05718,0.06096
36.0739,0.05966
36.09072,0.06241
36.10743,0.05836
36.12415,0.06024
36.14087,0.06603
36.15759,0.06371
36.1743,0.06762
36.19102,0.0682
36.20774,0.07457
36.22445,0.07776
36.24127,0.08312
36.25799,0.09412
36.27471,0.10585
36.29142,0.10643
36.30814,0.11975
36.32486,0.12352
36.34157,0.12583
36.35829,0.1267
36.37501,0.128
36.39183,0.14263
36.40854,0.15262
36.42526,0.14538
36.44198,0.14726
36.4587,0.12989
36.47541,0.12409
36.49213,0.10788
36.50885,0.09904
36.52557,0.10165
36.54238,0.0876
36.5591,0.08297
36.57582,0.0766
36.59253,0.07124
36.60925,0.07226
36.62597,0.06024
36.64269,0.0669
36.6594,0.05864
36.67612,0.06198
36.69294,0.0585
36.70966,0.06226
36.72637,0.06299
36.74309,0.0669
36.75981,0.06458
36.77653,0.06878
36.79324,0.07153
36.80996,0.06487
36.82668,0.07457
36.8435,0.07718
36.86021,0.09861
36.87693,0.10701
36.89365,0.12352
36.91037,0.13438
36.92708,0.15392
36.9438,0.15306
36.96052,0.14379
36.97724,0.13611
36.99405,0.14364
37.01077,0.16102
37.02749,0.16754
37.04421,0.16956
37.06092,0.17275
37.07764,0.1658
37.09436,0.15841
37.11108,0.14408
37.1279,0.13278
37.14461,0.13597
37.16133,0.12438
37.17805,0.11599
37.19477,0.12178
37.21148,0.13134
37.2282,0.12772
37.24492,0.12772
37.26164,0.12641
37.27845,0.14104
37.29517,0.14495
37.31189,0.13959
37.32861,0.14191
37.34533,0.14495
37.36204,0.13119
37.37876,0.11352
37.39548,0.09919
37.4122,0.10266
37.42901,0.09253
37.44573,0.08138
37.46245,0.0737
37.47917,0.06849
37.49589,0.06183
37.5126,0.0614
37.52932,0.05546
37.54604,0.05256
37.56276,0.0514
37.57957,0.05083
37.59629,0.05329
37.61301,0.05271
37.62973,0.053
37.64645,0.05198
37.66316,0.05285
37.67988,0.05126
37.6966,0.04431
37.71332,0.04489
37.73014,0.05054
37.74685,0.04692
37.76357,0.0514
37.78029,0.05314
37.79701,0.05198
37.81373,0.05691
37.83044,0.05879
37.84716,0.06284
37.86388,0.06574
37.8807,0.07168
37.89741,0.0753
37.91413,0.08514
37.93085,0.08847
37.94757,0.10064
37.96429,0.11338
37.981,0.12916
37.99772,0.14277
38.01444,0.17738
38.03126,0.19012
38.04798,0.20113
38.0647,0.2075
38.08141,0.20446
38.09813,0.16855
38.11485,0.14784
38.13157,0.1393
38.14829,0.13119
38.165,0.13191
38.18182,0.11193
38.19854,0.09398
38.21526,0.07674
38.23198,0.0682
38.24869,0.05966
38.26541,0.05575
38.28213,0.05039
38.29885,0.05097
38.31567,0.05387
38.33239,0.05329
38.3491,0.05054
38.36582,0.05647
38.38254,0.05836
38.39926,0.0572
38.41598,0.06198
38.43269,0.06632
38.44941,0.06893
38.46623,0.07095
38.48295,0.0779
38.49967,0.07182
38.51639,0.07892
38.5331,0.07515
38.54982,0.07298
38.56654,0.07515
38.58326,0.07544
38.59998,0.0695
38.6168,0.06878
38.63351,0.06733
38.65023,0.0656
38.66695,0.0682
38.68367,0.06502
38.70039,0.06661
38.71711,0.07095
38.73382,0.07515
38.75054,0.07805
38.76736,0.07284
38.78408,0.0711
38.8008,0.06473
38.81752,0.06212
38.83423,0.0669
38.85095,0.05922
38.86767,0.06009
38.88439,0.05517
38.90111,0.04547
38.91793,0.04923
38.93464,0.04489
38.95136,0.04445
38.96808,0.0417
38.9848,0.04344
39.00152,0.04489
39.01824,0.04445
39.03496,0.0417
39.05167,0.04619
39.06849,0.04561
39.08521,0.04619
39.10193,0.04344
39.11865,0.04431
39.13537,0.04011
39.15209,0.03982
39.1688,0.04692
39.18552,0.04778
39.20234,0.0459
39.21906,0.04807
39.23578,0.04301
39.2525,0.04605
39.26922,0.04619
39.28593,0.04532
39.30265,0.0433
39.31937,0.03968
39.33609,0.04286
39.35291,0.04663
39.36963,0.04402
39.38635,0.0417
39.40306,0.04301
39.41978,0.04359
39.4365,0.04185
39.45322,0.04706
39.46994,0.04938
39.48666,0.0391
39.50348,0.04692
39.5202,0.04605
39.53691,0.0446
39.55363,0.04431
39.57035,0.04894
39.58707,0.04199
39.60379,0.04547
39.62051,0.04214
39.63723,0.04518
39.65405,0.04532
39.67076,0.05083
39.68748,0.05242
39.7042,0.04735
39.72092,0.05097
39.73764,0.0585
39.75436,0.05242
39.77108,0.0514
39.7878,0.05618
39.80461,0.04692
39.82133,0.05213
39.83805,0.05836
39.85477,0.06733
39.87149,0.06791
39.88821,0.07385
39.90493,0.07457
39.92165,0.06646
39.93837,0.0656
39.95518,0.07124
39.9719,0.06198
39.98862,0.06531
40.00534,0.06009
40.02206,0.05864
40.03878,0.05575
40.0555,0.05966
40.07222,0.05213
40.08894,0.05314
40.10576,0.04749
40.12247,0.04778
40.13919,0.04648
40.15591,0.04445
40.17263,0.04967
40.18935,0.04141
40.20607,0.04359
40.22279,0.05169
40.23951,0.05676
40.25633,0.05416
40.27305,0.04981
40.28976,0.0514
40.30648,0.0514
40.3232,0.05531
40.33992,0.05908
40.35664,0.06226
40.37336,0.06444
40.39008,0.06719
40.4069,0.07168
40.42362,0.08514
40.44034,0.08934
40.45706,0.10744
40.47377,0.12163
40.49049,0.13698
40.50721,0.1422
40.52393,0.17666
40.54075,0.1797
40.55747,0.16985
40.57419,0.16348
40.59091,0.15725
40.60763,0.1629
40.62435,0.17043
40.64107,0.1603
40.65779,0.17087
40.6745,0.17362
40.69132,0.18042
40.70804,0.18346
40.72476,0.19201
40.74148,0.18781
40.7582,0.18535
40.77492,0.17941
40.79164,0.17246
40.80836,0.16536
40.82508,0.17275
40.8419,0.17608
40.85862,0.18086
40.87534,0.1671
40.89206,0.16855
40.90878,0.15986
40.92549,0.14408
40.94221,0.13322
40.95893,0.12236
40.97565,0.12757
40.99247,0.12438
41.00919,0.12337
41.02591,0.13988
41.04263,0.13061
41.05935,0.14625
41.07607,0.15378
41.09279,0.15537
41.10951,0.15595
41.12623,0.13322
41.14305,0.11961
41.15977,0.12424
41.17649,0.12786
41.1932,0.138
41.20992,0.14466
41.22664,0.12945
41.24336,0.11729
41.26008,0.11743
41.2768,0.10484
41.29362,0.09933
41.31034,0.09007
41.32706,0.09586
41.34378,0.09007
41.3605,0.08572
41.37722,0.08514
41.39394,0.07732
41.41066,0.06806
41.42738,0.06835
41.4442,0.06545
41.46092,0.06299
41.47764,0.06299
41.49436,0.06154
41.51108,0.06009
41.5278,0.0598
41.54452,0.05749
41.56124,0.05908
41.57805,0.0556
41.59477,0.05314
41.61149,0.05951
41.62821,0.05705
41.64493,0.05749
41.66165,0.05864
41.67837,0.06878
41.69509,0.06719
41.71181,0.07211
41.72863,0.07182
41.74535,0.085
41.76207,0.08833
41.77879,0.1018
41.79551,0.10657
41.81223,0.13249
41.82895,0.14639
41.84567,0.16276
41.86239,0.17782
41.87921,0.1768
41.89593,0.16855
41.91265,0.15479
41.92937,0.13872
41.94609,0.13409
41.96281,0.13496
41.97953,0.12438
41.99625,0.10614
42.01297,0.10918
42.02979,0.09166
42.04651,0.08905
42.06323,0.0837
42.07995,0.07906
42.09667,0.08558
42.11339,0.08688
42.13011,0.09253
42.14683,0.1031
42.16355,0.11063
42.18037,0.11063
42.19709,0.096
42.21381,0.09745
42.23053,0.10122
42.24725,0.09904
42.26397,0.09398
42.28069,0.096
42.29741,0.09123
42.31413,0.08181
42.33095,0.0837
42.34767,0.07979
42.36439,0.07095
42.38111,0.07573
42.39783,0.07211
42.41455,0.07211
42.43127,0.06806
42.44799,0.07197
42.46471,0.06169
42.48153,0.06458
42.49825,0.06284
42.51497,0.06255
42.53169,0.06212
42.54841,0.0614
42.56513,0.05647
42.58185,0.05807
42.59857,0.0598
42.61529,0.05445
42.63211,0.05372
42.64883,0.06212
42.66555,0.06198
42.68227,0.06053
42.69899,0.06516
42.71571,0.06733
42.73243,0.07646
42.74915,0.06907
42.76587,0.07617
42.78269,0.08022
42.79941,0.10209
42.81613,0.11657
42.83285,0.13785
42.84957,0.1713
42.86629,0.20591
42.88301,0.24124
42.89973,0.23139
42.91655,0.20287
42.93327,0.16174
42.94999,0.13684
42.96671,0.13829
42.98343,0.14248
43.00015,0.14379
43.01687,0.13582
43.03359,0.10744
43.05031,0.08587
43.06713,0.0724
43.08385,0.05821
43.10057,0.05285
43.11729,0.0556
43.13401,0.05575
43.15073,0.05184
43.16745,0.0514
43.18417,0.04851
43.2009,0.04677
43.21772,0.04561
43.23444,0.04735
43.25116,0.04938
43.26788,0.04532
43.2846,0.04764
43.30132,0.04836
43.31804,0.04619
43.33476,0.04663
43.35148,0.04416
43.3683,0.04894
43.38502,0.04764
43.40174,0.05155
43.41846,0.04793
43.43518,0.05039
43.4519,0.05054
43.46862,0.04706
43.48534,0.05068
43.50206,0.04272
43.51888,0.04692
43.5356,0.04445
43.55232,0.04764
43.56905,0.04923
43.58577,0.04822
43.60249,0.0446
43.61921,0.04301
43.63593,0.04286
43.65265,0.04793
43.66947,0.04547
43.68619,0.0433
43.70291,0.04807
43.71963,0.04286
43.73635,0.0417
43.75307,0.04735
43.76979,0.0459
43.78651,0.04518
43.80323,0.0446
43.82005,0.04373
43.83677,0.04199
43.8535,0.04359
43.87022,0.04909
43.88694,0.04373
43.90366,0.05111
43.92038,0.04938
43.9371,0.04894
43.95382,0.04547
43.97064,0.04749
43.98736,0.04721
44.00408,0.04735
44.0208,0.0459
44.03752,0.04836
44.05424,0.04778
44.07096,0.04996
44.08769,0.05285
44.10451,0.05546
44.12123,0.05778
44.13795,0.06096
44.15467,0.05879
44.17139,0.06458
44.18811,0.06342
44.20483,0.06632
44.22155,0.06979
44.23827,0.07385
44.25509,0.08297
44.27181,0.10599
44.28853,0.11787
44.30526,0.13727
44.32198,0.13568
44.3387,0.12699
44.35542,0.11845
44.37214,0.09991
44.38886,0.09861
44.40568,0.09861
44.4224,0.09847
44.43912,0.10093
44.45584,0.08992
44.47256,0.09267
44.48929,0.0808
44.50601,0.07819
44.52273,0.07892
44.53945,0.07674
44.55627,0.07703
44.57299,0.08254
44.58971,0.08254
44.60643,0.0753
44.62315,0.07428
44.63987,0.0711
44.6566,0.07269
44.67332,0.07732
44.69004,0.07443
44.70686,0.06835
44.72358,0.06241
44.7403,0.06183
44.75702,0.05734
44.77374,0.05676
44.79046,0.05734
44.80718,0.05546
44.82391,0.04981
44.84063,0.05488
44.85745,0.05097
44.87417,0.04865
44.89089,0.05445
44.90761,0.06284
44.92433,0.05749
44.94105,0.06255
44.95777,0.06878
44.9745,0.06878
44.99122,0.07732
45.00804,0.08138
45.02476,0.09441
45.04148,0.10498
45.0582,0.10802
45.07492,0.11743
45.09164,0.10802
45.10837,0.10701
45.12509,0.10049
45.14181,0.09644
45.15863,0.10122
45.17535,0.09673
45.19207,0.09485
45.20879,0.09108
45.22551,0.07776
45.24224,0.07689
45.25896,0.06849
45.27568,0.06328
45.2925,0.06284
45.30922,0.0614
45.32594,0.0614
45.34266,0.05966
45.35938,0.05633
45.37611,0.0514
45.39283,0.05575
45.40955,0.06009
45.42627,0.06371
45.44309,0.06386
45.45981,0.0572
45.47653,0.06299
45.49326,0.06212
45.50998,0.06024
45.5267,0.06762
45.54342,0.06371
45.56014,0.05633
45.57686,0.05517
45.59368,0.05531
45.61041,0.05821
45.62713,0.05647
45.64385,0.05836
45.66057,0.05314
45.67729,0.05546
45.69401,0.05111
45.71073,0.05633
45.72746,0.05575
45.74428,0.05691
45.761,0.05778
45.77772,0.05097
45.79444,0.05387
45.81116,0.05575
45.82788,0.05184
45.84461,0.05285
45.86133,0.05126
45.87805,0.05242
45.89487,0.05111
45.91159,0.05126
45.92831,0.0459
45.94504,0.04909
45.96176,0.04938
45.97848,0.0514
45.9952,0.04532
46.01192,0.0446
46.02864,0.0459
46.04546,0.0433
46.06219,0.04764
46.07891,0.04996
46.09563,0.04706
46.11235,0.04894
46.12907,0.04952
46.14579,0.04836
46.16252,0.05734
46.17924,0.05401
46.19606,0.06053
46.21278,0.05864
46.2295,0.0627
46.24622,0.06574
46.26295,0.06806
46.27967,0.07863
46.29639,0.08036
46.31311,0.09933
46.32993,0.1099
46.34666,0.12019
46.36338,0.13988
46.3801,0.14176
46.39682,0.16609
46.41354,0.19143
46.43026,0.18462
46.44699,0.18839
46.46371,0.18868
46.48043,0.16116
46.49725,0.15161
46.51397,0.13524
46.53069,0.12772
46.54742,0.13061
46.56414,0.12699
46.58086,0.1254
46.59758,0.1018
46.6143,0.0989
46.63113,0.08992
46.64785,0.08789
46.66457,0.08572
46.68129,0.09123
46.69801,0.0892
46.71474,0.09398
46.73146,0.08992
46.74818,0.08326
46.7649,0.07776
46.78172,0.08065
46.79845,0.07921
46.81517,0.07819
46.83189,0.07921
46.84861,0.08008
46.86533,0.07718
46.88206,0.07935
46.89878,0.07255
46.9155,0.06994
46.93232,0.0669
46.94904,0.07385
46.96577,0.07095
46.98249,0.08442
46.99921,0.08123
47.01593,0.09644
47.03265,0.10223
47.04938,0.12105
47.0661,0.13698
47.08292,0.14567
47.09964,0.1658
47.11636,0.18071
47.13309,0.20142
47.14981,0.20851
47.16653,0.20272
47.18325,0.17999
47.19997,0.17101
47.2167,0.14857
47.23352,0.15508
47.25024,0.14466
47.26696,0.1461
47.28369,0.12902
47.30041,0.12337
47.31713,0.10715
47.33385,0.08876
47.35057,0.08572
47.3673,0.08022
47.38412,0.07153
47.40084,0.06617
47.41756,0.07703
47.43428,0.0627
47.45101,0.05705
47.46773,0.06791
47.48445,0.0753
47.50117,0.07298
47.5179,0.07993
47.53472,0.08094
47.55144,0.08891
47.56816,0.08485
47.58489,0.07617
47.60161,0.07646
47.61833,0.07689
47.63505,0.07385
47.65177,0.07515
47.6686,0.07124
47.68532,0.07761
47.70204,0.08254
47.71876,0.08109
47.73549,0.0821
47.75221,0.08471
47.76893,0.09731
47.78565,0.09977
47.80238,0.11193
47.8192,0.09803
47.83592,0.09369
47.85264,0.0779
47.86937,0.07284
47.88609,0.0766
47.90281,0.07443
47.91953,0.07819
47.93626,0.08109
47.95298,0.07761
47.9698,0.06328
47.98652,0.05937
48.00325,0.05604
48.01997,0.05155
48.03669,0.04416
48.05341,0.0459
48.07013,0.0459
48.08686,0.04735
48.10358,0.04387
48.1204,0.04532
48.13713,0.04112
48.15385,0.0446
48.17057,0.04083
48.18729,0.04228
48.20402,0.04214
48.22074,0.04793
48.23746,0.04098
48.25418,0.04127
48.27101,0.03997
48.28773,0.04431
48.30445,0.04445
48.32117,0.04619
48.3379,0.04373
48.35462,0.04634
48.37134,0.0459
48.38806,0.0433
48.40479,0.04416
48.42161,0.04923
48.43833,0.04228
48.45505,0.04778
48.47178,0.04793
48.4885,0.04605
48.50522,0.04749
48.52195,0.04836
48.53867,0.05155
48.55539,0.04894
48.57221,0.06082
48.58894,0.05937
48.60566,0.06473
48.62238,0.06762
48.6391,0.07993
48.65583,0.09528
48.67255,0.10194
48.68927,0.11526
48.706,0.12641
48.72282,0.1477
48.73954,0.1477
48.75626,0.13351
48.77299,0.11208
48.78971,0.1141
48.80643,0.10802
48.82316,0.10889
48.83988,0.11439
48.8567,0.12178
48.87342,0.11019
48.89015,0.09962
48.90687,0.0837
48.92359,0.07255
48.94032,0.06864
48.95704,0.06241
48.97376,0.06255
48.99048,0.06038
49.00731,0.06053
49.02403,0.06183
49.04075,0.06111
49.05748,0.05459
49.0742,0.04778
49.09092,0.05416
49.10764,0.04822
49.12437,0.04692
49.14109,0.05068
49.15791,0.05184
49.17464,0.04923
49.19136,0.05025
49.20808,0.04619
49.22481,0.04909
49.24153,0.04996
49.25825,0.04518
49.27497,0.04474
49.2917,0.0459
49.30852,0.04387
49.32524,0.04721
49.34197,0.04894
49.35869,0.05517
49.37541,0.05169
49.39214,0.04996
49.40886,0.05083
49.42558,0.05039
49.44231,0.04822
49.45913,0.04532
49.47585,0.04735
49.49257,0.04503
49.5093,0.04315
49.52602,0.05054
49.54274,0.05242
49.55947,0.05083
49.57619,0.04721
49.59291,0.04214
49.60974,0.04185
49.62646,0.04634
49.64318,0.04069
49.65991,0.04243
49.67663,0.04199
49.69335,0.04083
49.71008,0.0417
49.7268,0.04359
49.74352,0.04199
49.76035,0.04749
49.77707,0.0488
49.79379,0.04445
49.81052,0.04359
49.82724,0.04359
49.84396,0.04098
49.86069,0.04619
49.87741,0.03939
49.89413,0.04301
49.91096,0.04243
49.92768,0.04301
49.9444,0.04749
49.96113,0.04634
49.97785,0.04561
49.99457,0.04445
50.0113,0.04083
50.02802,0.04387
50.04474,0.04214
50.06157,0.04489
50.07829,0.04214
50.09501,0.04243
50.11174,0.04605
50.12846,0.03982
50.14518,0.04749
50.16191,0.04923
50.17863,0.05083
50.19545,0.05213
50.21218,0.05531
50.2289,0.05864
50.24562,0.04894
50.26235,0.05097
50.27907,0.04967
50.29579,0.04967
50.31252,0.04778
50.32924,0.05618
50.34606,0.05256
50.36279,0.05039
50.37951,0.0459
50.39623,0.04692
50.41296,0.05039
50.42968,0.04735
50.4464,0.04706
50.46313,0.04243
50.47985,0.04127
50.49668,0.04967
50.5134,0.04721
50.53012,0.04185
50.54685,0.04721
50.56357,0.04243
50.58029,0.04199
50.59702,0.04098
50.61374,0.04445
50.63046,0.04257
50.64729,0.04141
50.66401,0.04605
50.68074,0.04387
50.69746,0.04344
50.71418,0.03866
50.73091,0.04083
50.74763,0.04127
50.76435,0.03852
50.78108,0.04127
50.7979,0.04141
50.81462,0.04127
50.83135,0.04793
50.84807,0.04025
50.8648,0.04199
50.88152,0.04373
50.89824,0.04605
50.91497,0.04692
50.93169,0.04547
50.94851,0.04938
50.96524,0.05705
50.98196,0.0572
50.99869,0.0556
51.01541,0.05951
51.03213,0.06183
51.04886,0.05155
51.06558,0.04996
51.0823,0.05387
51.09913,0.05054
51.11585,0.05647
51.13258,0.05343
51.1493,0.05256
51.16602,0.04909
51.18275,0.04605
51.19947,0.04793
51.2162,0.03707
51.23292,0.03982
51.24974,0.03866
51.26647,0.03982
51.28319,0.03852
51.29992,0.0349
51.31664,0.03953
51.33336,0.03692
51.35009,0.04156
51.36681,0.03606
51.38363,0.03968
51.40036,0.04011
51.41708,0.03562
51.43381,0.04185
51.45053,0.03997
51.46725,0.03866
51.48398,0.03794
51.5007,0.04054
51.51743,0.03794
51.53425,0.04011
51.55097,0.03345
51.5677,0.03461
51.58442,0.03852
51.60115,0.03895
51.61787,0.03707
51.63459,0.04156
51.65132,0.03895
51.66804,0.03881
51.68487,0.03823
51.70159,0.03678
51.71832,0.04069
51.73504,0.03823
51.75176,0.03721
51.76849,0.03866
51.78521,0.03881
51.80194,0.04228
51.81866,0.04257
51.83548,0.03837
51.85221,0.03866
51.86893,0.04185
51.88566,0.03779
51.90238,0.03808
51.9191,0.04069
51.93583,0.03794
51.95255,0.0375
51.96928,0.04083
51.9861,0.03663
52.00283,0.04112
52.01955,0.04185
52.03627,0.03765
52.053,0.03808
52.06972,0.0404
52.08645,0.03794
52.10317,0.03968
52.1199,0.03721
52.13672,0.04257
52.15344,0.04069
52.17017,0.04532
52.18689,0.04112
52.20362,0.04112
52.22034,0.03997
52.23707,0.03895
52.25379,0.03765
52.27051,0.04359
52.28734,0.03852
52.30406,0.04069
52.32079,0.03866
52.33751,0.03707
52.35424,0.04243
52.37096,0.04098
52.38768,0.03779
52.40441,0.0375
52.42113,0.04416
52.43796,0.04272
52.45468,0.03982
52.47141,0.03895
52.48813,0.04011
52.50486,0.0404
52.52158,0.04069
52.5383,0.04692
52.55503,0.04402
52.57185,0.04836
52.58858,0.04648
52.6053,0.04764
52.62203,0.05155
52.63875,0.05691
52.65548,0.05314
52.6722,0.05184
52.68892,0.05502
52.70565,0.05604
52.72247,0.06038
52.7392,0.0585
52.75592,0.05792
52.77265,0.05937
52.78937,0.05893
52.8061,0.05416
52.82282,0.05474
52.83955,0.0572
52.85627,0.05966
52.87309,0.05329
52.88982,0.04923
52.90654,0.04749
52.92327,0.0446
52.93999,0.04721
52.95672,0.04634
52.97344,0.04663
52.99017,0.04692
53.00689,0.04185
53.02372,0.04257
53.04044,0.03895
53.05717,0.04692
53.07389,0.04518
53.09061,0.0433
53.10734,0.04214
53.12406,0.0446
53.14079,0.04228
53.15751,0.04445
53.17434,0.04301
53.19106,0.03982
53.20779,0.04069
53.22451,0.03765
53.24124,0.04228
53.25796,0.04576
53.27469,0.04199
53.29141,0.04243
53.30814,0.04199
53.32496,0.03663
53.34169,0.04083
53.35841,0.04069
53.37514,0.04156
53.39186,0.04011
53.40858,0.04474
53.42531,0.04112
53.44203,0.04083
53.45876,0.03953
53.47558,0.04112
53.49231,0.04243
53.50903,0.04547
53.52576,0.04257
53.54248,0.03794
53.55921,0.03982
53.57593,0.04025
53.59266,0.03881
53.60948,0.04141
53.62621,0.03519
53.64293,0.03953
53.65966,0.03866
53.67638,0.04431
53.69311,0.03968
53.70983,0.04025
53.72656,0.04373
53.74328,0.04735
53.76011,0.04518
53.77683,0.04764
53.79356,0.04822
53.81028,0.0572
53.82701,0.05271
53.84373,0.0514
53.86046,0.0514
53.87718,0.04981
53.89391,0.04938
53.91073,0.04503
53.92746,0.04634
53.94418,0.04416
53.96091,0.03968
53.97763,0.04894
53.99436,0.04272
54.01108,0.04416
54.02781,0.04938
54.04453,0.03939
54.06136,0.03997
54.07808,0.03736
54.09481,0.03982
54.11153,0.04069
54.12826,0.03939
54.14498,0.03837
54.16171,0.0433
54.17843,0.03852
54.19516,0.03273
54.21198,0.04127
54.22871,0.04445
54.24543,0.0446
54.26216,0.0433
54.27889,0.04489
54.29561,0.04576
54.31234,0.04836
54.32906,0.05054
54.34579,0.05807
54.36261,0.06038
54.37934,0.05749
54.39606,0.05633
54.41279,0.05951
54.42951,0.06342
54.44624,0.05749
54.46296,0.06226
54.47969,0.06284
54.49641,0.06067
54.51324,0.0556
54.52996,0.06111
54.54669,0.05893
54.56341,0.06415
54.58014,0.06212
54.59686,0.06617
54.61359,0.06516
54.63032,0.06299
54.64704,0.06183
54.66387,0.06067
54.68059,0.06531
54.69732,0.06936
54.71404,0.06864
54.73077,0.07776
54.74749,0.0711
54.76422,0.07399
54.78094,0.07703
54.79767,0.07153
54.81449,0.07139
54.83122,0.07052
54.84795,0.06603
54.86467,0.07689
54.8814,0.0711
54.89812,0.08268
54.91485,0.07935
54.93157,0.07848
54.9484,0.08326
54.96512,0.07761
54.98185,0.08818
54.99857,0.07863
55.0153,0.07631
55.03203,0.07298
55.04875,0.06864
55.06548,0.06632
55.0822,0.06299
55.09903,0.06965
55.11575,0.06675
55.13248,0.06922
55.1492,0.06516
55.16593,0.06429
55.18266,0.06733
55.19938,0.06096
55.21611,0.06125
55.23283,0.06516
55.24966,0.05821
55.26638,0.05618
55.28311,0.06226
55.29983,0.0543
55.31656,0.05676
55.33329,0.05995
55.35001,0.06053
55.36674,0.06429
55.38346,0.06675
55.40029,0.07066
55.41701,0.07457
55.43374,0.08891
55.45047,0.0947
55.46719,0.09282
55.48392,0.08152
55.50064,0.07414
55.51737,0.06473
55.53409,0.06979
55.55092,0.07197
55.56765,0.07153
55.58437,0.07718
55.6011,0.07964
55.61782,0.08833
55.63455,0.08804
55.65127,0.08833
55.668,0.08862
55.68473,0.09021
55.70155,0.09383
55.71828,0.08456
55.735,0.07037
55.75173,0.0737
55.76845,0.06632
55.78518,0.06342
55.80191,0.06198
55.81863,0.06415
55.83546,0.06531
55.85218,0.06719
55.86891,0.06733
55.88564,0.05908
55.90236,0.0572
55.91909,0.05749
55.93581,0.05995
55.95254,0.05401
55.96927,0.04778
55.98609,0.05372
56.00282,0.05329
56.01954,0.05097
56.03627,0.04764
56.05299,0.04677
56.06972,0.05227
56.08645,0.04648
56.10317,0.04359
56.1199,0.04793
56.13672,0.04706
56.15345,0.04822
56.17018,0.05256
56.1869,0.05126
56.20363,0.04793
56.22035,0.05227
56.23708,0.05155
56.25381,0.05502
56.27053,0.05778
56.28736,0.06169
56.30408,0.06328
56.32081,0.06849
56.33754,0.07399
56.35426,0.07312
56.37099,0.07834
56.38771,0.08746
56.40444,0.08732
56.42117,0.096
56.43799,0.09151
56.45472,0.08978
56.47145,0.08616
56.48817,0.09629
56.5049,0.08297
56.52162,0.07732
56.53835,0.07732
56.55508,0.0766
56.5718,0.07703
56.58863,0.07617
56.60535,0.0711
56.62208,0.07168
56.63881,0.06255
56.65553,0.06226
56.67226,0.05271
56.68899,0.06226
56.70571,0.0556
56.72244,0.05459
56.73926,0.05111
56.75599,0.04865
56.77272,0.04967
56.78944,0.04518
56.80617,0.04721
56.8229,0.04214
56.83962,0.04619
56.85635,0.04894
56.87307,0.04663
56.8899,0.04634
56.90663,0.04387
56.92335,0.04445
56.94008,0.0446
56.95681,0.04489
56.97353,0.04402
56.99026,0.04764
57.00698,0.03823
57.02371,0.04431
57.04054,0.04547
57.05726,0.04272
57.07399,0.04344
57.09072,0.04156
57.10744,0.04576
57.12417,0.0459
57.1409,0.04721
57.15762,0.04561
57.17445,0.04967
57.19117,0.04807
57.2079,0.04967
57.22463,0.04663
57.24135,0.04836
57.25808,0.04894
57.27481,0.06082
57.29153,0.05662
57.30826,0.06255
57.32509,0.06328
57.34181,0.06719
57.35854,0.07921
57.37527,0.08659
57.39199,0.09861
57.40872,0.10773
57.42545,0.11323
57.44217,0.12844
57.4589,0.12989
57.47572,0.12858
57.49245,0.12337
57.50918,0.11743
57.5259,0.12091
57.54263,0.11266
57.55936,0.11309
57.57608,0.10556
57.59281,0.11222
57.60954,0.12482
57.62636,0.12352
57.64309,0.11628
57.65982,0.11743
57.67654,0.11352
57.69327,0.10657
57.71,0.09933
57.72672,0.09224
57.74345,0.08312
57.76018,0.07834
57.777,0.07573
57.79373,0.06965
57.81046,0.07269
57.82718,0.07486
57.84391,0.08239
57.86064,0.07211
57.87736,0.07008
57.89409,0.06429
57.91082,0.06835
57.92764,0.06284
57.94437,0.05966
57.9611,0.06574
57.97782,0.06415
57.99455,0.06965
58.01128,0.07008
58.028,0.07081
58.04473,0.07428
58.06156,0.07327
58.07828,0.07457
58.09501,0.07341
58.11174,0.07501
58.12846,0.07921
58.14519,0.08225
58.16192,0.08703
58.17865,0.08109
58.19537,0.07703
58.2122,0.06864
58.22893,0.07472
58.24565,0.06835
58.26238,0.0695
58.27911,0.0682
58.29583,0.06357
58.31256,0.06965
58.32929,0.07081
58.34601,0.07544
58.36284,0.06979
58.37957,0.07428
58.39629,0.07457
58.41302,0.07457
58.42975,0.0753
58.44648,0.07834
58.4632,0.07834
58.47993,0.07486
58.49666,0.08297
58.51348,0.08326
58.53021,0.08109
58.54694,0.08051
58.56366,0.09644
58.58039,0.09079
58.59712,0.09687
58.61385,0.08818
58.63057,0.09021
58.6473,0.07631
58.66413,0.07718
58.68085,0.0795
58.69758,0.07703
58.71431,0.0863
58.73103,0.08355
58.74776,0.085
58.76449,0.08934
58.78122,0.08181
58.79794,0.07153
58.81477,0.0695
58.8315,0.06835
58.84822,0.06907
58.86495,0.06806
58.88168,0.07066
58.89841,0.06907
58.91513,0.0724
58.93186,0.07284
58.94859,0.07964
58.96541,0.07559
58.98214,0.0766
58.99887,0.08254
59.0156,0.08674
59.03232,0.09325
59.04905,0.09108
59.06578,0.10237
59.0825,0.10802
59.09923,0.10571
59.11606,0.10976
59.13279,0.10455
59.14951,0.09485
59.16624,0.08529
59.18297,0.08312
59.19969,0.08051
59.21642,0.08456
59.23315,0.07921
59.24988,0.07573
59.2667,0.08384
59.28343,0.07993
59.30016,0.07747
59.31689,0.0753
59.33361,0.06907
59.35034,0.06473
59.36707,0.05691
59.3838,0.05807
59.40062,0.05995
59.41735,0.05401
59.43408,0.05184
59.4508,0.05343
59.46753,0.04981
59.48426,0.05821
59.50099,0.05836
59.51771,0.05864
59.53444,0.05647
59.55127,0.05821
59.568,0.06342
59.58472,0.06458
59.60145,0.06299
59.61818,0.06053
59.63491,0.05763
59.65163,0.05459
59.66836,0.05445
59.68509,0.05662
59.70192,0.05184
59.71864,0.0585
59.73537,0.05893
59.7521,0.05821
59.76883,0.05778
59.78555,0.05807
59.80228,0.06241
59.81901,0.07052
59.83574,0.06675
59.85256,0.06907
59.86929,0.07226
59.88602,0.07226
59.90275,0.08268
59.91947,0.08674
59.9362,0.08963
59.95293,0.09658
59.96966,0.10585
59.98638,0.10426
60.00321,0.10165
60.01994,0.09267
60.03667,0.09398
60.05339,0.09224
60.07012,0.09948
60.08685,0.10411
60.10358,0.10672
60.1203,0.12134
60.13703,0.12815
60.15386,0.13553
60.17059,0.13756
60.18732,0.1406
60.20404,0.1406
60.22077,0.1393
60.2375,0.13756
60.25423,0.13134
60.27095,0.13409
60.28768,0.13061
60.30451,0.12511
60.32124,0.11743
60.33796,0.11613
60.35469,0.11816
60.37142,0.11454
60.38815,0.10715
60.40488,0.10599
60.4216,0.10122
60.43843,0.09571
60.45516,0.09542
60.47189,0.09673
60.48861,0.09209
60.50534,0.07776
60.52207,0.08109
60.5388,0.0779
60.55553,0.06646
60.57225,0.06632
60.58908,0.06762
60.60581,0.06386
60.62254,0.06965
60.63926,0.06979
60.65599,0.06458
60.67272,0.07414
60.68945,0.06835
60.70618,0.07631
60.7229,0.08297
60.73973,0.07906
60.75646,0.07993
60.77319,0.0724
60.78992,0.06617
60.80664,0.06936
60.82337,0.0656
60.8401,0.06183
60.85683,0.06531
60.87355,0.06516
60.89038,0.0669
60.90711,0.06487
60.92384,0.06328
60.94057,0.06371
60.95729,0.05763
60.97402,0.05445
60.99075,0.04865
61.00748,0.05459
61.02421,0.05676
61.04103,0.053
61.05776,0.05126
61.07449,0.05213
61.09122,0.04851
61.10795,0.04532
61.12467,0.04619
61.1414,0.05169
61.15813,0.05474
61.17486,0.04967
61.19169,0.05502
61.20842,0.05401
61.22514,0.04894
61.24187,0.04576
61.2586,0.04735
61.27533,0.0488
61.29206,0.04865
61.30878,0.04373
61.32551,0.04894
61.34234,0.05169
61.35907,0.0488
61.3758,0.05025
61.39252,0.05083
61.40925,0.04721
61.42598,0.04619
61.44271,0.05068
61.45944,0.05025
61.47617,0.04503
61.49299,0.05285
61.50972,0.05198
61.52645,0.05372
61.54318,0.05155
61.55991,0.0514
61.57663,0.04851
61.59336,0.05039
61.61009,0.05039
61.62682,0.04083
61.64365,0.04793
61.66038,0.05474
61.6771,0.04909
61.69383,0.05488
61.71056,0.05155
61.72729,0.04706
61.74402,0.05184
61.76075,0.04532
61.77757,0.0417
61.7943,0.04214
61.81103,0.04503
61.82776,0.04054
61.84449,0.03939
61.86122,0.04243
61.87794,0.04315
61.89467,0.04532
61.9114,0.0446
61.92813,0.03968
61.94496,0.04445
61.96169,0.04619
61.97841,0.04663
61.99514,0.04663
62.01187,0.04402
62.0286,0.04692
62.04533,0.04373
62.06206,0.04605
62.07889,0.04967
62.09561,0.04547
62.11234,0.04923
62.12907,0.05459
62.1458,0.05792
62.16253,0.05908
62.17926,0.06516
62.19598,0.06502
62.21271,0.06284
62.22954,0.06516
62.24627,0.06169
62.263,0.0543
62.27973,0.05502
62.29646,0.05734
62.31318,0.06328
62.32991,0.05792
62.34664,0.05995
62.36337,0.06313
62.3802,0.06357
62.39693,0.06328
62.41366,0.06907
62.43038,0.06038
62.44711,0.06936
62.46384,0.06936
62.48057,0.07269
62.4973,0.08152
62.51403,0.08297
62.53086,0.10252
62.54758,0.11106
62.56431,0.11555
62.58104,0.13568
62.59777,0.13771
62.6145,0.13727
62.63123,0.1338
62.64796,0.12685
62.66468,0.12236
62.68151,0.12033
62.69824,0.10643
62.71497,0.11758
62.7317,0.1157
62.74843,0.11584
62.76516,0.10947
62.78189,0.10889
62.79861,0.11251
62.81534,0.11787
62.83217,0.09948
62.8489,0.08746
62.86563,0.07935
62.88236,0.08008
62.89909,0.07718
62.91582,0.07023
62.93254,0.07182
62.94927,0.07428
62.966,0.07385
62.98283,0.0695
62.99956,0.06675
63.01629,0.07747
63.03302,0.07544
63.04975,0.07139
63.06647,0.07486
63.0832,0.07544
63.09993,0.07776
63.11676,0.07805
63.13349,0.08181
63.15022,0.09021
63.16695,0.09658
63.18368,0.1018
63.20041,0.10324
63.21713,0.10455
63.23386,0.10223
63.25059,0.10064
63.26742,0.09238
63.28415,0.0837
63.30088,0.07197
63.31761,0.07834
63.33434,0.07747
63.35107,0.07877
63.3678,0.07414
63.38452,0.07602
63.40125,0.07732
63.41808,0.06835
63.43481,0.06748
63.45154,0.06849
63.46827,0.06241
63.485,0.06342
63.50173,0.05705
63.51846,0.05604
63.53519,0.05488
63.55191,0.05763
63.56874,0.05416
63.58547,0.05647
63.6022,0.053
63.61893,0.04996
63.63566,0.05198
63.65239,0.04981
63.66912,0.05227
63.68585,0.05198
63.70258,0.04923
63.71941,0.05343
63.73613,0.04981
63.75286,0.05387
63.76959,0.05416
63.78632,0.04967
63.80305,0.04561
63.81978,0.04692
63.83651,0.04315
63.85324,0.04677
63.87007,0.04416
63.8868,0.04228
63.90353,0.04619
63.92025,0.04301
63.93698,0.04112
63.95371,0.03837
63.97044,0.04359
63.98717,0.03895
64.0039,0.04083
64.02073,0.04228
64.03746,0.03823
64.05419,0.03359
64.07092,0.0404
64.08765,0.04112
64.10438,0.04185
64.12111,0.04445
64.13783,0.04344
64.15466,0.04373
64.17139,0.04315
64.18812,0.0446
64.20485,0.04141
64.22158,0.04431
64.23831,0.04547
64.25504,0.04749
64.27177,0.05054
64.2885,0.04561
64.30533,0.05068
64.32206,0.05155
64.33879,0.0488
64.35552,0.04735
64.37225,0.04865
64.38897,0.04416
64.4057,0.04663
64.42243,0.04373
64.43916,0.04807
64.45589,0.04518
64.47272,0.04865
64.48945,0.05126
64.50618,0.05242
64.52291,0.04894
64.53964,0.05184
64.55637,0.0501
64.5731,0.0459
64.58983,0.05401
64.60666,0.04764
64.62339,0.04749
64.64012,0.04923
64.65685,0.05343
64.67358,0.06864
64.6903,0.08152
64.70703,0.09528
64.72376,0.10151
64.74049,0.11237
64.75732,0.10237
64.77405,0.0808
64.79078,0.07153
64.80751,0.06675
64.82424,0.05387
64.84097,0.05372
64.8577,0.05459
64.87443,0.05908
64.89116,0.06936
64.90799,0.07139
64.92472,0.07023
64.94145,0.07877
64.95818,0.06313
64.97491,0.05734
64.99164,0.05575
65.00837,0.0459
65.0251,0.05111
65.04193,0.04561
65.05866,0.05676
65.07539,0.05807
65.09211,0.06024
65.10884,0.06386
65.12557,0.06502
65.1423,0.06473
65.15903,0.06082
65.17576,0.05387
65.19249,0.05387
65.20932,0.05039
65.22605,0.05083
65.24278,0.05242
65.25951,0.04952
65.27624,0.04721
65.29297,0.05372
65.3097,0.05343
65.32643,0.05531
65.34316,0.05256
65.35999,0.05213
65.37672,0.05111
65.39345,0.04634
65.41018,0.05169
65.42691,0.04706
65.44364,0.04967
65.46037,0.05097
65.4771,0.04127
65.49383,0.04344
65.51066,0.04735
65.52739,0.04561
65.54412,0.04503
65.56085,0.04706
65.57758,0.04532
65.59431,0.04532
65.61104,0.04445
65.62777,0.04431
65.6446,0.04416
65.66133,0.04387
65.67806,0.04112
65.69479,0.04228
65.71152,0.03895
65.72825,0.04185
65.74498,0.04286
65.76171,0.04692
65.77844,0.04141
65.79527,0.04561
65.812,0.04764
65.82873,0.04228
65.84546,0.03982
65.86219,0.04344
65.87892,0.03678
65.89565,0.04373
65.91238,0.04286
65.92911,0.04127
65.94594,0.04185
65.96267,0.04561
65.9794,0.04112
65.99613,0.0501
66.01286,0.05039
66.02959,0.04228
66.04632,0.03837
66.06305,0.04402
66.07978,0.04996
66.09661,0.04822
66.11334,0.04025
66.13007,0.04243
66.1468,0.04648
66.16353,0.04503
66.18026,0.05097
66.19699,0.05271
66.21372,0.04967
66.23045,0.04793
66.24728,0.04402
66.26401,0.04735
66.28074,0.04402
66.29747,0.04721
66.3142,0.04952
66.33093,0.04416
66.34766,0.04851
66.36439,0.04981
66.38122,0.04793
66.39795,0.04576
66.41468,0.04836
66.43141,0.05097
66.44814,0.0488
66.46487,0.05792
66.4816,0.05995
66.49833,0.06183
66.51506,0.05879
66.53179,0.06487
66.54862,0.05864
66.56535,0.05821
66.58208,0.05343
66.59881,0.05068
66.61554,0.04605
66.63227,0.04214
66.649,0.04359
66.66573,0.0446
66.68256,0.04807
66.69929,0.04648
66.71602,0.04735
66.73275,0.04518
66.74948,0.04909
66.76621,0.04648
66.78294,0.0417
66.79968,0.0433
66.81641,0.04387
66.83324,0.03881
66.84997,0.04228
66.8667,0.04315
66.88343,0.0417
66.90016,0.03953
66.91689,0.03721
66.93362,0.03939
66.95035,0.03678
66.96708,0.0404
66.98391,0.04083
67.00064,0.04619
67.01737,0.03881
67.0341,0.03895
67.05083,0.04083
67.06756,0.03866
67.08429,0.04069
67.10102,0.04127
67.11775,0.04156
67.13458,0.03997
67.15131,0.03794
67.16804,0.04214
67.18478,0.04011
67.20151,0.04156
67.21824,0.0433
67.23497,0.03953
67.2517,0.0459
67.26843,0.0488
67.28526,0.04561
67.30199,0.04735
67.31872,0.04836
67.33545,0.04634
67.35218,0.04359
67.36891,0.04445
67.38564,0.04272
67.40237,0.03866
67.4191,0.04474
67.43593,0.04547
67.45266,0.0433
67.46939,0.04503
67.48613,0.04387
67.50286,0.04489
67.51959,0.04069
67.53632,0.04011
67.55305,0.04243
67.56988,0.04344
67.58661,0.0391
67.60334,0.04069
67.62007,0.04069
67.6368,0.04199
67.65353,0.03968
67.67026,0.04214
67.68699,0.03852
67.70372,0.03692
67.72055,0.04634
67.73729,0.04257
67.75402,0.04431
67.77075,0.03577
67.78748,0.03533
67.80421,0.03968
67.82094,0.03548
67.83767,0.0391
67.8544,0.04243
67.87123,0.04301
67.88796,0.04098
67.90469,0.04402
67.92142,0.04489
67.93815,0.04619
67.95489,0.05039
67.97162,0.05604
67.98835,0.05343
68.00508,0.04996
68.02191,0.04952
68.03864,0.04503
68.05537,0.05039
68.0721,0.04836
68.08883,0.05054
68.10556,0.04677
68.12229,0.04387
68.13902,0.05184
68.15576,0.04807
68.17259,0.03968
68.18932,0.04474
68.20605,0.0433
68.22278,0.04532
68.23951,0.04359
68.25624,0.04503
68.27297,0.04112
68.2897,0.04373
68.30643,0.04199
68.32326,0.04112
68.34,0.0375
68.35673,0.03591
68.37346,0.03895
68.39019,0.03997
68.40692,0.03924
68.42365,0.03707
68.44038,0.03779
68.45711,0.03765
68.47394,0.03794
68.49067,0.03823
68.50741,0.03721
68.52414,0.04185
68.54087,0.04069
68.5576,0.03866
68.57433,0.03736
68.59106,0.03823
68.60779,0.03953
68.62462,0.03895
68.64135,0.03866
68.65808,0.0349
68.67482,0.03548
68.69155,0.03881
68.70828,0.03475
68.72501,0.0307
68.74174,0.03635
68.75847,0.03533
68.7753,0.03562
68.79203,0.03273
68.80876,0.03663
68.8255,0.03475
68.84223,0.03823
68.85896,0.03171
68.87569,0.03432
68.89242,0.03953
68.90925,0.03432
68.92598,0.03475
68.94271,0.03606
68.95945,0.03736
68.97618,0.0404
68.99291,0.03606
69.00964,0.0433
69.02637,0.04069
69.0431,0.04474
69.05993,0.04069
69.07666,0.03707
69.0934,0.03808
69.11013,0.04257
69.12686,0.04301
69.14359,0.03794
69.16032,0.0433
69.17705,0.04344
69.19378,0.03895
69.21061,0.04445
69.22735,0.04054
69.24408,0.04301
69.26081,0.04923
69.27754,0.04416
69.29427,0.05155
69.311,0.04706
69.32773,0.04981
69.34446,0.05242
69.3613,0.04721
69.37803,0.04619
69.39476,0.04735
69.41149,0.04127
69.42822,0.04445
69.44495,0.04648
69.46168,0.04402
69.47842,0.04344
69.49515,0.04561
69.51198,0.04257
69.52871,0.04083
69.54544,0.04272
69.56217,0.04807
69.5789,0.04677
69.59564,0.03924
69.61237,0.04127
69.6291,0.04721
69.64583,0.04359
69.66266,0.04387
69.67939,0.04474
69.69612,0.04778
69.71286,0.04851
69.72959,0.04561
69.74632,0.05242
69.76305,0.04359
69.77978,0.0433
69.79651,0.0459
69.81335,0.04257
69.83008,0.04663
69.84681,0.04315
69.86354,0.04387
69.88027,0.04083
69.897,0.0404
69.91373,0.04474
69.93047,0.04359
69.9472,0.04199
69.96403,0.04069
69.98076,0.0433
69.99749,0.04127
70.01422,0.04199
70.03096,0.03968
70.04769,0.04518
70.06442,0.04272
70.08115,0.04749
70.09798,0.04474
70.11471,0.04474
70.13145,0.04634
70.14818,0.04865
70.16491,0.04894
70.18164,0.04648
70.19837,0.05169
70.2151,0.05329
70.23184,0.0572
70.24867,0.05821
70.2654,0.05821
70.28213,0.05951
70.29886,0.0598
70.31559,0.05922
70.33233,0.05836
70.34906,0.05575
70.36579,0.0543
70.38252,0.05416
70.39935,0.05184
70.41608,0.05184
70.43282,0.05502
70.44955,0.05314
70.46628,0.05126
70.48301,0.04967
70.49974,0.05343
70.51648,0.04807
70.53321,0.04489
70.55004,0.04938
70.56677,0.04431
70.5835,0.04851
70.60023,0.04228
70.61697,0.03823
70.6337,0.0404
70.65043,0.04011
70.66716,0.03707
70.68389,0.04011
70.70073,0.03837
70.71746,0.03895
70.73419,0.03953
70.75092,0.03779
70.76765,0.03707
70.78439,0.03374
70.80112,0.04315
70.81785,0.03997
70.83468,0.03794
70.85141,0.03519
70.86815,0.03779
70.88488,0.0391
70.90161,0.04127
70.91834,0.03649
70.93507,0.03939
70.9518,0.03968
70.96854,0.03953
70.98527,0.03866
71.0021,0.03895
71.01883,0.03997
71.03557,0.04098
71.0523,0.0404
71.06903,0.0417
71.08576,0.03765
71.10249,0.04257
71.11923,0.04083
71.13596,0.03794
71.15279,0.04069
71.16952,0.03837
71.18625,0.0362
71.20299,0.04112
71.21972,0.04373
71.23645,0.03837
71.25318,0.04315
71.26991,0.04112
71.28665,0.0459
71.30348,0.0446
71.32021,0.04721
71.33694,0.04981
71.35367,0.05039
71.37041,0.05546
71.38714,0.05227
71.40387,0.05531
71.4206,0.05705
71.43734,0.05488
71.45417,0.05213
71.4709,0.04851
71.48763,0.04344
71.50436,0.04503
71.5211,0.04764
71.53783,0.04648
71.55456,0.04981
71.57129,0.04445
71.58813,0.04416
71.60486,0.04416
71.62159,0.04619
71.63832,0.04416
71.65505,0.04749
71.67179,0.0488
71.68852,0.04489
71.70525,0.04416
71.72198,0.04547
71.73882,0.04228
71.75555,0.04228
71.77228,0.0433
71.78901,0.04836
71.80574,0.04387
71.82248,0.03721
71.83921,0.04301
71.85594,0.0459
71.87267,0.04663
71.88951,0.05039
71.90624,0.0514
71.92297,0.05459
71.9397,0.05285
71.95644,0.05821
71.97317,0.06183
71.9899,0.06082
72.00663,0.05734
72.02337,0.05111
72.0402,0.05618
72.05693,0.05589
72.07366,0.05198
72.09039,0.05488
72.10713,0.04923
72.12386,0.05314
72.14059,0.05676
72.15732,0.05966
72.17406,0.05256
72.19089,0.05155
72.20762,0.0488
72.22435,0.05242
72.24109,0.05054
72.25782,0.04474
72.27455,0.0488
72.29128,0.04677
72.30802,0.04735
72.32475,0.04228
72.34158,0.0446
72.35831,0.04156
72.37505,0.04127
72.39178,0.04011
72.40851,0.0417
72.42524,0.04054
72.44198,0.0391
72.45871,0.04214
72.47554,0.04518
72.49227,0.04431
72.50901,0.03997
72.52574,0.04416
72.54247,0.03779
72.55921,0.03663
72.57594,0.04098
72.59267,0.03895
72.6094,0.03808
72.62624,0.0375
72.64297,0.03606
72.6597,0.04127
72.67643,0.03852
72.69317,0.04199
72.7099,0.03533
72.72663,0.03475
72.74336,0.04054
72.7601,0.04083
72.77693,0.0433
72.79366,0.04141
72.81039,0.04228
72.82713,0.04489
72.84386,0.05343
72.86059,0.05025
72.87733,0.05271
72.89406,0.053
72.91079,0.05198
72.92762,0.05372
72.94436,0.05039
72.96109,0.0585
72.97782,0.05821
72.99456,0.05488
73.01129,0.04996
73.02802,0.04648
73.04475,0.04503
73.06149,0.04981
73.07832,0.04996
73.09505,0.04764
73.11178,0.05213
73.12852,0.05083
73.14525,0.05271
73.16198,0.05068
73.17872,0.0459
73.19545,0.04199
73.21218,0.04634
73.22901,0.04359
73.24575,0.04445
73.26248,0.04387
73.27921,0.0417
73.29595,0.04286
73.31268,0.04634
73.32941,0.04112
73.34614,0.04605
73.36288,0.04344
73.37971,0.04228
73.39644,0.04445
73.41318,0.04098
73.42991,0.0488
73.44664,0.04749
73.46338,0.04807
73.48011,0.05155
73.49684,0.05589
73.51367,0.05502
73.53041,0.05879
73.54714,0.05285
73.56387,0.05111
73.58061,0.05068
73.59734,0.05242
73.61407,0.04735
73.6308,0.04894
73.64754,0.04749
73.66437,0.04923
73.6811,0.05329
73.69784,0.0433
73.71457,0.04764
73.7313,0.04952
73.74804,0.05488
73.76477,0.05474
73.7815,0.05184
73.79824,0.04981
73.81507,0.05705
73.8318,0.05111
73.84853,0.04257
73.86527,0.05445
73.882,0.05256
73.89873,0.05068
73.91547,0.0543
73.9322,0.05242
73.94893,0.05488
73.96577,0.05937
73.9825,0.06864
73.99923,0.06849
74.01597,0.06096
74.0327,0.06328
74.04943,0.0711
74.06617,0.06878
74.0829,0.06053
74.09963,0.06342
74.11647,0.06415
74.1332,0.0682
74.14993,0.07472
74.16666,0.0724
74.1834,0.07602
74.20013,0.07892
74.21686,0.06994
74.2336,0.07863
74.25033,0.07617
74.26716,0.07631
74.2839,0.07153
74.30063,0.07341
74.31736,0.07414
74.3341,0.0724
74.35083,0.06965
74.36756,0.0682
74.3843,0.06661
74.40103,0.07515
74.41786,0.06255
74.4346,0.06487
74.45133,0.06371
74.46806,0.06444
74.4848,0.06444
74.50153,0.06125
74.51826,0.06516
74.535,0.05488
74.55173,0.06169
74.56856,0.05763
74.5853,0.06183
74.60203,0.05691
74.61876,0.06241
74.6355,0.05517
74.65223,0.05604
74.66896,0.05705
74.6857,0.05169
74.70253,0.05054
74.71926,0.04996
74.736,0.04894
74.75273,0.05039
74.76946,0.05198
74.7862,0.05242
74.80293,0.05198
74.81966,0.05111
74.8364,0.05445
74.85313,0.04981
74.86997,0.05546
74.8867,0.04677
74.90343,0.04214
74.92017,0.04301
74.9369,0.04764
74.95363,0.04865
74.97037,0.03997
74.9871,0.04344
75.00393,0.04822
75.02067,0.03924
75.0374,0.04286
75.05413,0.04286
75.07087,0.04301
75.0876,0.04112
75.10433,0.04025
75.12107,0.04185
75.1378,0.03794
75.15464,0.04156
75.17137,0.04011
75.1881,0.04156
75.20484,0.04344
75.22157,0.04112
75.2383,0.03591
75.25504,0.03823
75.27177,0.04373
75.2885,0.03924
75.30534,0.03388
75.32207,0.03953
75.33881,0.03779
75.35554,0.03881
75.37227,0.03649
75.38901,0.03432
75.40574,0.03837
75.42247,0.03924
75.43921,0.03577
75.45604,0.03823
75.47278,0.03635
75.48951,0.03721
75.50624,0.0391
75.52298,0.03895
75.53971,0.03301
75.55644,0.04228
75.57318,0.04011
75.58991,0.03765
75.60675,0.03866
75.62348,0.0349
75.64021,0.032
75.65695,0.03635
75.67368,0.03649
75.69041,0.03721
75.70715,0.04054
75.72388,0.03663
75.74062,0.03953
75.75745,0.04054
75.77418,0.03606
75.79092,0.03721
75.80765,0.04011
75.82438,0.04025
75.84112,0.0404
75.85785,0.03808
75.87459,0.04112
75.89132,0.04402
75.90815,0.04359
75.92489,0.04749
75.94162,0.04156
75.95836,0.04185
75.97509,0.04069
75.99182,0.03939
76.00856,0.04315
76.02529,0.03881
76.04213,0.0433
76.05886,0.03765
76.07559,0.03808
76.09233,0.04373
76.10906,0.04634
76.12579,0.04185
76.14253,0.04619
76.15926,0.04214
76.176,0.04185
76.19283,0.04228
76.20956,0.04416
76.2263,0.04445
76.24303,0.04822
76.25977,0.04576
76.2765,0.05054
76.29323,0.05097
76.30997,0.05256
76.3267,0.05285
76.34354,0.06226
76.36027,0.05937
76.377,0.05647
76.39374,0.05387
76.41047,0.05604
76.42721,0.05256
76.44394,0.05343
76.46068,0.05169
76.47741,0.05039
76.49424,0.05705
76.51098,0.05531
76.52771,0.05531
76.54445,0.05474
76.56118,0.05589
76.57791,0.05256
76.59465,0.05271
76.61138,0.05502
76.62812,0.053
76.64495,0.05198
76.66168,0.05054
76.67842,0.05401
76.69515,0.04677
76.71189,0.04894
76.72862,0.04764
76.74536,0.05111
76.76209,0.04663
76.77892,0.04836
76.79566,0.04778
76.81239,0.04793
76.82913,0.04315
76.84586,0.04619
76.8626,0.04098
76.87933,0.04532
76.89606,0.04373
76.9128,0.03475
76.92953,0.03968
76.94637,0.03968
76.9631,0.04141
76.97983,0.0404
76.99657,0.0446
77.0133,0.04359
77.03004,0.04301
77.04677,0.04518
77.06351,0.04083
77.08024,0.0404
77.09708,0.04228
77.11381,0.04416
77.13054,0.04054
77.14728,0.04373
77.16401,0.03866
77.18075,0.04692
77.19748,0.03924
77.21422,0.0391
77.23095,0.03924
77.24778,0.04416
77.26452,0.03881
77.28125,0.04199
77.29799,0.03866
77.31472,0.0391
77.33146,0.03866
77.34819,0.04243
77.36492,0.04054
77.38176,0.03924
77.39849,0.04445
77.41523,0.04387
77.43196,0.0446
77.4487,0.04243
77.46543,0.04677
77.48217,0.04822
77.4989,0.04083
77.51563,0.04272
77.53247,0.04141
77.5492,0.04489
77.56594,0.04561
77.58267,0.04315
77.59941,0.04851
77.61614,0.05184
77.63288,0.05039
77.64961,0.05343
77.66635,0.04996
77.68318,0.05531
77.69991,0.04909
77.71665,0.04793
77.73338,0.04735
77.75012,0.04836
77.76685,0.05531
77.78359,0.05445
77.80032,0.06241
77.81706,0.06241
77.83389,0.08022
77.85063,0.09412
77.86736,0.11642
77.8841,0.14335
77.90083,0.14828
77.91756,0.14205
77.9343,0.12395
77.95103,0.0989
77.96787,0.08297
77.9846,0.0695
78.00134,0.06255
78.01807,0.06212
78.03481,0.0598
78.05154,0.0614
78.06828,0.06661
78.08501,0.07559
78.10175,0.08022
78.11848,0.09253
78.13532,0.08717
78.15205,0.09253
78.16878,0.08398
78.18552,0.0682
78.20225,0.05922
78.21899,0.05575
78.23572,0.0556
78.25246,0.04865
78.26929,0.04764
78.28603,0.04721
78.30276,0.05039
78.3195,0.04793
78.33623,0.04605
78.35297,0.04677
78.3697,0.04967
78.38644,0.04822
78.40317,0.05169
78.42001,0.04677
78.43674,0.0514
78.45348,0.04952
78.47021,0.04807
78.48695,0.04518
78.50368,0.05111
78.52041,0.04749
78.53715,0.04807
78.55388,0.0514
78.57072,0.05314
78.58745,0.05893
78.60419,0.05734
78.62092,0.06342
78.63766,0.06936
78.65439,0.06922
78.67113,0.06371
78.68786,0.05749
78.7046,0.05459
78.72143,0.0572
78.73817,0.05531
78.7549,0.05531
78.77164,0.04431
78.78837,0.05025
78.80511,0.05372
78.82184,0.05111
78.83858,0.05763
78.85531,0.06342
78.87215,0.06169
78.88888,0.06169
78.90562,0.06009
78.92235,0.05864
78.93909,0.05676
78.95582,0.05893
78.97256,0.0543
78.98929,0.05227
79.00603,0.05213
79.02286,0.05589
79.0396,0.0501
79.05633,0.04749
79.07307,0.04387
79.0898,0.0501
79.10654,0.04909
79.12327,0.04894
79.14001,0.05083
79.15684,0.04619
79.17358,0.04692
79.19031,0.04576
79.20705,0.04402
79.22378,0.0459
79.24052,0.04822
79.25725,0.04547
79.27399,0.04474
79.29072,0.04445
79.30746,0.04836
79.3243,0.04851
79.34103,0.0501
79.35777,0.0501
79.3745,0.05343
79.39124,0.05836
79.40797,0.0585
79.42471,0.05401
79.44144,0.05937
79.45828,0.05329
79.47501,0.06183
79.49175,0.0572
79.50848,0.05546
79.52522,0.0572
79.54195,0.0598
79.55869,0.06053
79.57542,0.06212
79.59216,0.06111
79.60899,0.05676
79.62573,0.05778
79.64246,0.06226
79.6592,0.05763
79.67593,0.05517
79.69267,0.05589
79.7094,0.05416
79.72614,0.05155
79.74288,0.04778
79.75971,0.04851
79.77645,0.04532
79.79318,0.04836
79.80992,0.05271
79.82665,0.04822
79.84339,0.05749
79.86012,0.05242
79.87686,0.05025
79.89359,0.04677
79.91043,0.04663
79.92716,0.04141
79.9439,0.03446
79.96063,0.04315
79.97737,0.04054
79.99411,0.04865
80.01084,0.04721
80.02758,0.04127
80.04431,0.04836
80.06115,0.04547
80.07788,0.04952
80.09462,0.04576
80.11135,0.04648
80.12809,0.04301
80.14482,0.04315
80.16156,0.04677
80.1783,0.04576
80.19503,0.04692
80.21187,0.04923
80.2286,0.0543
80.24534,0.04996
80.26207,0.05155
80.27881,0.05054
80.29554,0.05502
80.31228,0.06067
80.32901,0.06125
80.34575,0.06574
80.36259,0.06212
80.37932,0.05951
80.39606,0.06284
80.41279,0.05937
80.42953,0.0585
80.44626,0.05372
80.463,0.05401
80.47973,0.05589
80.49657,0.05155
80.51331,0.04851
80.53004,0.05589
80.54678,0.05517
80.56351,0.04634
80.58025,0.05097
80.59698,0.05387
80.61372,0.04692
80.63046,0.04677
80.64729,0.04692
80.66403,0.05126
80.68076,0.04634
80.6975,0.04518
80.71423,0.0433
80.73097,0.0446
80.7477,0.05097
80.76444,0.04286
80.78118,0.03953
80.79801,0.04127
80.81475,0.04127
80.83148,0.03953
80.84822,0.04228
80.86495,0.04532
80.88169,0.04778
80.89843,0.04272
80.91516,0.04923
80.9319,0.04359
80.94873,0.04822
80.96547,0.05083
80.9822,0.04619
80.99894,0.0488
81.01568,0.04373
81.03241,0.053
81.04915,0.05285
81.06588,0.05517
81.08262,0.05908
81.09946,0.05908
81.11619,0.05676
81.13293,0.05922
81.14966,0.06574
81.1664,0.06704
81.18313,0.06255
81.19987,0.0627
81.21661,0.064
81.23334,0.06502
81.25018,0.05879
81.26691,0.06342
81.28365,0.05025
81.30039,0.0572
81.31712,0.05734
81.33386,0.05951
81.35059,0.06009
81.36733,0.05502
81.38406,0.05966
81.4009,0.06125
81.41764,0.05256
81.43437,0.05763
81.45111,0.05966
81.46784,0.06053
81.48458,0.05676
81.50132,0.05691
81.51805,0.06299
81.53479,0.05836
81.55162,0.05184
81.56836,0.05792
81.5851,0.05676
81.60183,0.05329
81.61857,0.04605
81.6353,0.05705
81.65204,0.05227
81.66878,0.0501
81.68551,0.04692
81.70235,0.05517
81.71908,0.04894
81.73582,0.05227
81.75256,0.05358
81.76929,0.053
81.78603,0.05705
81.80276,0.05459
81.8195,0.05083
81.83624,0.04865
81.85307,0.04981
81.86981,0.0501
81.88654,0.04503
81.90328,0.04663
81.92002,0.04822
81.93675,0.05126
81.95349,0.04967
81.97022,0.05416
81.98696,0.05169
82.0038,0.05184
82.02053,0.05184
82.03727,0.05517
82.05401,0.05343
82.07074,0.04547
82.08748,0.05416
82.10421,0.05488
82.12095,0.05749
82.13769,0.05691
82.15452,0.05633
82.17126,0.06067
82.18799,0.05604
82.20473,0.05647
82.22147,0.05242
82.2382,0.05198
82.25494,0.06009
82.27168,0.05908
82.28851,0.0585
82.30525,0.05749
82.32198,0.05749
82.33872,0.06183
82.35546,0.05618
82.37219,0.05893
82.38893,0.05836
82.40567,0.05474
82.4224,0.06458
82.43924,0.05517
82.45597,0.06748
82.47271,0.06719
82.48945,0.06646
82.50618,0.06516
82.52292,0.06444
82.53966,0.06444
82.55639,0.06719
82.57313,0.06632
82.58996,0.06067
82.6067,0.0669
82.62344,0.06603
82.64017,0.05937
82.65691,0.06516
82.67365,0.06082
82.69038,0.0543
82.70712,0.06038
82.72386,0.05893
82.74069,0.05502
82.75743,0.0614
82.77416,0.05807
82.7909,0.0556
82.80764,0.05647
82.82437,0.05589
82.84111,0.04909
82.85785,0.04909
82.87468,0.05285
82.89142,0.0543
82.90816,0.0488
82.92489,0.04967
82.94163,0.04692
82.95837,0.04416
82.9751,0.04749
82.99184,0.04011
83.00857,0.04359
83.02531,0.04344
83.04215,0.04981
83.05888,0.04778
83.07562,0.04836
83.09236,0.04938
83.10909,0.04764
83.12583,0.05025
83.14257,0.04663
83.1593,0.04793
83.17614,0.05387
83.19288,0.0514
83.20961,0.04518
83.22635,0.04431
83.24309,0.03736
83.25982,0.03823
83.27656,0.04112
83.2933,0.04489
83.31003,0.03968
83.32687,0.04677
83.34361,0.0417
83.36034,0.04489
83.37708,0.05054
83.39382,0.04416
83.41055,0.04663
83.42729,0.04648
83.44403,0.04416
83.46076,0.04387
83.4776,0.04851
83.49434,0.04445
83.51107,0.04402
83.52781,0.04663
83.54455,0.04344
83.56128,0.04605
83.57802,0.04648
83.59476,0.04011
83.61149,0.04344
83.62833,0.04981
83.64507,0.04518
83.6618,0.04445
83.67854,0.04011
83.69528,0.04141
83.71201,0.04127
83.72875,0.04387
83.74549,0.0488
83.76222,0.04112
83.77906,0.03663
83.7958,0.03866
83.81253,0.03881
83.82927,0.03519
83.84601,0.04141
83.86274,0.03866
83.87948,0.04098
83.89622,0.03765
83.91295,0.03591
83.92979,0.03606
83.94653,0.03606
83.96326,0.03606
83.98,0.03895
83.99674,0.03692
84.01347,0.03779
84.03021,0.0404
84.04695,0.03663
84.06379,0.03316
84.08052,0.03301
84.09726,0.03388
84.114,0.03403
84.13073,0.0433
84.14747,0.03736
84.16421,0.03852
84.18094,0.04214
84.19768,0.04156
84.21452,0.03881
84.23125,0.03982
84.24799,0.04069
84.26473,0.03939
84.28146,0.03895
84.2982,0.04025
84.31494,0.04199
84.33168,0.04807
84.34841,0.05271
84.36525,0.04634
84.38199,0.04489
84.39872,0.04387
84.41546,0.04416
84.4322,0.04214
84.44893,0.04141
84.46567,0.04185
84.48241,0.04518
84.49915,0.03852
84.51598,0.04025
84.53272,0.03635
84.54946,0.03808
84.56619,0.03953
84.58293,0.04199
84.59967,0.04083
84.6164,0.03982
84.63314,0.04228
84.64988,0.03866
84.66672,0.04185
84.68345,0.04098
84.70019,0.04083
84.71693,0.03968
84.73366,0.03504
84.7504,0.0404
84.76714,0.03982
84.78388,0.03707
84.80061,0.03359
84.81745,0.03215
84.83419,0.03794
84.85092,0.03881
84.86766,0.03707
84.8844,0.0375
84.90114,0.03345
84.91787,0.03606
84.93461,0.03244
84.95135,0.03215
84.96818,0.03533
84.98492,0.03258
85.00166,0.03359
85.0184,0.03591
85.03513,0.04199
85.05187,0.03461
85.06861,0.03417
85.08534,0.03374
85.10208,0.03084
85.11892,0.03244
85.13566,0.03113
85.15239,0.0349
85.16913,0.03548
85.18587,0.03273
85.20261,0.0349
85.21934,0.0333
85.23608,0.03577
85.25282,0.03562
85.26965,0.03765
85.28639,0.03041
85.30313,0.03504
85.31987,0.03084
85.3366,0.03113
85.35334,0.0307
85.37008,0.03157
85.38682,0.02939
85.40355,0.03403
85.42039,0.03577
85.43713,0.03113
85.45386,0.03577
85.4706,0.03186
85.48734,0.03041
85.50408,0.03258
85.52081,0.03316
85.53755,0.032
85.55439,0.0333
85.57113,0.03345
85.58786,0.03215
85.6046,0.03186
85.62134,0.03403
85.63808,0.03721
85.65481,0.03533
85.67155,0.03519
85.68829,0.03721
85.70513,0.03258
85.72186,0.03374
85.7386,0.03128
85.75534,0.02954
85.77208,0.03417
85.78881,0.03866
85.80555,0.0307
85.82229,0.03229
85.83903,0.03359
85.85586,0.03273
85.8726,0.03258
85.88934,0.03446
85.90608,0.03417
85.92281,0.03287
85.93955,0.03128
85.95629,0.03301
85.97303,0.03128
85.98976,0.03446
86.0066,0.03417
86.02334,0.03417
86.04008,0.03374
86.05681,0.03548
86.07355,0.04083
86.09029,0.03997
86.10703,0.03606
86.12376,0.03519
86.1405,0.04069
86.15734,0.03765
86.17408,0.03635
86.19081,0.03388
86.20755,0.03171
86.22429,0.03244
86.24103,0.03562
86.25776,0.03229
86.2745,0.03635
86.29124,0.03707
86.30808,0.03388
86.32481,0.03475
86.34155,0.03591
86.35829,0.03924
86.37503,0.03866
86.39177,0.03388
86.4085,0.03548
86.42524,0.03721
86.44198,0.03244
86.45882,0.0362
86.47555,0.03403
86.49229,0.03548
86.50903,0.03663
86.52577,0.03446
86.5425,0.03562
86.55924,0.03374
86.57598,0.03635
86.59282,0.03707
86.60956,0.03273
86.62629,0.03345
86.64303,0.03982
86.65977,0.0349
86.67651,0.03388
86.69324,0.03692
86.70998,0.03562
86.72672,0.0349
86.74356,0.03157
86.7603,0.0362
86.77703,0.03374
86.79377,0.03837
86.81051,0.04069
86.82725,0.0404
86.84398,0.04243
86.86072,0.0459
86.87746,0.04807
86.8943,0.04228
86.91104,0.04764
86.92777,0.04764
86.94451,0.04807
86.96125,0.04692
86.97799,0.04344
86.99473,0.04098
87.01146,0.04359
87.0282,0.04518
87.04504,0.04083
87.06178,0.04199
87.07852,0.04199
87.09525,0.04286
87.11199,0.04112
87.12873,0.04445
87.14547,0.04083
87.1622,0.0446
87.17894,0.04127
87.19578,0.04648
87.21252,0.04735
87.22926,0.04836
87.24599,0.04836
87.26273,0.0446
87.27947,0.04807
87.29621,0.04532
87.31295,0.04909
87.32968,0.04445
87.34652,0.04431
87.36326,0.03939
87.38,0.04359
87.39674,0.03997
87.41347,0.04416
87.43021,0.04793
87.44695,0.04199
87.46369,0.04228
87.48043,0.04721
87.49726,0.04793
87.514,0.04286
87.53074,0.03953
87.54748,0.03982
87.56422,0.04199
87.58096,0.04083
87.59769,0.04025
87.61443,0.0417
87.63117,0.03881
87.64801,0.04185
87.66475,0.03808
87.68148,0.04344
87.69822,0.03939
87.71496,0.04344
87.7317,0.04243
87.74844,0.04373
87.76517,0.04199
87.78191,0.04402
87.79875,0.03953
87.81549,0.04315
87.83223,0.04025
87.84897,0.03765
87.8657,0.04214
87.88244,0.03808
87.89918,0.04547
87.91592,0.04518
87.93276,0.0446
87.94949,0.04373
87.96623,0.04634
87.98297,0.04648
87.99971,0.04605
88.01645,0.04083
88.03319,0.04445
88.04992,0.04648
88.06666,0.0459
88.0835,0.03707
88.10024,0.04156
88.11698,0.04054
88.13372,0.0446
88.15045,0.03982
88.16719,0.04721
88.18393,0.04518
88.20067,0.04416
88.21741,0.04764
88.23424,0.03982
88.25098,0.03953
88.26772,0.04431
88.28446,0.04474
88.3012,0.04127
88.31794,0.04518
88.33467,0.04112
88.35141,0.04069
88.36815,0.04141
88.38499,0.03707
88.40173,0.03837
88.41847,0.04011
88.4352,0.03721
88.45194,0.03591
88.46868,0.03663
88.48542,0.03997
88.50216,0.03968
88.5189,0.03606
88.53574,0.03924
88.55247,0.0362
88.56921,0.03475
88.58595,0.03721
88.60269,0.03316
88.61943,0.03461
88.63617,0.03635
88.6529,0.03808
88.66964,0.04069
88.68648,0.03591
88.70322,0.03721
88.71996,0.03591
88.7367,0.03692
88.75344,0.03794
88.77017,0.0333
88.78691,0.03649
88.80365,0.03591
88.82039,0.03721
88.83723,0.0362
88.85397,0.03113
88.8707,0.03939
88.88744,0.03895
88.90418,0.03345
88.92092,0.03519
88.93766,0.03663
88.9544,0.03388
88.97114,0.03301
88.98797,0.03475
89.00471,0.03533
89.02145,0.0333
89.03819,0.03128
89.05493,0.03461
89.07167,0.03519
89.08841,0.03577
89.10514,0.0349
89.12198,0.03287
89.13872,0.03099
89.15546,0.0349
89.1722,0.0362
89.18894,0.03157
89.20568,0.03359
89.22242,0.03446
89.23915,0.03186
89.25589,0.03273
89.27273,0.03128
89.28947,0.02896
89.30621,0.03519
89.32295,0.032
89.33969,0.03432
89.35642,0.02853
89.37316,0.03388
89.3899,0.03808
89.40664,0.03388
89.42348,0.03736
89.44022,0.02968
89.45696,0.03736
89.4737,0.03765
89.49043,0.03374
89.50717,0.03562
89.52391,0.03548
89.54065,0.03388
89.55739,0.03475
89.57423,0.03533
89.59097,0.03852
89.60771,0.03099
89.62444,0.03562
89.64118,0.03837
89.65792,0.03113
89.67466,0.03808
89.6914,0.03504
89.70824,0.03939
89.72498,0.03519