2.0000 7091.1900
2.0100 7247.3825
2.0200 7221.0100
2.0300 7173.4725
2.0400 7363.0450
2.0500 7416.6675
2.0600 7291.7850
2.0700 7144.4575
2.0800 7248.7475
2.0900 7164.1775
2.1000 7236.0825
2.1100 7247.3825
2.1200 7200.6625
2.1300 7179.3800
2.1400 7233.7550
2.1500 7266.1500
2.1600 7380.1425
2.1700 7434.8125
2.1800 7545.8575
2.1900 7602.1875
2.2000 7600.8275
2.2100 7530.6650
2.2200 7873.3575
2.2300 8258.1875
2.2400 8450.0000
2.2500 8465.9125
2.2600 8445.6100
2.2700 8482.4725
2.2800 9188.7850
2.2900 9468.4000
2.3000 9159.8425
2.3100 9033.2700
2.3200 9130.3125
2.3300 9397.5925
2.3400 9797.1725
2.3500 9818.3375
2.3600 9747.4000
2.3700 9777.9375
2.3800 9752.0650
2.3900 9486.9250
2.4000 9300.1500
2.4100 9172.5925
2.4200 9445.0750
2.4300 9590.8025
2.4400 9190.3550
2.4500 9007.9525
2.4600 8884.0400
2.4700 9137.2500
2.4800 9225.5450
2.4900 8876.7975
2.5000 8940.6950
2.5100 9460.0125
2.5200 8906.9275
2.5300 8778.1200
2.5400 9008.3325
2.5500 9010.9175
2.5600 9027.5200
2.5700 8992.5600
2.5800 8690.4025
2.5900 8648.4650
2.6000 9007.0300
2.6100 8717.9550
2.6200 8628.3950
2.6300 8721.7775
2.6400 8838.7075
2.6500 8904.9675
2.6600 8183.3325
2.6700 8163.4125
2.6800 8000.8725
2.6900 7974.6825
2.7000 7683.9000
2.7100 7800.0850
2.7200 8142.1375
2.7300 8295.9850
2.7400 8028.6825
2.7500 7506.3850
2.7600 7505.5550
2.7700 7790.3575
2.7800 7886.6550
2.7900 7924.9875
2.8000 7798.5300
2.8100 7767.6750
2.8200 7640.8150
2.8300 7626.9725
2.8400 7670.2925
2.8500 7743.3850
2.8600 7586.6225
2.8700 7673.9300
2.8800 7635.7775
2.8900 7429.6625
2.9000 7279.3700
2.9100 7093.2150
2.9200 7183.1150
2.9300 7167.8300
2.9400 7292.4025
2.9500 7424.7850
2.9600 7300.2575
2.9700 7275.1450
2.9800 7374.0375
2.9900 7251.6725
3.0000 7020.6700
3.0100 6886.1250
3.0200 7135.2875
3.0300 7020.2250
3.0400 6960.2125
3.0500 6974.4000
3.0600 7071.0250
3.0700 6548.9225
3.0800 6572.6375
3.0900 6646.1750
3.1000 6689.3850
3.1100 6942.7350
3.1200 6770.7800
3.1300 6734.9825
3.1400 6477.5050
3.1500 6859.8400
3.1600 6876.2875
3.1700 6721.8175
3.1800 6769.3575
3.1900 6585.0750
3.2000 6513.7050
3.2100 6591.2175
3.2200 6569.9850
3.2300 6514.3550
3.2400 6679.5025
3.2500 6603.6550
3.2600 6665.4700
3.2700 6682.3500
3.2800 6346.6800
3.2900 6329.1500
3.3000 6253.5075
3.3100 6342.8325
3.3200 6329.5525
3.3300 6138.7200
3.3400 6436.4900
3.3500 6754.4825
3.3600 6616.1175
3.3700 6435.4550
3.3800 6450.4000
3.3900 6472.2950
3.4000 6780.7950
3.4100 6793.2325
3.4200 6618.0025
3.4300 6583.3325
3.4400 6637.9550
3.4500 6473.2750
3.4600 6588.9675
3.4700 6584.5825
3.4800 6568.2950
3.4900 6513.2650
3.5000 6639.5425
3.5100 6562.5525
3.5200 6618.9275
3.5300 6739.9750
3.5400 6773.1900
3.5500 6612.6700
3.5600 6631.2950
3.5700 6669.2975
3.5800 6534.1450
3.5900 6517.1550
3.6000 6455.2375
3.6100 6597.4425
3.6200 6524.3675
3.6300 6633.3700
3.6400 6683.3325
3.6500 6448.0625
3.6600 6465.2475
3.6700 6457.0825
3.6800 6429.4650
3.6900 6303.5775
3.7000 6385.1975
3.7100 6541.5350
3.7200 6523.5200
3.7300 6589.2700
3.7400 6713.8200
3.7500 6850.1550
3.7600 6581.0025
3.7700 6496.6550
3.7800 6563.0825
3.7900 6756.4950
3.8000 6609.3825
3.8100 6514.0450
3.8200 6391.6450
3.8300 6469.0075
3.8400 6797.6300
3.8500 6846.6900
3.8600 6741.5650
3.8700 6708.3325
3.8800 6702.8275
3.8900 6732.8500
3.9000 6504.9525
3.9100 6532.0600
3.9200 6681.3025
3.9300 6732.7375
3.9400 6800.2675
3.9500 7013.4600
3.9600 7048.1775
3.9700 6830.2100
3.9800 6620.8100
3.9900 6698.1950
4.0000 6582.4575
4.0100 6350.7850
4.0200 6334.2525
4.0300 6432.4800
4.0400 6540.4325
4.0500 6678.4100
4.0600 6756.5900
4.0700 6826.0125
4.0800 6847.0025
4.0900 6808.8975
4.1000 6786.8100
4.1100 6855.7625
4.1200 6845.9400
4.1300 6823.8525
4.1400 6761.0650
4.1500 6765.9700
4.1600 6919.6950
4.1700 6883.6475
4.1800 6819.4175
4.1900 6933.5875
4.2000 6784.5475
4.2100 6654.4575
4.2200 6663.9275
4.2300 6754.2975
4.2400 6916.2000
4.2500 6918.0200
4.2600 6861.8200
4.2700 6801.9900
4.2800 6801.6925
4.2900 6919.1925
4.3000 6944.6075
4.3100 6853.2550
4.3200 6694.3750
4.3300 6780.3550
4.3400 6937.5300
4.3500 6821.4425
4.3600 6782.7250
4.3700 6816.8450
4.3800 6832.6250
4.3900 6802.0550
4.4000 6789.5625
4.4100 6936.7750
4.4200 7029.8650
4.4300 7106.4975
4.4400 7235.4725
4.4500 7185.8450
4.4600 6954.1400
4.4700 6784.0825
4.4800 6775.0000
4.4900 6834.7575
4.5000 6900.9200
4.5100 6972.5850
4.5200 7078.6500
4.5300 6981.9325
4.5400 6875.1525
4.5500 6829.9075
4.5600 6753.2925
4.5700 6949.5375
4.5800 7271.0675
4.5900 7323.4675
4.6000 7044.4525
4.6100 6911.4275
4.6200 7085.6100
4.6300 7181.6775
4.6400 7165.1800
4.6500 7226.7700
4.6600 7415.8800
4.6700 7395.6800
4.6800 7206.5650
4.6900 7115.0400
4.7000 7188.6650
4.7100 7268.6050
4.7200 7391.0525
4.7300 7386.2975
4.7400 7266.6725
4.7500 7315.9925
4.7600 7240.5000
4.7700 7192.2750
4.7800 7311.6775
4.7900 7342.0075
4.8000 7292.4700
4.8100 7243.2350
4.8200 7352.3525
4.8300 7386.2125
4.8400 7674.3950
4.8500 7688.4400
4.8600 7385.0250
4.8700 7272.0050
4.8800 7315.0350
4.8900 7474.8300
4.9000 7662.0675
4.9100 7674.2775
4.9200 7716.0400
4.9300 7607.5125
4.9400 7553.1875
4.9500 7449.4500
4.9600 7572.0150
4.9700 7421.0950
4.9800 7254.8350
4.9900 7255.4050
5.0000 7354.1375
5.0100 7403.7650
5.0200 7409.7200
5.0300 7400.3725
5.0400 7254.8775
5.0500 7341.6825
5.0600 7453.2725
5.0700 7442.9875
5.0800 7670.8525
5.0900 7718.4475
5.1000 7788.3125
5.1100 7687.0650
5.1200 7746.8225
5.1300 7783.4025
5.1400 7611.3275
5.1500 7447.5575
5.1600 7630.8350
5.1700 7682.4600
5.1800 7602.5925
5.1900 7595.0225
5.2000 7409.0975
5.2100 7379.5775
5.2200 7529.3500
5.2300 7585.6450
5.2400 7244.9450
5.2500 7299.8275
5.2600 7350.9900
5.2700 7473.9225
5.2800 7652.3075
5.2900 7530.3875
5.3000 7641.0850
5.3100 7859.3125
5.3200 7793.2350
5.3300 7654.4200
5.3400 7711.1050
5.3500 7662.8800
5.3600 7587.7450
5.3700 7753.4575
5.3800 7811.5325
5.3900 7805.9550
5.4000 7933.3325
5.4100 7916.4850
5.4200 7782.5400
5.4300 7640.5625
5.4400 7994.9425
5.4500 7652.6375
5.4600 7745.3400
5.4700 7870.8050
5.4800 7736.5300
5.4900 7398.0175
5.5000 7383.3325
5.5100 7358.9450
5.5200 7190.3675
5.5300 7424.9375
5.5400 7790.4575
5.5500 7892.5375
5.5600 7610.4775
5.5700 7702.0950
5.5800 7622.0800
5.5900 7434.4525
5.6000 7532.6325
5.6100 7513.5325
5.6200 7409.2625
5.6300 7716.6675
5.6400 7694.6225
5.6500 7422.5750
5.6600 7596.0150
5.6700 7323.2775
5.6800 7675.0000
5.6900 7669.8850
5.7000 7586.8450
5.7100 7657.0175
5.7200 7785.8650
5.7300 7674.2425
5.7400 7841.6675
5.7500 7832.4050
5.7600 7594.2125
5.7700 7665.8975
5.7800 7639.5900
5.7900 7567.8950
5.8000 7612.5500
5.8100 7424.3875
5.8200 7395.4825
5.8300 7640.2475
5.8400 7524.3950
5.8500 7458.6325
5.8600 7508.4050
5.8700 7533.3275
5.8800 7500.1100
5.8900 7806.3575
5.9000 7502.9275
5.9100 7557.6000
5.9200 7648.5650
5.9300 7829.8975
5.9400 7776.2725
5.9500 7840.0075
5.9600 7703.9625
5.9700 7764.5975
5.9800 7814.9600
5.9900 7776.5500
6.0000 7751.0050
6.0100 7829.7250
6.0200 7507.5100
6.0300 7650.0950
6.0400 7658.3325
6.0500 7666.2050
6.0600 8058.9200
6.0700 7934.7600
6.0800 7987.3550
6.0900 7649.8350
6.1000 7617.2575
6.1100 7840.4950
6.1200 7766.0200
6.1300 7597.3150
6.1400 7904.3100
6.1500 7712.4400
6.1600 7570.1975
6.1700 7369.1700
6.1800 7508.3675
6.1900 7795.5800
6.2000 7862.4550
6.2100 7821.8725
6.2200 7705.0575
6.2300 7565.6025
6.2400 7668.2475
6.2500 7948.4850
6.2600 7946.6325
6.2700 7831.9375
6.2800 8115.5650
6.2900 7795.0750
6.3000 7459.3000
6.3100 7611.4775
6.3200 7598.5250
6.3300 7699.1475
6.3400 7688.1050
6.3500 7541.0225
6.3600 7396.1250
6.3700 7643.4975
6.3800 7381.8675
6.3900 7360.0800
6.4000 7681.2725
6.4100 7553.5725
6.4200 7516.6675
6.4300 7703.4250
6.4400 7948.4325
6.4500 7504.0750
6.4600 7509.4850
6.4700 7601.5150
6.4800 7507.9725
6.4900 7713.4725
6.5000 7942.0150
6.5100 7895.9800
6.5200 8055.7625
6.5300 8059.9775
6.5400 8003.4800
6.5500 8044.6375
6.5600 7893.4150
6.5700 7830.2825
6.5800 7982.1450
6.5900 8122.8500
6.6000 8169.4975
6.6100 8051.9875
6.6200 8158.5650
6.6300 8302.8100
6.6400 8461.3575
6.6500 8608.4075
6.6600 8527.3225
6.6700 8263.8525
6.6800 8595.1150
6.6900 8517.7750
6.7000 8856.5950
6.7100 8916.8950
6.7200 8643.3950
6.7300 8762.3600
6.7400 8753.2750
6.7500 8902.8925
6.7600 9003.3275
6.7700 8785.4025
6.7800 8845.4825
6.7900 8893.9625
6.8000 9066.0600
6.8100 9103.3850
6.8200 8787.4300
6.8300 8666.6675
6.8400 8909.2775
6.8500 9055.4800
6.8600 8940.0050
6.8700 8783.9625
6.8800 8776.5950
6.8900 9162.7075
6.9000 9278.8100
6.9100 9080.0925
6.9200 9074.4350
6.9300 9074.1225
6.9400 8763.0725
6.9500 8664.5800
6.9600 8953.5950
6.9700 9363.6675
6.9800 9533.4975
6.9900 9577.7950
7.0000 9480.9575
7.0100 9750.1900
7.0200 9944.1075
7.0300 9903.6900
7.0400 10038.2200
7.0500 10211.6725
7.0600 10306.8725
7.0700 10617.9300
7.0800 10951.4225
7.0900 11236.2900
7.1000 11463.5425
7.1100 11485.8550
7.1200 12051.8000
7.1300 12478.4250
7.1400 12837.2950
7.1500 13553.5050
7.1600 13973.0025
7.1700 14546.7850
7.1800 15234.6675
7.1900 15985.6125
7.2000 16848.4200
7.2100 18073.8300
7.2200 18905.8975
7.2300 19854.1025
7.2400 21408.9525
7.2500 23157.2300
7.2600 25209.4975
7.2700 27584.0525
7.2800 29697.5125
7.2900 32178.9625
7.3000 35240.7575
7.3100 38993.5175
7.3200 42680.6700
7.3300 46233.3050
7.3400 51349.4475
7.3500 57661.8025
7.3600 63635.1300
7.3700 70643.2950
7.3800 78083.3400
7.3900 85860.1625
7.4000 94518.7375
7.4100 102936.9175
7.4200 111314.3325
7.4300 120149.6550
7.4400 128449.5950
7.4500 134395.7575
7.4600 137819.3375
7.4700 139173.1350
7.4800 139638.5700
7.4900 139244.4450
7.5000 135210.6425
7.5100 127708.6400
7.5200 119150.6850
7.5300 109137.6875
7.5400 98171.2025
7.5500 87778.3550
7.5600 78150.6600
7.5700 69093.9100
7.5800 60536.9025
7.5900 52859.1775
7.6000 46321.0000
7.6100 40803.5550
7.6200 35893.1600
7.6300 31739.5975
7.6400 28546.5075
7.6500 25944.0050
7.6600 23693.8800
7.6700 21911.3925
7.6800 20499.8175
7.6900 19204.6825
7.7000 18350.2350
7.7100 17782.2875
7.7200 17124.5000
7.7300 16316.2325
7.7400 15469.2675
7.7500 14899.6200
7.7600 14304.2225
7.7700 13728.9875
7.7800 13577.0700
7.7900 13458.4225
7.8000 13101.8950
7.8100 12991.5750
7.8200 12623.2900
7.8300 12173.1000
7.8400 12112.8325
7.8500 12128.2425
7.8600 11706.8700
7.8700 11344.1875
7.8800 11093.0500
7.8900 10747.0625
7.9000 10718.7425
7.9100 10526.4625
7.9200 10151.1175
7.9300 9992.4900
7.9400 9875.8500
7.9500 9879.0100
7.9600 10065.0675
7.9700 10020.7075
7.9800 9953.4325
7.9900 10097.6625
8.0000 9792.4800
8.0100 9493.3000
8.0200 9523.7175
8.0300 9438.4825
8.0400 9338.4975
8.0500 9133.1050
8.0600 9062.4700
8.0700 9092.6200
8.0800 9292.7475
8.0900 9565.6100
8.1000 9415.9200
8.1100 9138.9500
8.1200 8841.5275
8.1300 8814.0975
8.1400 8817.6075
8.1500 8739.6875
8.1600 8863.4025
8.1700 8850.2975
8.1800 9049.4275
8.1900 9210.1275
8.2000 8945.7200
8.2100 9096.9800
8.2200 8916.9050
8.2300 8827.1075
8.2400 9148.9750
8.2500 9479.9150
8.2600 9222.7800
8.2700 9131.4375
8.2800 9379.4475
8.2900 9451.1775
8.3000 9495.3525
8.3100 9636.6050
8.3200 9986.0275
8.3300 10040.7300
8.3400 10330.0200
8.3500 10426.2925
8.3600 10671.8850
8.3700 10954.5650
8.3800 11548.5275
8.3900 12099.8200
8.4000 12400.0150
8.4100 12787.8700
8.4200 13656.5900
8.4300 14151.7350
8.4400 15127.8575
8.4500 16390.5975
8.4600 17587.3875
8.4700 18591.6600
8.4800 20044.7850
8.4900 21836.0275
8.5000 23271.9100
8.5100 25121.7050
8.5200 27521.2750
8.5300 30323.9200
8.5400 32956.7250
8.5500 35527.1525
8.5600 38129.3100
8.5700 40702.7350
8.5800 43342.8275
8.5900 45619.9750
8.6000 47431.4450
8.6100 48802.8525
8.6200 49264.2700
8.6300 48275.9700
8.6400 47453.7850
8.6500 46599.6650
8.6600 44757.3825
8.6700 41698.8225
8.6800 37890.8800
8.6900 34708.4400
8.7000 31484.0850
8.7100 28252.5000
8.7200 25322.5925
8.7300 22714.6250
8.7400 19921.8825
8.7500 17764.5100
8.7600 16077.5350
8.7700 14617.1375
8.7800 13279.9825
8.7900 12266.6850
8.8000 11784.4400
8.8100 10988.2550
8.8200 10553.5025
8.8300 10593.0875
8.8400 10056.8375
8.8500 9492.8100
8.8600 9383.2025
8.8700 9005.4900
8.8800 8926.6000
8.8900 8771.7250
8.9000 8547.2800
8.9100 8342.5550
8.9200 8214.3275
8.9300 7948.2500
8.9400 7767.4125
8.9500 7595.6625
8.9600 7681.2150
8.9700 7761.8975
8.9800 7708.7300
8.9900 7535.3100
9.0000 7404.1050
9.0100 7470.0075
9.0200 7369.1625
9.0300 7248.2550
9.0400 7019.4400
9.0500 6713.2800
9.0600 6911.0600
9.0700 7214.5500
9.0800 7077.9050
9.0900 7071.5550
9.1000 6832.3700
9.1100 6685.3125
9.1200 6663.5100
9.1300 6941.8200
9.1400 7132.9150
9.1500 6882.6925
9.1600 6635.4750
9.1700 6500.7875
9.1800 6484.5625
9.1900 6270.9075
9.2000 6481.8800
9.2100 6450.4150
9.2200 6266.7600
9.2300 6163.0025
9.2400 6044.3975
9.2500 6309.4625
9.2600 6715.7400
9.2700 6490.4925
9.2800 6467.0650
9.2900 6341.3825
9.3000 6095.7850
9.3100 6041.4450
9.3200 6147.6675
9.3300 5841.2000
9.3400 5867.7900
9.3500 6486.9750
9.3600 6692.0200
9.3700 6377.7175
9.3800 6425.9675
9.3900 6255.5125
9.4000 6003.6175
9.4100 6091.3575
9.4200 6078.9925
9.4300 5954.5575
9.4400 5851.6650
9.4500 6169.2425
9.4600 5961.8225
9.4700 5777.1025
9.4800 5870.7800
9.4900 6061.3525
9.5000 5775.1325
9.5100 5785.1350
9.5200 5917.4125
9.5300 5985.7600
9.5400 6256.4975
9.5500 5973.3775
9.5600 5584.0850
9.5700 5999.7775
9.5800 5916.9050
9.5900 5883.5075
9.6000 5841.9800
9.6100 5717.9000
9.6200 5889.5325
9.6300 5924.5150
9.6400 5703.7900
9.6500 5585.5700
9.6600 5852.4250
9.6700 5736.3100
9.6800 5936.2250
9.6900 5909.2825
9.7000 5657.9450
9.7100 5650.0000
9.7200 5778.6175
9.7300 5598.8900
9.7400 5399.6650
9.7500 5567.2475
9.7600 5622.7700
9.7700 5442.3200
9.7800 5480.8750
9.7900 5625.6100
9.8000 5239.0750
9.8100 5169.4700
9.8200 5378.5350
9.8300 5563.8800
9.8400 5590.6175
9.8500 5537.1375
9.8600 5634.3525
9.8700 5354.8525
9.8800 5410.6600
9.8900 5763.7850
9.9000 5653.1600
9.9100 5618.6400
9.9200 5448.2150
9.9300 5425.6950
9.9400 5463.0950
9.9500 5649.0700
9.9600 5659.0850
9.9700 5665.8950
9.9800 5583.6875
9.9900 5311.6350
10.0000 5343.3800
10.0100 5327.5375
10.0200 5601.3275
10.0300 5529.0400
10.0400 5189.7125
10.0500 5075.8800
10.0600 5332.8250
10.0700 5528.9075
10.0800 5321.9675
10.0900 5181.6075
10.1000 5108.1175
10.1100 5413.8950
10.1200 5159.8025
10.1300 5138.4550
10.1400 5170.6425
10.1500 5362.8625
10.1600 5348.4250
10.1700 5420.7375
10.1800 5397.4850
10.1900 5327.3050
10.2000 5188.2775
10.2100 5095.5250
10.2200 5111.7150
10.2300 5060.0475
10.2400 4958.2350
10.2500 5012.0700
10.2600 4996.9125
10.2700 4956.6500
10.2800 5222.4200
10.2900 5456.1350
10.3000 5158.1450
10.3100 4911.4850
10.3200 5248.2325
10.3300 5145.7725
10.3400 4895.2075
10.3500 5048.8475
10.3600 5091.6675
10.3700 5016.6450
10.3800 5224.4650
10.3900 5207.1625
10.4000 5083.4175
10.4100 4781.6925
10.4200 4918.5400
10.4300 5335.7700
10.4400 5224.2150
10.4500 5121.6025
10.4600 5015.1425
10.4700 5091.2425
10.4800 5096.8050
10.4900 5098.2700
10.5000 5106.5850
10.5100 5226.5225
10.5200 5120.8225
10.5300 5272.7050
10.5400 5116.6150
10.5500 5123.2750
10.5600 4999.1925
10.5700 5223.1150
10.5800 4939.3500
10.5900 4833.3325
10.6000 4948.6100
10.6100 5053.5850
10.6200 5068.6325
10.6300 4901.5500
10.6400 4900.6625
10.6500 5042.9650
10.6600 4963.6875
10.6700 4899.8825
10.6800 5004.3725
10.6900 4854.3575
10.7000 4567.5350
10.7100 4677.9100
10.7200 4723.0950
10.7300 4766.0475
10.7400 4937.2075
10.7500 4911.8825
10.7600 4871.0950
10.7700 4799.5450
10.7800 4914.9375
10.7900 4833.2025
10.8000 4843.8225
10.8100 5053.6375
10.8200 4842.3550
10.8300 4613.4100
10.8400 4793.8525
10.8500 4847.5675
10.8600 4779.8425
10.8700 4705.0000
10.8800 4771.9600
10.8900 4849.5700
10.9000 4825.5525
10.9100 5060.1400
10.9200 5044.0575
10.9300 4904.3500
10.9400 4744.7900
10.9500 4807.3925
10.9600 4927.5600
10.9700 4808.7950
10.9800 4707.2625
10.9900 4663.0825
11.0000 4541.7100
11.0100 4588.2625
11.0200 4786.2825
11.0300 4762.3275
11.0400 4716.6675
11.0500 4626.8600
11.0600 4661.6725
11.0700 4828.3050
11.0800 4852.7375
11.0900 4755.7175
11.1000 4711.1400
11.1100 4846.0725
11.1200 4878.2200
11.1300 4721.4500
11.1400 4595.4175
11.1500 4637.4000
11.1600 4577.3700
11.1700 4633.1375
11.1800 4600.0400
11.1900 4652.0800
11.2000 4724.4000
11.2100 4792.0575
11.2200 4809.0350
11.2300 4746.9550
11.2400 4774.8300
11.2500 4766.1700
11.2600 4736.4125
11.2700 4728.0975
11.2800 4641.4850
11.2900 4456.3950
11.3000 4468.3450
11.3100 4649.0550
11.3200 4755.9125
11.3300 4718.5125
11.3400 4575.8475
11.3500 4416.5075
11.3600 4256.6400
11.3700 4404.5175
11.3800 4728.5550
11.3900 4578.1500
11.4000 4460.2100
11.4100 4600.0150
11.4200 4547.0500
11.4300 4501.4375
11.4400 4559.6550
11.4500 4637.6050
11.4600 4714.3375
11.4700 4726.9650
11.4800 4687.3625
11.4900 4632.5975
11.5000 4622.8850
11.5100 4570.4925
11.5200 4534.6350
11.5300 4580.0725
11.5400 4751.8575
11.5500 4734.3750
11.5600 4598.9075
11.5700 4571.4000
11.5800 4490.0750
11.5900 4509.6275
11.6000 4551.5750
11.6100 4449.3000
11.6200 4429.8550
11.6300 4438.8525
11.6400 4379.7125
11.6500 4538.7125
11.6600 4618.2850
11.6700 4581.1825
11.6800 4536.2500
11.6900 4578.6150
11.7000 4780.3950
11.7100 4878.8300
11.7200 4664.0575
11.7300 4434.1425
11.7400 4431.7675
11.7500 4413.3950
11.7600 4397.6275
11.7700 4583.6425
11.7800 4773.2950
11.7900 4807.9175
11.8000 4817.4325
11.8100 4815.9650
11.8200 4821.6275
11.8300 4772.7150
11.8400 4721.2125
11.8500 4699.1150
11.8600 4760.4100
11.8700 4794.8175
11.8800 4881.2175
11.8900 5012.4550
11.9000 5104.8550
11.9100 5241.8050
11.9200 5299.9925
11.9300 5316.6675
11.9400 5304.2700
11.9500 5456.3225
11.9600 5666.0050
11.9700 5879.8800
11.9800 6086.8125
11.9900 6335.5025
12.0000 6546.4850
12.0100 6593.3500
12.0200 6951.0025
12.0300 7150.6350
12.0400 7442.5450
12.0500 8275.5000
12.0600 9042.8825
12.0700 9766.5050
12.0800 10650.4150
12.0900 11321.7950
12.1000 11879.8650
12.1100 12653.6775
12.1200 13324.3700
12.1300 14028.9550
12.1400 14587.9225
12.1500 15146.3225
12.1600 15719.4300
12.1700 16130.2700
12.1800 16184.5225
12.1900 15954.8725
12.2000 15337.4625
12.2100 14143.3500
12.2200 13336.5900
12.2300 12823.3250
12.2400 12074.0300
12.2500 11193.7150
12.2600 10135.4725
12.2700 9312.2175
12.2800 8536.6750
12.2900 7681.3175
12.3000 7093.1125
12.3100 6824.3925
12.3200 6661.1325
12.3300 6474.6500
12.3400 6042.9925
12.3500 5609.3375
12.3600 5400.0175
12.3700 5179.6500
12.3800 5067.7400
12.3900 5126.9425
12.4000 5203.0425
12.4100 5183.0450
12.4200 5004.7250
12.4300 4914.4550
12.4400 4754.6850
12.4500 4803.3175
12.4600 4913.8975
12.4700 4730.0300
12.4800 4718.4250
12.4900 4714.8775
12.5000 4715.2300
12.5100 4622.2125
12.5200 4441.9325
12.5300 4423.8450
12.5400 4464.9750
12.5500 4348.0275
12.5600 4399.4800
12.5700 4435.1675
12.5800 4351.9875
12.5900 4421.6625
12.6000 4544.2850
12.6100 4380.5300
12.6200 4290.2950
12.6300 4280.9075
12.6400 4324.7000
12.6500 4253.7675
12.6600 4248.9475
12.6700 4102.9975
12.6800 4114.3000
12.6900 4163.5925
12.7000 4135.8625
12.7100 4014.1675
12.7200 4178.0625
12.7300 4128.7800
12.7400 3853.9375
12.7500 4014.8475
12.7600 4205.2125
12.7700 4169.0900
12.7800 4150.1675
12.7900 4144.1150
12.8000 4083.1750
12.8100 4061.1575
12.8200 4016.7450
12.8300 3830.9000
12.8400 3771.6625
12.8500 3880.3175
12.8600 3954.4900
12.8700 4020.2950
12.8800 4003.9875
12.8900 4100.0000
12.9000 4073.4400
12.9100 3963.8400
12.9200 3931.4250
12.9300 4113.5575
12.9400 4132.7925
12.9500 4111.2625
12.9600 3983.9150
12.9700 3881.4550
12.9800 3850.7175
12.9900 3896.4275
13.0000 4084.3225
13.0100 4175.8500
13.0200 4150.8925
13.0300 4088.9575
13.0400 3956.3750
13.0500 3959.8800
13.0600 4059.6150
13.0700 3964.9925
13.0800 4046.0450
13.0900 3890.4275
13.1000 4055.4825
13.1100 4186.1275
13.1200 4117.6725
13.1300 4146.3075
13.1400 4119.1375
13.1500 3991.4625
13.1600 3915.8925
13.1700 3945.9650
13.1800 4111.8975
13.1900 4146.5650
13.2000 4040.6250
13.2100 3906.6150
13.2200 3971.0000
13.2300 4084.7675
13.2400 4009.2400
13.2500 3920.9625
13.2600 3946.1325
13.2700 3981.2150
13.2800 3966.5825
13.2900 4010.6500
13.3000 4179.2950
13.3100 4041.9250
13.3200 3956.4275
13.3300 3884.3300
13.3400 3772.4675
13.3500 3836.7175
13.3600 3886.0625
13.3700 3843.6425
13.3800 3881.4025
13.3900 3940.4675
13.4000 3848.3575
13.4100 3987.2100
13.4200 3924.2900
13.4300 3955.6750
13.4400 3907.3950
13.4500 3689.9100
13.4600 3784.2125
13.4700 3982.9000
13.4800 4094.5725
13.4900 3910.0525
13.5000 4054.1100
13.5100 4065.2850
13.5200 4223.7925
13.5300 3982.5325
13.5400 3755.1725
13.5500 3661.4875
13.5600 3819.6525
13.5700 3746.3150
13.5800 3715.4475
13.5900 3908.3325
13.6000 3916.6050
13.6100 3976.2475
13.6200 4031.2800
13.6300 3795.7000
13.6400 3746.7075
13.6500 3833.8325
13.6600 3508.8100
13.6700 3549.7625
13.6800 3901.2425
13.6900 4001.3675
13.7000 3886.3300
13.7100 3712.5625
13.7200 3834.2050
13.7300 3642.2575
13.7400 3797.0775
13.7500 3745.6950
13.7600 3628.3250
13.7700 3920.7400
13.7800 3890.1550
13.7900 3826.3450
13.8000 3788.6200
13.8100 3992.8925
13.8200 4011.9225
13.8300 3847.6250
13.8400 3820.8125
13.8500 3982.8675
13.8600 3993.8550
13.8700 3821.1475
13.8800 3808.8950
13.8900 3847.0200
13.9000 3810.6925
13.9100 3966.6675
13.9200 3958.1500
13.9300 3892.6925
13.9400 3816.6550
13.9500 3894.3200
13.9600 3788.5650
13.9700 3985.3425
13.9800 4032.9625
13.9900 3921.6325
14.0000 3931.0525
14.0100 4124.5675
14.0200 4072.0775
14.0300 4119.0225
14.0400 4175.8325
14.0500 4083.3425
14.0600 4223.6650
14.0700 4376.4325
14.0800 4256.6425
14.0900 4189.2675
14.1000 4250.8975
14.1100 4392.9575
14.1200 4479.0075
14.1300 4571.2550
14.1400 4572.1175
14.1500 4850.3175
14.1600 5146.5100
14.1700 5380.6350
14.1800 5823.9025
14.1900 5586.2925
14.2000 5504.6275
14.2100 5885.6800
14.2200 6309.4875
14.2300 6574.1250
14.2400 6786.5525
14.2500 6677.0050
14.2600 6856.8025
14.2700 6823.6250
14.2800 6639.4500
14.2900 6618.8425
14.3000 6638.8150
14.3100 6564.9600
14.3200 6071.0700
14.3300 5815.3975
14.3400 5503.4550
14.3500 5327.3350
14.3600 5080.5450
14.3700 5329.4875
14.3800 5054.9150
14.3900 4777.3625
14.4000 4479.2525
14.4100 4421.0100
14.4200 4374.4650
14.4300 4470.2750
14.4400 4295.0200
14.4500 4445.4150
14.4600 4119.9450
14.4700 4046.5925
14.4800 4123.5600
14.4900 4097.1975
14.5000 4059.9925
14.5100 4225.3900
14.5200 4076.4775
14.5300 3956.6525
14.5400 4098.2450
14.5500 4388.5450
14.5600 4308.3900
14.5700 3961.9800
14.5800 4045.5400
14.5900 4132.3150
14.6000 4110.9475
14.6100 4178.7675
14.6200 4266.5650
14.6300 4042.8200
14.6400 4078.8625
14.6500 4190.3500
14.6600 4150.0000
14.6700 4153.5725
14.6800 4277.0300
14.6900 4350.6375
14.7000 4376.4025
14.7100 4436.7125
14.7200 4586.1350
14.7300 4716.1800
14.7400 4695.2675
14.7500 4893.3175
14.7600 4996.0425
14.7700 5287.8350
14.7800 5615.5675
14.7900 5526.8375
14.8000 5703.9800
14.8100 6145.6125
14.8200 6669.5250
14.8300 7142.3450
14.8400 7292.8550
14.8500 7683.9775
14.8600 8100.0175
14.8700 8416.2150
14.8800 8599.4650
14.8900 8799.1200
14.9000 8932.5500
14.9100 8891.9725
14.9200 8437.3875
14.9300 8020.9675
14.9400 7827.2625
14.9500 7528.9825
14.9600 7352.5825
14.9700 7063.0675
14.9800 6329.7950
14.9900 6046.9375
15.0000 5796.8275
15.0100 5384.2125
15.0200 5431.9575
15.0300 5124.5975
15.0400 4857.0675
15.0500 4939.1025
15.0600 4577.7025
15.0700 4372.8450
15.0800 4100.5625
15.0900 3898.4275
15.1000 4124.8100
15.1100 4261.7700
15.1200 3962.0875
15.1300 3958.0025
15.1400 4046.2350
15.1500 3938.2950
15.1600 3758.0625
15.1700 3829.5475
15.1800 3936.5900
15.1900 3870.2900
15.2000 3819.1550
15.2100 4030.1475
15.2200 3820.6175
15.2300 3997.5175
15.2400 3819.4375
15.2500 3776.8975
15.2600 3900.5475
15.2700 3829.9850
15.2800 3723.3025
15.2900 3849.4525
15.3000 3866.1325
15.3100 3851.0925
15.3200 3694.4950
15.3300 3683.3325
15.3400 3846.1125
15.3500 3742.2400
15.3600 3617.4175
15.3700 3639.1975
15.3800 3549.2175
15.3900 3587.8200
15.4000 3376.6150
15.4100 3473.3625
15.4200 3667.0975
15.4300 3515.1425
15.4400 3477.1000
15.4500 3505.4850
15.4600 3500.7225
15.4700 3575.9800
15.4800 3704.7150
15.4900 3451.5575
15.5000 3508.1925
15.5100 3826.2650
15.5200 3745.2400
15.5300 3492.4425
15.5400 3556.8600
15.5500 3799.3075
15.5600 3600.2125
15.5700 3582.4800
15.5800 3710.3175
15.5900 3717.5425
15.6000 3686.8800
15.6100 3661.0300
15.6200 3591.5250
15.6300 3679.6850
15.6400 3654.6650
15.6500 3827.3250
15.6600 3643.4425
15.6700 3557.7425
15.6800 3623.5400
15.6900 3449.7700
15.7000 3703.5800
15.7100 3785.5850
15.7200 3747.8175
15.7300 3632.2175
15.7400 3529.2450
15.7500 3393.0125
15.7600 3498.4600
15.7700 3610.9275
15.7800 3567.0850
15.7900 3681.2100
15.8000 3822.6825
15.8100 3711.9700
15.8200 3598.1450
15.8300 3533.0550
15.8400 3474.8025
15.8500 3717.2625
15.8600 3643.9550
15.8700 3603.5875
15.8800 3614.2525
15.8900 3652.2400
15.9000 3587.3000
15.9100 3532.4475
15.9200 3560.4050
15.9300 3545.4575
15.9400 3584.0175
15.9500 3669.1850
15.9600 3627.0450
15.9700 3609.6425
15.9800 3657.4275
15.9900 3701.6775
16.0000 3624.4400
16.0100 3761.8925
16.0200 3554.7275
16.0300 3605.7400
16.0400 3527.7500
16.0500 3334.9500
16.0600 3521.5750
16.0700 3663.4500
16.0800 3614.3125
16.0900 3531.0900
16.1000 3399.7100
16.1100 3484.9000
16.1200 3583.7675
16.1300 3620.5400
16.1400 3618.1650
16.1500 3548.4200
16.1600 3717.3000
16.1700 3656.2950
16.1800 3612.9575
16.1900 3594.7725
16.2000 3422.4250
16.2100 3450.9200
16.2200 3554.3875
16.2300 3581.7375
16.2400 3670.7700
16.2500 3463.3600
16.2600 3428.4450
16.2700 3386.4825
16.2800 3461.8675
16.2900 3496.6750
16.3000 3593.2450
16.3100 3649.9150
16.3200 3499.0050
16.3300 3769.8425
16.3400 4002.1925
16.3500 3876.5125
16.3600 3582.7075
16.3700 3720.7875
16.3800 3814.4425
16.3900 3759.3700
16.4000 3597.5175
16.4100 3486.3775
16.4200 3590.7500
16.4300 3488.0800
16.4400 3528.1100
16.4500 3569.4950
16.4600 3613.9275
16.4700 3540.7975
16.4800 3516.6675
16.4900 3755.5275
16.5000 3625.2050
16.5100 3643.8775
16.5200 3596.0050
16.5300 3799.4550
16.5400 3809.0450
16.5500 3753.3150
16.5600 3741.6675
16.5700 3888.1900
16.5800 3984.2125
16.5900 3879.3625
16.6000 3778.2800
16.6100 3802.6300
16.6200 3690.3150
16.6300 3568.0075
16.6400 3510.1850
16.6500 3506.2850
16.6600 3684.0475
16.6700 3860.7025
16.6800 3874.9825
16.6900 3916.6175
16.7000 3802.4300
16.7100 3826.7875
16.7200 3930.7625
16.7300 3921.1200
16.7400 3728.7750
16.7500 3784.1100
16.7600 3948.4175
16.7700 3942.3825
16.7800 3820.4500
16.7900 3832.4500
16.8000 4033.8775
16.8100 3959.2675
16.8200 3871.6825
16.8300 4022.9825
16.8400 4138.1225
16.8500 4024.6300
16.8600 3932.5300
16.8700 3892.4400
16.8800 3919.6125
16.8900 3909.1875
16.9000 4002.4400
16.9100 4095.8075
16.9200 4164.7100
16.9300 4117.3875
16.9400 4271.2125
16.9500 4269.9725
16.9600 4301.3100
16.9700 4319.0450
16.9800 4435.5450
16.9900 4471.4650
17.0000 4478.5125
17.0100 4595.6875
17.0200 4818.7600
17.0300 4897.5600
17.0400 5041.1875
17.0500 5223.3275
17.0600 5403.9750
17.0700 5727.5450
17.0800 6122.0975
17.0900 6649.9200
17.1000 6941.4425
17.1100 7264.8300
17.1200 7615.4100
17.1300 7977.3000
17.1400 8322.9375
17.1500 8748.2150
17.1600 9427.5025
17.1700 10023.2675
17.1800 10143.1425
17.1900 10314.1425
17.2000 10783.3450
17.2100 10724.1575
17.2200 10445.6200
17.2300 10298.3675
17.2400 10306.4375
17.2500 10154.8500
17.2600 9661.6925
17.2700 9042.7825
17.2800 8542.6475
17.2900 7960.7100
17.3000 7474.5225
17.3100 7134.0175
17.3200 6730.8150
17.3300 6203.0550
17.3400 5916.1825
17.3500 5738.4975
17.3600 5508.1175
17.3700 5108.4875
17.3800 4833.5975
17.3900 4703.0675
17.4000 4639.0500
17.4100 4481.6475
17.4200 4402.8300
17.4300 4306.6025
17.4400 4159.6175
17.4500 4113.8075
17.4600 4340.7150
17.4700 4534.7000
17.4800 4357.1950
17.4900 4181.8775
17.5000 4052.3400
17.5100 3940.4250
17.5200 4113.7675
17.5300 4187.2250
17.5400 3999.6775
17.5500 4107.2850
17.5600 4114.6850
17.5700 4026.1875
17.5800 3938.8075
17.5900 3857.2925
17.6000 3854.6475
17.6100 3951.7725
17.6200 4037.1675
17.6300 4079.5325
17.6400 4049.3450
17.6500 3924.6675
17.6600 3803.4125
17.6700 3740.3600
17.6800 3798.5275
17.6900 3810.2125
17.7000 3791.6675
17.7100 3833.4525
17.7200 4087.7400
17.7300 4105.3025
17.7400 3934.6350
17.7500 3786.8525
17.7600 3878.2525
17.7700 3842.6775
17.7800 3756.3525
17.7900 3595.5825
17.8000 3669.5475
17.8100 3985.2625
17.8200 4024.5275
17.8300 3833.8200
17.8400 3821.4000
17.8500 3887.0300
17.8600 3803.4575
17.8700 3838.0300
17.8800 3869.6250
17.8900 3753.9925
17.9000 3676.5350
17.9100 3691.8375
17.9200 3818.8800
17.9300 3851.5425
17.9400 3880.0675
17.9500 3966.6350
17.9600 3880.3000
17.9700 3750.2175
17.9800 3786.2300
17.9900 3828.3725
18.0000 3735.8950
18.0100 3689.8225
18.0200 3616.1600
18.0300 3686.3175
18.0400 3794.6525
18.0500 3754.3900
18.0600 3746.0350
18.0700 3717.8125
18.0800 3917.3950
18.0900 4034.6625
18.1000 3868.8375
18.1100 3818.6375
18.1200 3825.8025
18.1300 3760.0300
18.1400 3778.0325
18.1500 3802.2300
18.1600 3892.5250
18.1700 3952.2850
18.1800 4099.5550
18.1900 4192.7900
18.2000 4051.0775
18.2100 3829.8900
18.2200 3704.8450
18.2300 3773.3725
18.2400 3917.3450
18.2500 4041.0900
18.2600 4068.1075
18.2700 3908.9200
18.2800 3856.3225
18.2900 3965.5825
18.3000 3969.9125
18.3100 3952.0000
18.3200 3896.8050
18.3300 3916.0425
18.3400 4072.4275
18.3500 4154.6300
18.3600 4056.6625
18.3700 3975.0000
18.3800 4053.2600
18.3900 3969.6425
18.4000 3703.2600
18.4100 3688.5950
18.4200 3848.0825
18.4300 3885.5400
18.4400 4062.3100
18.4500 4356.6875
18.4600 4271.7900
18.4700 4094.7650
18.4800 4137.5050
18.4900 4241.9025
18.5000 4183.7500
18.5100 4172.4450
18.5200 4268.5400
18.5300 4398.9450
18.5400 4505.0500
18.5500 4619.0700
18.5600 4726.1075
18.5700 4786.0125
18.5800 4798.4450
18.5900 4814.7525
18.6000 4991.0625
18.6100 5077.0725
18.6200 5186.5600
18.6300 5544.5275
18.6400 5671.2825
18.6500 5739.6600
18.6600 6123.6500
18.6700 6562.6400
18.6800 7018.9700
18.6900 7374.9050
18.7000 7522.5275
18.7100 7846.9525
18.7200 8349.3225
18.7300 8527.7575
18.7400 8616.2000
18.7500 8822.9375
18.7600 8895.7325
18.7700 8985.3875
18.7800 8790.1575
18.7900 8410.5975
18.8000 8177.0750
18.8100 7906.3325
18.8200 7581.1225
18.8300 7383.1675
18.8400 6988.6950
18.8500 6578.9475
18.8600 6520.7550
18.8700 6404.0000
18.8800 6025.0875
18.8900 5587.8650
18.9000 5358.6650
18.9100 5130.1625
18.9200 4987.3925
18.9300 4954.6500
18.9400 4801.3650
18.9500 4745.0400
18.9600 4861.4575
18.9700 4888.2025
18.9800 4760.2375
18.9900 4654.4525
19.0000 4702.6150
19.0100 4770.7225
19.0200 4726.4450
19.0300 4703.2650
19.0400 4801.8325
19.0500 4895.1050
19.0600 4984.8800
19.0700 5070.3450
19.0800 5127.2850
19.0900 5238.7975
19.1000 5344.1425
19.1100 5554.0675
19.1200 5824.8725
19.1300 6023.4200
19.1400 6200.8475
19.1500 6345.4075
19.1600 6441.1900
19.1700 6618.5750
19.1800 6992.2000
19.1900 7375.6675
19.2000 7707.4425
19.2100 7877.7700
19.2200 8163.7575
19.2300 8342.8100
19.2400 8122.7550
19.2500 8129.6825
19.2600 8122.4525
19.2700 8121.4800
19.2800 8199.0925
19.2900 7962.4475
19.3000 7601.7425
19.3100 7271.5575
19.3200 7139.3525
19.3300 6949.9950
19.3400 6477.8575
19.3500 6089.6550
19.3600 5986.5600
19.3700 5901.1825
19.3800 5725.5100
19.3900 5527.2500
19.4000 5256.8775
19.4100 5012.0550
19.4200 4879.2375
19.4300 4645.3275
19.4400 4677.6075
19.4500 4831.4275
19.4600 4695.3650
19.4700 4474.2850
19.4800 4427.0050
19.4900 4488.7975
19.5000 4573.4200
19.5100 4546.3575
19.5200 4516.2350
19.5300 4399.9550
19.5400 4309.7525
19.5500 4365.8150
19.5600 4458.7475
19.5700 4507.0350
19.5800 4415.2200
19.5900 4299.9625
19.6000 4313.0625
19.6100 4339.3925
19.6200 4281.0075
19.6300 4241.8525
19.6400 4151.7425
19.6500 4297.3200
19.6600 4462.6850
19.6700 4197.7150
19.6800 4249.3900
19.6900 4540.1050
19.7000 4463.7250
19.7100 4234.0725
19.7200 4230.5475
19.7300 4278.2975
19.7400 4382.7125
19.7500 4327.2875
19.7600 4317.7500
19.7700 4404.4375
19.7800 4335.0050
19.7900 4127.5725
19.8000 4090.1525
19.8100 4134.0225
19.8200 4196.9100
19.8300 4274.2350
19.8400 4341.4400
19.8500 4394.1925
19.8600 4457.8900
19.8700 4356.4925
19.8800 4316.6675
19.8900 4309.9875
19.9000 4230.0350
19.9100 4171.5350
19.9200 4241.6675
19.9300 4195.3500
19.9400 4191.0100
19.9500 4271.9100
19.9600 4241.6675
19.9700 4176.1225
19.9800 4173.0850
19.9900 4259.7650
20.0000 4138.8100
20.0100 4163.5200
20.0200 4295.3400
20.0300 4386.0525
20.0400 4403.7750
20.0500 4405.8425
20.0600 4409.5900
20.0700 4377.5325
20.0800 4462.6050
20.0900 4476.7525
20.1000 4320.2100
20.1100 4248.8250
20.1200 4296.5675
20.1300 4409.4625
20.1400 4456.4650
20.1500 4429.8625
20.1600 4425.2475
20.1700 4583.3550
20.1800 4537.3925
20.1900 4581.3500
20.2000 4540.6975
20.2100 4537.3725
20.2200 4564.5050
20.2300 4559.6100
20.2400 4462.7125
20.2500 4320.2275
20.2600 4283.3325
20.2700 4350.3850
20.2800 4451.4650
20.2900 4397.7050
20.3000 4407.4775
20.3100 4429.8750
20.3200 4294.6775
20.3300 4381.0725
20.3400 4617.8500
20.3500 4666.8150
20.3600 4500.0550
20.3700 4575.0000
20.3800 4521.6275
20.3900 4448.6625
20.4000 4500.5175
20.4100 4499.0100
20.4200 4516.5675
20.4300 4540.9900
20.4400 4393.3025
20.4500 4408.2600
20.4600 4551.5350
20.4700 4631.1575
20.4800 4548.4825
20.4900 4480.0700
20.5000 4701.4025
20.5100 4579.1025
20.5200 4511.6950
20.5300 4490.0700
20.5400 4414.8500
20.5500 4537.0925
20.5600 4630.6625
20.5700 4675.5600
20.5800 4775.4725
20.5900 4925.9600
20.6000 4979.5700
20.6100 4735.9725
20.6200 4730.6950
20.6300 4802.7725
20.6400 4747.2950
20.6500 4669.3975
20.6600 4647.5300
20.6700 4585.8450
20.6800 4696.5475
20.6900 4830.2275
20.7000 4880.4600
20.7100 4880.7775
20.7200 4874.6225
20.7300 4900.2100
20.7400 4845.5275
20.7500 4801.6775
20.7600 4875.0000
20.7700 4909.8250
20.7800 4967.3050
20.7900 4917.3475
20.8000 4878.0200
20.8100 4917.0150
20.8200 5001.2150
20.8300 4923.6450
20.8400 4916.6075
20.8500 5051.2125
20.8600 5069.1225
20.8700 4983.3325
20.8800 4957.3350
20.8900 4982.9625
20.9000 5239.0600
20.9100 5443.8325
20.9200 5546.8100
20.9300 5540.3850
20.9400 5543.4675
20.9500 5623.8175
20.9600 5685.0425
20.9700 6094.1625
20.9800 6616.3150
20.9900 6893.4200
21.0000 6977.0125
21.0100 7219.4675
21.0200 7540.8425
21.0300 7780.7050
21.0400 7973.7100
21.0500 8186.5000
21.0600 8292.6625
21.0700 8462.9125
21.0800 8661.1500
21.0900 8834.3150
21.1000 8462.9000
21.1100 8343.0800
21.1200 8378.8175
21.1300 8456.7925
21.1400 8461.4500
21.1500 8058.0675
21.1600 7637.1075
21.1700 7260.1375
21.1800 7030.9950
21.1900 6969.0425
21.2000 6613.4175
21.2100 6226.8125
21.2200 5915.8500
21.2300 5843.6325
21.2400 5830.0950
21.2500 5543.2725
21.2600 5441.3475
21.2700 5298.4500
21.2800 5212.9700
21.2900 5238.8700
21.3000 5344.1450
21.3100 5483.6375
21.3200 5310.8500
21.3300 5207.9075
21.3400 5374.2250
21.3500 5284.1575
21.3600 5126.4425
21.3700 5195.3100
21.3800 5220.7525
21.3900 5099.0500
21.4000 5025.8200
21.4100 5094.8500
21.4200 4997.7825
21.4300 5041.2350
21.4400 4871.9875
21.4500 4777.8500
21.4600 4949.1475
21.4700 5001.3475
21.4800 5052.1450
21.4900 5279.6925
21.5000 5133.8050
21.5100 4979.9250
21.5200 4935.3275
21.5300 5121.2200
21.5400 5179.7450
21.5500 5233.1300
21.5600 5157.2725
21.5700 4976.5200
21.5800 4938.3000
21.5900 5150.5750
21.6000 5276.8925
21.6100 5143.4225
21.6200 4945.8250
21.6300 5024.8750
21.6400 5297.9250
21.6500 5254.4600
21.6600 5160.2100
21.6700 5192.0225
21.6800 5128.9500
21.6900 5201.3525
21.7000 5255.4575
21.7100 5053.1525
21.7200 4957.5775
21.7300 5045.4150
21.7400 5085.3400
21.7500 5091.6675
21.7600 5075.7175
21.7700 5058.7825
21.7800 5158.7450
21.7900 5172.8125
21.8000 5284.2625
21.8100 5245.0975
21.8200 5207.1250
21.8300 4905.7525
21.8400 4807.0875
21.8500 5102.2250
21.8600 5228.7350
21.8700 5094.2125
21.8800 5148.7600
21.8900 5151.0100
21.9000 5219.1300
21.9100 5084.8625
21.9200 5188.2175
21.9300 5220.1600
21.9400 5206.8800
21.9500 5305.4550
21.9600 5281.5650
21.9700 5346.3225
21.9800 5362.0800
21.9900 5282.2875
22.0000 5374.0125
22.0100 5370.7250
22.0200 5297.6600
22.0300 5386.5325
22.0400 5340.9175
22.0500 5447.5100
22.0600 5471.2350
22.0700 5742.9775
22.0800 5880.3725
22.0900 5728.3300
22.1000 5470.5325
22.1100 5652.4575
22.1200 5776.2225
22.1300 5632.0075
22.1400 5682.7725
22.1500 5813.2625
22.1600 6057.1000
22.1700 6481.6700
22.1800 6632.2675
22.1900 6529.1300
22.2000 6680.9300
22.2100 6875.8525
22.2200 7107.7450
22.2300 7459.5050
22.2400 7838.4525
22.2500 8029.0325
22.2600 8733.5375
22.2700 9406.5650
22.2800 9717.3725
22.2900 10402.5375
22.3000 10899.0825
22.3100 11808.6450
22.3200 12576.4625
22.3300 13093.9350
22.3400 13898.4575
22.3500 14396.4650
22.3600 14753.4325
22.3700 15331.6425
22.3800 15460.1800
22.3900 15342.4325
22.4000 15491.9675
22.4100 15217.7775
22.4200 15073.3600
22.4300 14139.1675
22.4400 13431.8200
22.4500 12785.0250
22.4600 12112.7000
22.4700 11541.1200
22.4800 10668.4575
22.4900 9628.1050
22.5000 9015.0475
22.5100 8635.7950
22.5200 8184.9275
22.5300 7580.0375
22.5400 7372.0150
22.5500 7255.7825
22.5600 6718.2125
22.5700 6419.6150
22.5800 6427.4625
22.5900 6388.3100
22.6000 6288.2225
22.6100 6031.5300
22.6200 5817.7850
22.6300 5810.6300
22.6400 5890.1700
22.6500 5635.9700
22.6600 5631.0225
22.6700 5767.0800
22.6800 5890.2600
22.6900 5862.3400
22.7000 5716.5300
22.7100 5454.2300
22.7200 5188.8575
22.7300 5263.4175
22.7400 5498.6300
22.7500 5472.5875
22.7600 5346.5125
22.7700 5236.4625
22.7800 5427.6875
22.7900 5388.1375
22.8000 5114.9950
22.8100 5189.7825
22.8200 5373.6000
22.8300 5187.3475
22.8400 4995.2850
22.8500 5275.5225
22.8600 5261.8375
22.8700 5377.9800
22.8800 5147.4150
22.8900 5013.5650
22.9000 4854.5200
22.9100 4845.9850
22.9200 4938.0725
22.9300 5070.8650
22.9400 5132.9375
22.9500 5114.3600
22.9600 5274.3750
22.9700 5140.5875
22.9800 4975.9100
22.9900 5154.3125
23.0000 5068.4500
23.0100 5250.9000
23.0200 5085.5525
23.0300 4950.0000
23.0400 4927.4475
23.0500 4847.1700
23.0600 5213.8825
23.0700 5357.9175
23.0800 5091.8600
23.0900 5041.6675
23.1000 5032.4575
23.1100 4992.1750
23.1200 5078.3575
23.1300 4931.4675
23.1400 4844.1225
23.1500 4708.9700
23.1600 4800.1250
23.1700 4960.0900
23.1800 4604.9075
23.1900 4735.5650
23.2000 5020.6350
23.2100 4996.0100
23.2200 5045.5150
23.2300 5182.2600
23.2400 5177.1350
23.2500 5190.6050
23.2600 5180.1650
23.2700 5177.2375
23.2800 5311.4650
23.2900 5343.7175
23.3000 5390.8550
23.3100 5204.2275
23.3200 5177.0425
23.3300 5196.7400
23.3400 5236.3600
23.3500 5249.3050
23.3600 5169.3725
23.3700 5090.4600
23.3800 5258.7825
23.3900 5165.7100
23.4000 4893.7250
23.4100 4797.8550
23.4200 4945.8600
23.4300 5219.9450
23.4400 5084.3475
23.4500 4863.5650
23.4600 5079.3450
23.4700 4891.4725
23.4800 4699.0850
23.4900 4744.5100
23.5000 4688.2750
23.5100 5137.8825
23.5200 5127.0825
23.5300 4747.7050
23.5400 4866.6675
23.5500 4854.2525
23.5600 4778.1900
23.5700 5000.0375
23.5800 4866.1575
23.5900 4931.6050
23.6000 4900.3675
23.6100 4794.9750
23.6200 5092.1225
23.6300 4872.4775
23.6400 4851.6700
23.6500 4854.2300
23.6600 4751.5475
23.6700 4849.0250
23.6800 4906.1125
23.6900 4820.4250
23.7000 4913.3225
23.7100 4740.1000
23.7200 4913.3175
23.7300 5200.0000
23.7400 5163.4525
23.7500 4804.4750
23.7600 4768.9650
23.7700 4790.1450
23.7800 4777.2650
23.7900 4796.2550
23.8000 4764.2800
23.8100 4841.2300
23.8200 4998.8150
23.8300 4906.5375
23.8400 4973.5575
23.8500 4949.0375
23.8600 4835.1025
23.8700 4694.0025
23.8800 4878.3575
23.8900 4640.9750
23.9000 4658.0575
23.9100 4943.5500
23.9200 5024.5575
23.9300 4650.3750
23.9400 4749.3350
23.9500 4745.6175
23.9600 4783.8300
23.9700 4701.3775
23.9800 4803.1900
23.9900 4662.0250
24.0000 4903.2900
24.0100 4819.1675
24.0200 4569.5375
24.0300 4926.4875
24.0400 5044.5275
24.0500 4971.9875
24.0600 4939.3025
24.0700 5014.3000
24.0800 4975.7175
24.0900 4872.1000
24.1000 4839.0800
24.1100 4925.2025
24.1200 5036.0325
24.1300 4947.7325
24.1400 4805.5250
24.1500 4895.9100
24.1600 5096.1100
24.1700 5378.5700
24.1800 5066.1375
24.1900 5076.1725
24.2000 5339.0700
24.2100 5301.5400
24.2200 5330.0800
24.2300 5398.2825
24.2400 5237.1925
24.2500 5179.4450
24.2600 5399.3700
24.2700 5671.3050
24.2800 5863.3850
24.2900 5560.0900
24.3000 6016.6850
24.3100 6152.8325
24.3200 6082.7925
24.3300 6517.2825
24.3400 6657.7650
24.3500 6373.1325
24.3600 6783.0475
24.3700 6634.7875
24.3800 6825.9075
24.3900 7000.0000
24.4000 6992.6375
24.4100 6848.3850
24.4200 6815.4725
24.4300 6797.9500
24.4400 6900.9925
24.4500 6391.9175
24.4600 6037.9575
24.4700 5788.1550
24.4800 5887.2825
24.4900 5789.8675
24.5000 5734.4000
24.5100 5394.5050
24.5200 5664.0900
24.5300 5971.0325
24.5400 5472.6825
24.5500 5210.4450
24.5600 5052.5375
24.5700 4919.4125
24.5800 5197.5100
24.5900 5135.1675
24.6000 5178.2275
24.6100 5032.2275
24.6200 4774.1325
24.6300 4765.0600
24.6400 5187.4850
24.6500 5067.2125
24.6600 5086.0125
24.6700 5162.7275
24.6800 5040.1225
24.6900 4991.9175
24.7000 4998.5200
24.7100 4947.3475
24.7200 4860.2200
24.7300 4919.2400
24.7400 4716.6675
24.7500 4722.8175
24.7600 4953.6425
24.7700 5090.4125
24.7800 5033.9300
24.7900 4731.7400
24.8000 5011.4200
24.8100 5145.0425
24.8200 5289.1150
24.8300 5175.5300
24.8400 5192.6225
24.8500 4842.3325
24.8600 4881.2750
24.8700 5197.3550
24.8800 5056.2300
24.8900 4943.9850
24.9000 5072.7650
24.9100 4943.2775
24.9200 5044.1175
24.9300 5195.7950
24.9400 4918.0875
24.9500 5016.6675
24.9600 5020.0075
24.9700 5275.3075
24.9800 5301.9450
24.9900 5464.4600
25.0000 5267.4475
25.0100 5342.7250
25.0200 5449.5425
25.0300 5401.6275
25.0400 5590.4225
25.0500 5431.1050
25.0600 5124.1750
25.0700 5000.4475
25.0800 5076.4675
25.0900 5351.6850
25.1000 5708.3000
25.1100 5698.7100
25.1200 5325.0000
25.1300 5325.9450
25.1400 5758.0100
25.1500 5549.7550
25.1600 5283.3650
25.1700 5391.6300
25.1800 5649.7525
25.1900 5441.9975
25.2000 5574.7050
25.2100 5832.5975
25.2200 5700.4625
25.2300 5716.5975
25.2400 5874.2525
25.2500 5982.7525
25.2600 5767.9625
25.2700 5874.2850
25.2800 6148.0125
25.2900 6331.8925
25.3000 6192.8675
25.3100 6340.3025
25.3200 6605.7400
25.3300 6822.7575
25.3400 6602.4700
25.3500 6756.4975
25.3600 7260.4550
25.3700 7332.4775
25.3800 7423.7650
25.3900 8041.1975
25.4000 9018.8725
25.4100 8959.4825
25.4200 9007.5350
25.4300 9885.2250
25.4400 10465.1150
25.4500 10933.3550
25.4600 11178.8800
25.4700 11616.5875
25.4800 11984.4550
25.4900 12538.6725
25.5000 12656.0675
25.5100 13139.4175
25.5200 13427.0600
25.5300 12781.8400
25.5400 13027.1000
25.5500 13139.0675
25.5600 13036.0000
25.5700 12594.6850
25.5800 12201.7900
25.5900 11996.9575
25.6000 11813.2975
25.6100 11014.2800
25.6200 10513.9175
25.6300 11009.8175
25.6400 10669.1625
25.6500 10585.5950
25.6600 10849.8725
25.6700 10914.8375
25.6800 11408.7375
25.6900 11763.5875
25.7000 12403.4075
25.7100 12634.3375
25.7200 13116.4000
25.7300 14444.0500
25.7400 15062.2300
25.7500 16215.7050
25.7600 17213.4175
25.7700 19319.3725
25.7800 21804.7200
25.7900 23470.0875
25.8000 24846.2450
25.8100 26524.0975
25.8200 28942.3125
25.8300 31103.1675
25.8400 32772.7425
25.8500 34389.8175
25.8600 35303.6925
25.8700 36337.9175
25.8800 37060.3525
25.8900 37497.6200
25.9000 37238.2475
25.9100 35905.3425
25.9200 35126.6450
25.9300 33964.2400
25.9400 32130.9875
25.9500 30011.7100
25.9600 27356.6550
25.9700 24920.4500
25.9800 23391.2425
25.9900 21291.8800
26.0000 19460.2000
26.0100 17605.1375
26.0200 16213.6850
26.0300 14721.6200
26.0400 13490.5850
26.0500 12337.6875
26.0600 11652.9500
26.0700 10593.6950
26.0800 9589.6550
26.0900 9250.4100
26.1000 8934.8825
26.1100 8218.1125
26.1200 7971.0575
26.1300 8036.7225
26.1400 7751.8150
26.1500 7318.4050
26.1600 7088.2475
26.1700 7231.3775
26.1800 7108.8325
26.1900 6834.5000
26.2000 6566.9450
26.2100 6596.7925
26.2200 6794.8450
26.2300 6348.7950
26.2400 6129.8550
26.2500 6186.6750
26.2600 6183.8925
26.2700 5981.3450
26.2800 6137.4700
26.2900 6188.7950
26.3000 6044.3450
26.3100 5994.5900
26.3200 6084.5925
26.3300 5867.2400
26.3400 5718.5250
26.3500 5669.6900
26.3600 5728.4575
26.3700 5864.5550
26.3800 5867.2850
26.3900 5874.3750
26.4000 5728.6225
26.4100 5716.6675
26.4200 5616.6425
26.4300 5500.6850
26.4400 5499.3500
26.4500 5553.7550
26.4600 5512.2875
26.4700 5400.9625
26.4800 5414.6600
26.4900 5546.8750
26.5000 5458.8250
26.5100 5182.2700
26.5200 5509.9800
26.5300 5518.7475
26.5400 5302.8975
26.5500 5290.9625
26.5600 5238.2925
26.5700 5195.2350
26.5800 5321.1175
26.5900 5203.9650
26.6000 5328.5550
26.6100 5402.4675
26.6200 5264.0275
26.6300 5341.0825
26.6400 5183.1250
26.6500 5143.9250
26.6600 5240.1450
26.6700 5234.8600
26.6800 5369.5125
26.6900 5458.9400
26.7000 5504.4450
26.7100 5244.0575
26.7200 5012.9300
26.7300 5021.8300
26.7400 5138.0400
26.7500 5150.0000
26.7600 5074.7400
26.7700 5269.7400
26.7800 5126.3075
26.7900 4988.1525
26.8000 5095.1025
26.8100 5213.3550
26.8200 5225.0000
26.8300 5239.9825
26.8400 5009.5750
26.8500 5073.1175
26.8600 5202.9650
26.8700 5059.7525
26.8800 5116.3400
26.8900 5057.8400
26.9000 5325.9250
26.9100 5231.6400
26.9200 5015.5800
26.9300 5103.3075
26.9400 5235.6725
26.9500 5354.0600
26.9600 5359.2375
26.9700 5298.9475
26.9800 5210.0650
26.9900 5111.0400
27.0000 5181.4925
27.0100 5125.0350
27.0200 5146.2625
27.0300 5186.9700
27.0400 5095.6100
27.0500 5142.4050
27.0600 5216.4125
27.0700 5166.0050
27.0800 4981.4675
27.0900 5002.5200
27.1000 5111.3700
27.1100 4970.5500
27.1200 4994.1000
27.1300 5161.5925
27.1400 5374.1775
27.1500 5157.9350
27.1600 5103.0075
27.1700 5070.6975
27.1800 5257.0050
27.1900 5546.7050
27.2000 5342.0700
27.2100 5359.4775
27.2200 5271.7500
27.2300 5170.7775
27.2400 5274.9975
27.2500 5255.2325
27.2600 5104.3625
27.2700 5265.2575
27.2800 5197.1300
27.2900 5226.9375
27.3000 5167.9725
27.3100 4969.6375
27.3200 5434.8500
27.3300 5501.0850
27.3400 5427.5700
27.3500 5300.8575
27.3600 5145.9000
27.3700 5226.1975
27.3800 5241.6675
27.3900 5010.6675
27.4000 5090.4225
27.4100 5122.7525
27.4200 5369.9425
27.4300 5408.3325
27.4400 5120.5525
27.4500 4880.8775
27.4600 5079.9150
27.4700 5159.7475
27.4800 5288.6450
27.4900 5136.2450
27.5000 4886.2025
27.5100 4943.0875
27.5200 5137.2275
27.5300 5088.0050
27.5400 5053.5625
27.5500 5207.1075
27.5600 5240.4700
27.5700 4935.0075
27.5800 4968.8550
27.5900 5218.3575
27.6000 5051.9375
27.6100 4902.8700
27.6200 4954.4075
27.6300 4945.3575
27.6400 5175.8950
27.6500 5174.1100
27.6600 5301.3425
27.6700 5325.0000
27.6800 5310.8425
27.6900 4905.1350
27.7000 4783.8525
27.7100 5099.9450
27.7200 5377.1675
27.7300 5395.5025
27.7400 4940.4950
27.7500 5090.8100
27.7600 5006.6150
27.7700 5187.3500
27.7800 5210.9400
27.7900 5327.7650
27.8000 5181.5050
27.8100 5262.2525
27.8200 5122.0800
27.8300 4937.5300
27.8400 5209.3925
27.8500 5420.5900
27.8600 5359.1075
27.8700 5264.8100
27.8800 5347.7500
27.8900 5464.3475
27.9000 5260.2150
27.9100 5307.2450
27.9200 5311.0750
27.9300 5148.3000
27.9400 5026.2750
27.9500 5029.1775
27.9600 5318.0200
27.9700 5347.2450
27.9800 5577.4200
27.9900 5493.3475
28.0000 5459.7425
28.0100 5340.7025
28.0200 5219.8600
28.0300 5103.2625
28.0400 5387.1575
28.0500 5705.3100
28.0600 5703.1700
28.0700 5498.7275
28.0800 5630.4800
28.0900 5529.0450
28.1000 5616.8950
28.1100 6040.2100
28.1200 5761.0700
28.1300 5799.9850
28.1400 6023.8525
28.1500 6285.9375
28.1600 6401.8075
28.1700 6526.1475
28.1800 6782.4850
28.1900 6758.1700
28.2000 7096.7300
28.2100 7400.1700
28.2200 7872.7500
28.2300 7953.0400
28.2400 8297.2550
28.2500 8830.8775
28.2600 8980.9275
28.2700 9202.2975
28.2800 9596.2750
28.2900 9641.0750
28.3000 9728.2550
28.3100 10041.3375
28.3200 10453.6275
28.3300 10628.0525
28.3400 10480.9775
28.3500 10549.7650
28.3600 10034.8975
28.3700 9496.7975
28.3800 9494.3825
28.3900 9557.0875
28.4000 9142.5475
28.4100 8624.5775
28.4200 8377.1050
28.4300 8019.2200
28.4400 7384.5000
28.4500 7129.2550
28.4600 7126.8125
28.4700 6651.0475
28.4800 6392.7675
28.4900 6224.5575
28.5000 6151.5625
28.5100 6228.4975
28.5200 5956.3275
28.5300 5676.5750
28.5400 5498.3700
28.5500 5633.1675
28.5600 5921.2425
28.5700 5810.4225
28.5800 5946.0975
28.5900 5719.3950
28.6000 5616.8200
28.6100 5774.1125
28.6200 5538.3600
28.6300 5294.5075
28.6400 5283.0825
28.6500 5371.0100
28.6600 5213.2750
28.6700 4981.8025
28.6800 5151.0500
28.6900 5195.1475
28.7000 5178.4900
28.7100 5319.8275
28.7200 5285.9725
28.7300 5115.4775
28.7400 5350.8825
28.7500 5313.4150
28.7600 5211.1850
28.7700 5250.6550
28.7800 5109.4800
28.7900 5053.5775
28.8000 5115.3975
28.8100 5126.7975
28.8200 5059.6975
28.8300 5015.5650
28.8400 5119.1825
28.8500 5208.6425
28.8600 5049.2050
28.8700 5026.0250
28.8800 4844.7950
28.8900 5012.5475
28.9000 5256.7675
28.9100 4925.6100
28.9200 4771.2925
28.9300 4946.1725
28.9400 5019.4175
28.9500 5212.5600
28.9600 5266.6675
28.9700 5156.8825
28.9800 4963.6725
28.9900 4877.9775
29.0000 4924.6575
29.0100 5012.4925
29.0200 5116.9725
29.0300 4980.9400
29.0400 4997.5750
29.0500 4978.1500
29.0600 4928.1800
29.0700 5044.8625
29.0800 5147.3825
29.0900 5160.2675
29.1000 5068.8000
29.1100 5220.6000
29.1200 5198.3725
29.1300 5041.0025
29.1400 5102.0150
29.1500 5273.4975
29.1600 5049.2825
29.1700 5049.3650
29.1800 4979.6500
29.1900 5013.5175
29.2000 4925.4350
29.2100 4910.6925
29.2200 4834.2825
29.2300 4827.3300
29.2400 4972.5425
29.2500 4839.6275
29.2600 4827.5600
29.2700 5037.3750
29.2800 4923.3675
29.2900 4879.2725
29.3000 5065.9950
29.3100 5093.5300
29.3200 5026.7325
29.3300 4970.6275
29.3400 4901.8200
29.3500 4971.1750
29.3600 5043.8875
29.3700 5014.4800
29.3800 4899.8425
29.3900 5029.2975
29.4000 4902.0775
29.4100 4991.5550
29.4200 4960.5400
29.4300 5120.4050
29.4400 5058.7175
29.4500 4960.6325
29.4600 4929.2250
29.4700 5018.2450
29.4800 4975.4625
29.4900 5129.9900
29.5000 5204.0700
29.5100 5158.7575
29.5200 4980.6750
29.5300 4869.3150
29.5400 5060.1975
29.5500 4941.8325
29.5600 4936.7250
29.5700 4742.4625
29.5800 4654.3400
29.5900 4957.9000
29.6000 5202.0350
29.6100 4911.8450
29.6200 4957.5375
29.6300 5108.7450
29.6400 5068.0625
29.6500 5096.8250
29.6600 5122.7900
29.6700 5271.8575
29.6800 5306.6575
29.6900 5513.8250
29.7000 5616.0850
29.7100 5521.3075
29.7200 5580.8475
29.7300 5720.1925
29.7400 5776.5875
29.7500 6002.2150
29.7600 5901.0775
29.7700 5960.8100
29.7800 5899.1550
29.7900 6324.9925
29.8000 6530.2775
29.8100 6614.2750
29.8200 6943.9600
29.8300 7094.5800
29.8400 7434.2825
29.8500 7763.3950
29.8600 8052.5875
29.8700 8482.5750
29.8800 8676.8325
29.8900 8910.4075
29.9000 9316.0300
29.9100 9819.7800
29.9200 10260.5150
29.9300 10333.0550
29.9400 10490.2925
29.9500 10833.5150
29.9600 10935.6900
29.9700 10927.3600
29.9800 10799.6825
29.9900 10487.6450
30.0000 10305.8825
30.0100 10030.9375
30.0200 9725.1575
30.0300 9493.0925
30.0400 9005.7950
30.0500 8762.1350
30.0600 8348.0000
30.0700 7688.1900
30.0800 7282.1100
30.0900 6951.6350
30.1000 6855.9075
30.1100 6586.7700
30.1200 6321.6350
30.1300 6063.8400
30.1400 5953.8900
30.1500 5971.0850
30.1600 5936.3025
30.1700 5805.0600
30.1800 5682.0350
30.1900 5638.2725
30.2000 5311.0775
30.2100 5198.4175
30.2200 5459.8525
30.2300 5496.5350
30.2400 5425.7900
30.2500 5279.9750
30.2600 5184.1925
30.2700 5056.0000
30.2800 4973.4150
30.2900 4975.7775
30.3000 5146.0050
30.3100 5274.7150
30.3200 5166.6050
30.3300 5085.1550
30.3400 5046.0500
30.3500 5189.5275
30.3600 5379.7125
30.3700 5271.6325
30.3800 5113.4500
30.3900 5057.7050
30.4000 5124.8825
30.4100 5227.3950
30.4200 5298.5850
30.4300 5207.5075
30.4400 5273.1375
30.4500 5319.2650
30.4600 5408.3500
30.4700 5341.2200
30.4800 5200.1425
30.4900 5221.2025
30.5000 5449.8600
30.5100 5587.3100
30.5200 5505.7275
30.5300 5446.9425
30.5400 5470.1175
30.5500 5426.4800
30.5600 5553.3700
30.5700 5749.8575
30.5800 5853.6950
30.5900 5869.3350
30.6000 5781.7625
30.6100 5792.5650
30.6200 5895.7725
30.6300 6097.0475
30.6400 6197.5625
30.6500 6484.4625
30.6600 6515.3225
30.6700 6731.0550
30.6800 6931.3975
30.6900 6899.2850
30.7000 7164.0075
30.7100 7582.9875
30.7200 8075.0775
30.7300 8552.1375
30.7400 8912.4225
30.7500 9452.3025
30.7600 10163.2900
30.7700 10692.6575
30.7800 11317.9200
30.7900 12242.8175
30.8000 12989.2050
30.8100 13658.2725
30.8200 14757.4325
30.8300 15579.7975
30.8400 16334.5075
30.8500 17441.3275
30.8600 18322.8175
30.8700 18486.5150
30.8800 18786.6875
30.8900 19046.5625
30.9000 19284.4925
30.9100 19493.4200
30.9200 19198.0500
30.9300 18544.1700
30.9400 18305.4900
30.9500 17765.4175
30.9600 16666.9750
30.9700 15694.2825
30.9800 14872.3950
30.9900 14252.9175
31.0000 13234.3750
31.0100 12366.2925
31.0200 11618.6175
31.0300 10868.0975
31.0400 10225.1125
31.0500 9788.4750
31.0600 9286.7025
31.0700 8627.8050
31.0800 8220.7975
31.0900 7781.5050
31.1000 7678.1900
31.1100 7541.3150
31.1200 7317.5250
31.1300 7190.6850
31.1400 6894.3600
31.1500 6712.3250
31.1600 6670.1600
31.1700 6771.1425
31.1800 6613.2975
31.1900 6395.1575
31.2000 6443.4400
31.2100 6280.5950
31.2200 5997.9475
31.2300 5956.4025
31.2400 6058.0350
31.2500 6174.6300
31.2600 6232.6425
31.2700 6050.1300
31.2800 5861.9375
31.2900 5726.3925
31.3000 5526.4575
31.3100 5478.7650
31.3200 5494.7050
31.3300 5422.9025
31.3400 5452.0300
31.3500 5512.7825
31.3600 5266.5700
31.3700 5143.0100
31.3800 5137.2775
31.3900 4977.7600
31.4000 4854.8925
31.4100 4759.8575
31.4200 4674.7225
31.4300 4508.5775
31.4400 4524.4200
31.4500 4609.4700
31.4600 4541.4425
31.4700 4418.6275
31.4800 4364.5750
31.4900 4441.6400
31.5000 4502.0700
31.5100 4669.4175
31.5200 4584.9800
31.5300 4594.2750
31.5400 4594.1375
31.5500 4518.9475
31.5600 4577.5525
31.5700 4511.3700
31.5800 4519.0625
31.5900 4582.1300
31.6000 4751.2950
31.6100 4798.5600
31.6200 4812.9175
31.6300 4908.4050
31.6400 4796.1475
31.6500 4623.1525
31.6600 4564.7650
31.6700 4502.0950
31.6800 4374.7325
31.6900 4382.9950
31.7000 4435.1950
31.7100 4400.9325
31.7200 4451.2950
31.7300 4332.3225
31.7400 4235.1525
31.7500 4261.9500
31.7600 4350.9800
31.7700 4445.5400
31.7800 4343.5750
31.7900 4258.3325
31.8000 4313.8200
31.8100 4385.2725
31.8200 4247.2575
31.8300 4222.1200
31.8400 4285.0450
31.8500 4306.7200
31.8600 4351.7550
31.8700 4199.7500
31.8800 4158.3600
31.8900 4333.2475
31.9000 4336.8075
31.9100 4278.3475
31.9200 4389.5525
31.9300 4406.9625
31.9400 4396.4875
31.9500 4376.9500
31.9600 4483.9000
31.9700 4406.5650
31.9800 4435.1775
31.9900 4562.9925
32.0000 4430.2575
32.0100 4329.9325
32.0200 4264.3525
32.0300 4403.7000
32.0400 4444.8350
32.0500 4437.3575
32.0600 4411.2250
32.0700 4351.9650
32.0800 4341.6675
32.0900 4385.6750
32.1000 4431.3200
32.1100 4324.5700
32.1200 4256.2875
32.1300 4432.1875
32.1400 4550.0000
32.1500 4574.2875
32.1600 4446.1025
32.1700 4322.2800
32.1800 4632.7000
32.1900 4852.1600
32.2000 4754.7175
32.2100 4643.4150
32.2200 4777.0225
32.2300 4957.7725
32.2400 5057.7075
32.2500 5359.3875
32.2600 5526.0100
32.2700 5426.8600
32.2800 5409.7525
32.2900 5432.1025
32.3000 5549.1850
32.3100 5951.7750
32.3200 6145.2100
32.3300 5992.9075
32.3400 6085.4275
32.3500 6476.7025
32.3600 6728.3350
32.3700 6893.4550
32.3800 7092.1850
32.3900 7023.7275
32.4000 7092.4825
32.4100 7148.4400
32.4200 7135.1525
32.4300 7090.3025
32.4400 7137.7975
32.4500 7267.2500
32.4600 7135.8875
32.4700 6811.6275
32.4800 6639.6225
32.4900 6470.8100
32.5000 6060.6475
32.5100 5665.5200
32.5200 5500.7425
32.5300 5507.5525
32.5400 5505.4650
32.5500 5371.9875
32.5600 5199.9225
32.5700 5040.7650
32.5800 4920.4375
32.5900 4707.8750
32.6000 4515.9375
32.6100 4498.0300
32.6200 4650.0875
32.6300 4808.8800
32.6400 4758.2075
32.6500 4518.3075
32.6600 4305.5000
32.6700 4186.7925
32.6800 4233.0150
32.6900 4372.1975
32.7000 4493.3425
32.7100 4349.7700
32.7200 4224.2400
32.7300 4444.4525
32.7400 4395.9725
32.7500 4243.1125
32.7600 4267.3800
32.7700 4360.8250
32.7800 4546.1225
32.7900 4668.7025
32.8000 4651.1625
32.8100 4576.2150
32.8200 4362.1025
32.8300 4253.1675
32.8400 4233.4550
32.8500 4259.3625
32.8600 4387.5325
32.8700 4325.6800
32.8800 4372.0275
32.8900 4415.4550
32.9000 4275.0050
32.9100 4221.1050
32.9200 4451.0725
32.9300 4720.8350
32.9400 4672.7950
32.9500 4389.5350
32.9600 4308.7925
32.9700 4352.5025
32.9800 4434.9700
32.9900 4581.6575
33.0000 4515.3125
33.0100 4407.9025
33.0200 4596.9250
33.0300 4993.5200
33.0400 5034.5375
33.0500 4778.3325
33.0600 4849.1325
33.0700 5143.1075
33.0800 5218.9050
33.0900 5318.0925
33.1000 5640.5400
33.1100 5950.7325
33.1200 5949.7500
33.1300 5923.9125
33.1400 6288.3225
33.1500 6752.1850
33.1600 7173.6550
33.1700 7550.4075
33.1800 7909.9425
33.1900 8275.2075
33.2000 8587.1625
33.2100 8980.8350
33.2200 9642.8200
33.2300 10301.0900
33.2400 10728.6650
33.2500 11175.7175
33.2600 11412.1400
33.2700 11260.4550
33.2800 11539.1100
33.2900 11798.2600
33.3000 11632.9450
33.3100 11545.2775
33.3200 11441.2225
33.3300 11349.6875
33.3400 11128.0775
33.3500 10594.1725
33.3600 10011.7450
33.3700 9570.4300
33.3800 9020.6675
33.3900 8520.9800
33.4000 8154.6375
33.4100 7642.8100
33.4200 7167.5200
33.4300 6850.9775
33.4400 6480.9175
33.4500 6250.0775
33.4600 6142.7400
33.4700 5827.6325
33.4800 5526.1300
33.4900 5298.0150
33.5000 5100.8200
33.5100 5131.8500
33.5200 5028.6800
33.5300 4710.9100
33.5400 4567.0350
33.5500 4606.9650
33.5600 4634.1625
33.5700 4567.5425
33.5800 4509.0250
33.5900 4418.6075
33.6000 4285.3700
33.6100 4269.1025
33.6200 4280.6975
33.6300 4374.0900
33.6400 4456.7350
33.6500 4311.1575
33.6600 4129.2350
33.6700 4088.6275
33.6800 4122.7575
33.6900 4102.9000
33.7000 4149.2525
33.7100 4198.4575
33.7200 4245.2375
33.7300 4194.9425
33.7400 4073.5725
33.7500 4028.5175
33.7600 4073.2200
33.7700 4128.0225
33.7800 4118.5450
33.7900 4079.4075
33.8000 4153.4000
33.8100 4218.1825
33.8200 4097.8750
33.8300 3976.0600
33.8400 3981.7100
33.8500 4090.0200
33.8600 4074.5850
33.8700 3969.3900
33.8800 4026.5125
33.8900 4035.7400
33.9000 3895.7900
33.9100 3859.7775
33.9200 3842.9075
33.9300 3739.0650
33.9400 3775.0000
33.9500 3939.6600
33.9600 4137.1575
33.9700 4042.4225
33.9800 3879.2675
33.9900 3866.8550
34.0000 3871.0800
34.0100 3835.6300
34.0200 3903.7725
34.0300 3977.2350
34.0400 3996.2250
34.0500 3950.2150
34.0600 3945.1450
34.0700 3988.7325
34.0800 3941.2525
34.0900 3817.6400
34.1000 3664.3400
34.1100 3667.1650
34.1200 3850.5800
34.1300 4001.0325
34.1400 3992.4925
34.1500 3830.4650
34.1600 3810.0850
34.1700 3928.7775
34.1800 3869.5375
34.1900 3812.2100
34.2000 3874.2475
34.2100 3970.6425
34.2200 3863.7300
34.2300 3844.4850
34.2400 3885.8700
34.2500 3759.3950
34.2600 3653.1700
34.2700 3672.2200
34.2800 3733.3325
34.2900 3686.2750
34.3000 3751.4750
34.3100 4014.0650
34.3200 3997.6250
34.3300 3948.5300
34.3400 4050.7975
34.3500 3844.9450
34.3600 3841.8250
34.3700 3929.8000
34.3800 3896.2675
34.3900 3977.4375
34.4000 3937.0275
34.4100 3954.4125
34.4200 4027.2825
34.4300 4098.1775
34.4400 4167.9500
34.4500 4059.7925
34.4600 3914.4600
34.4700 3882.4675
34.4800 4054.3500
34.4900 4464.7575
34.5000 4501.3900
34.5100 4349.4775
34.5200 4545.9150
34.5300 4611.8900
34.5400 4576.1675
34.5500 4852.6675
34.5600 4950.2400
34.5700 4774.1025
34.5800 4897.6875
34.5900 5107.3275
34.6000 5361.9550
34.6100 5606.1775
34.6200 5712.5225
34.6300 5807.5225
34.6400 5951.6225
34.6500 6163.1875
34.6600 6311.9800
34.6700 6419.3825
34.6800 6556.9400
34.6900 6601.7650
34.7000 6720.8150
34.7100 6811.2900
34.7200 6572.7575
34.7300 6522.0075
34.7400 6706.6575
34.7500 6530.1550
34.7600 6383.3950
34.7700 6248.9600
34.7800 6053.5625
34.7900 5998.4300
34.8000 5838.3575
34.8100 5521.3050
34.8200 5506.2750
34.8300 5560.9425
34.8400 5088.1700
34.8500 4740.9575
34.8600 4781.9000
34.8700 4708.1800
34.8800 4652.3350
34.8900 4643.6100
34.9000 4399.5650
34.9100 4175.0000
34.9200 4129.9700
34.9300 4100.0625
34.9400 4128.2275
34.9500 4168.9625
34.9600 4285.4800
34.9700 4201.9650
34.9800 4128.1275
34.9900 4015.4900
35.0000 4009.4925
35.0100 3983.9575
35.0200 3941.8700
35.0300 3961.3250
35.0400 3950.0975
35.0500 3997.9275
35.0600 3977.0925
35.0700 3931.2350
35.0800 3938.5550
35.0900 3936.4375
35.1000 4003.6150
35.1100 4133.0600
35.1200 4100.9825
35.1300 4027.3150
35.1400 4125.8775
35.1500 4098.7700
35.1600 4113.6600
35.1700 4150.7450
35.1800 3892.1675
35.1900 3855.4475
35.2000 3978.7875
35.2100 3945.5725
35.2200 3850.0000
35.2300 3889.1325
35.2400 3979.3575
35.2500 3992.6925
35.2600 3854.3200
35.2700 3686.3175
35.2800 3828.5850
35.2900 4057.1825
35.3000 4036.8525
35.3100 4025.8150
35.3200 3978.4650
35.3300 3970.5750
35.3400 3869.6950
35.3500 3888.7775
35.3600 4112.5550
35.3700 4204.5675
35.3800 4213.9200
35.3900 4076.7875
35.4000 4033.3325
35.4100 4036.2225
35.4200 4067.5975
35.4300 4154.0325
35.4400 4193.4575
35.4500 4024.6300
35.4600 3896.5725
35.4700 4118.3250
35.4800 4250.0000
35.4900 4281.1650
35.5000 4395.3650
35.5100 4437.9750
35.5200 4330.7300
35.5300 4386.3875
35.5400 4450.0625
35.5500 4544.8325
35.5600 4791.8975
35.5700 5016.6675
35.5800 5119.3950
35.5900 5169.3900
35.6000 5285.4050
35.6100 5425.5000
35.6200 5385.3475
35.6300 5617.7775
35.6400 6002.6850
35.6500 6366.0000
35.6600 6517.5025
35.6700 6791.8675
35.6800 7118.8500
35.6900 7495.9875
35.7000 7887.5875
35.7100 8380.1975
35.7200 9070.4500
35.7300 9602.6375
35.7400 9974.0975
35.7500 10248.1250
35.7600 10640.8350
35.7700 10948.9200
35.7800 10842.9600
35.7900 11257.5925
35.8000 11779.0675
35.8100 11798.5750
35.8200 11941.6675
35.8300 11918.3075
35.8400 11781.2500
35.8500 11380.0025
35.8600 10861.9975
35.8700 10606.8775
35.8800 10084.9125
35.8900 9662.2350
35.9000 9401.6775
35.9100 8735.3825
35.9200 8355.9150
35.9300 8070.2625
35.9400 7604.9625
35.9500 7240.5650
35.9600 6888.1200
35.9700 6355.9725
35.9800 6259.6050
35.9900 6244.9525
36.0000 5640.2325
36.0100 5353.1300
36.0200 5194.9350
36.0300 5112.7625
36.0400 5102.6450
36.0500 4818.1300
36.0600 4580.5550
36.0700 4547.8750
36.0800 4590.5825
36.0900 4552.9275
36.1000 4397.4525
36.1100 4373.9450
36.1200 4426.1725
36.1300 4367.8750
36.1400 4235.8225
36.1500 4115.7575
36.1600 4020.1225
36.1700 4052.3500
36.1800 4081.7675
36.1900 4125.3150
36.2000 4111.2775
36.2100 4143.8700
36.2200 4078.6925
36.2300 4110.4125
36.2400 3943.9650
36.2500 3936.2475
36.2600 3856.5925
36.2700 3753.0525
36.2800 3842.3500
36.2900 3968.3250
36.3000 3896.8650
36.3100 3960.3075
36.3200 4033.3325
36.3300 4071.2925
36.3400 4110.4600
36.3500 3886.7525
36.3600 3811.3900
36.3700 3949.5200
36.3800 3876.6925
36.3900 3735.1025
36.4000 3764.6475
36.4100 3867.3975
36.4200 3751.1750
36.4300 3704.9175
36.4400 3798.9325
36.4500 3823.0750
36.4600 3663.4475
36.4700 3815.4425
36.4800 3893.0350
36.4900 3794.0225
36.5000 3892.1200
36.5100 4046.0450
36.5200 4114.5150
36.5300 3995.8325
36.5400 3783.4225
36.5500 3780.7225
36.5600 3969.0900
36.5700 3901.6900
36.5800 3938.3300
36.5900 3800.0000
36.6000 3797.9700
36.6100 3838.1925
36.6200 3969.2275
36.6300 3981.2125
36.6400 4144.3325
36.6500 4119.9225
36.6600 4123.7900
36.6700 3970.8975
36.6800 4109.3925
36.6900 4129.3925
36.7000 4068.9125
36.7100 4303.6500
36.7200 4459.8975
36.7300 4567.2750
36.7400 4514.7375
36.7500 4492.0525
36.7600 4709.0350
36.7700 4694.7350
36.7800 4744.6900
36.7900 4885.1200
36.8000 5229.5800
36.8100 5237.2300
36.8200 5308.3325
36.8300 5308.3325
36.8400 5315.7175
36.8500 5367.4050
36.8600 5476.6400
36.8700 5603.6475
36.8800 5795.9575
36.8900 5671.7850
36.9000 5589.2025
36.9100 5498.0400
36.9200 5272.6550
36.9300 5178.9650
36.9400 5360.8750
36.9500 5509.1550
36.9600 5369.3775
36.9700 4993.3850
36.9800 4737.5100
36.9900 4827.0400
37.0000 4870.1100
37.0100 4857.6325
37.0200 4700.3475
37.0300 4435.9550
37.0400 4300.2300
37.0500 4366.6675
37.0600 4376.7100
37.0700 4390.0125
37.0800 4241.8825
37.0900 4076.6500
37.1000 4116.1775
37.1100 4215.6825
37.1200 4031.0900
37.1300 3861.3275
37.1400 3892.2300
37.1500 3844.2275
37.1600 3929.7825
37.1700 3954.7600
37.1800 3970.2650
37.1900 3946.8600
37.2000 3948.9575
37.2100 4055.5250
37.2200 4226.5475
37.2300 4222.5650
37.2400 4130.6225
37.2500 3968.3450
37.2600 4117.4300
37.2700 4101.4075
37.2800 4178.8400
37.2900 4156.8425
37.3000 4124.8075
37.3100 4046.6525
37.3200 4282.1625
37.3300 4520.8475
37.3400 4392.0300
37.3500 4423.2450
37.3600 4342.0350
37.3700 4186.1825
37.3800 4239.6750
37.3900 4447.4200
37.4000 4515.2650
37.4100 4505.5475
37.4200 4509.6625
37.4300 4650.9150
37.4400 4913.8050
37.4500 4922.6300
37.4600 4866.8975
37.4700 5158.5575
37.4800 5596.7275
37.4900 5878.8200
37.5000 6100.0550
37.5100 6322.4400
37.5200 6805.2075
37.5300 6854.0350
37.5400 7032.2325
37.5500 7455.5350
37.5600 7913.6675
37.5700 8547.9100
37.5800 8850.4850
37.5900 9171.0625
37.6000 9997.3175
37.6100 10569.7125
37.6200 10938.4125
37.6300 11040.8850
37.6400 11244.6650
37.6500 11635.8000
37.6600 11802.3725
37.6700 11823.7325
37.6800 11812.8850
37.6900 11491.4575
37.7000 11482.8950
37.7100 11033.1550
37.7200 10546.9425
37.7300 10754.4700
37.7400 10433.8775
37.7500 9811.1725
37.7600 9165.0150
37.7700 8706.8250
37.7800 8599.3500
37.7900 8264.9925
37.8000 7844.0350
37.8100 7282.1825
37.8200 6794.5925
37.8300 6605.1725
37.8400 6281.7450
37.8500 5807.1800
37.8600 5796.2875
37.8700 5340.9225
37.8800 5283.0000
37.8900 5308.9450
37.9000 5034.2250
37.9100 4773.1500
37.9200 4614.0150
37.9300 4482.9425
37.9400 4581.7675
37.9500 4373.1200
37.9600 4362.9925
37.9700 4402.7700
37.9800 4414.0275
37.9900 4288.7675
38.0000 3988.0775
38.0100 3951.2250
38.0200 3911.0250
38.0300 4067.1575
38.0400 3991.3725
38.0500 3933.7475
38.0600 4065.5825
38.0700 3909.1700
38.0800 3929.9150
38.0900 4059.0125
38.1000 4118.9700
38.1100 3888.2875
38.1200 3711.1050
38.1300 3841.7675
38.1400 4060.8375
38.1500 3828.6275
38.1600 3715.1650
38.1700 3868.1650
38.1800 3890.7400
38.1900 3963.0075
38.2000 3919.2150
38.2100 3870.4775
38.2200 3998.5900
38.2300 3974.9725
38.2400 3884.0225
38.2500 3876.0475
38.2600 3718.7675
38.2700 3939.9475
38.2800 3993.1725
38.2900 3711.5175
38.3000 3662.6975
38.3100 3813.5375
38.3200 3774.3825
38.3300 3775.7900
38.3400 3886.2725
38.3500 3813.1250
38.3600 3760.8525
38.3700 3684.4775
38.3800 3697.7450
38.3900 3678.8700
38.4000 3833.0800
38.4100 3605.0875
38.4200 3805.2800
38.4300 3871.3975
38.4400 3690.1375
38.4500 3667.1675
38.4600 3683.8550
38.4700 3822.1025
38.4800 3767.8900
38.4900 3654.6500
38.5000 3728.7750
38.5100 3648.6600
38.5200 3628.9400
38.5300 3706.0025
38.5400 3812.0500
38.5500 3719.6625
38.5600 3618.6750
38.5700 3650.8775
38.5800 3511.5000
38.5900 3749.2525
38.6000 3734.0625
38.6100 3745.3725
38.6200 3646.5225
38.6300 3754.9550
38.6400 3670.4000
38.6500 3556.7350
38.6600 3510.7700
38.6700 3366.4650
38.6800 3589.1725
38.6900 3748.5850
38.7000 3699.0325
38.7100 3422.3575
38.7200 3341.9225
38.7300 3360.3300
38.7400 3699.7625
38.7500 3690.3025
38.7600 3647.1225
38.7700 3845.8200
38.7800 3681.9350
38.7900 3630.9025
38.8000 3886.5950
38.8100 4030.0675
38.8200 3867.5225
38.8300 3492.8925
38.8400 3558.9100
38.8500 3591.6675
38.8600 3591.1650
38.8700 3559.8400
38.8800 3669.8625
38.8900 3914.8200
38.9000 3756.4875
38.9100 3583.3325
38.9200 3585.9575
38.9300 3898.3300
38.9400 3666.2650
38.9500 3600.4900
38.9600 3699.4025
38.9700 3542.2175
38.9800 3750.0625
38.9900 3791.6950
39.0000 3866.6100
39.0100 3691.9975
39.0200 3616.8950
39.0300 3741.1450
39.0400 3766.5350
39.0500 3874.3025
39.0600 3726.1375
39.0700 3725.0000
39.0800 3873.5175
39.0900 3949.1725
39.1000 3760.6650
39.1100 3692.5550
39.1200 3814.8600
39.1300 3988.9350
39.1400 4270.2525
39.1500 4004.9250
39.1600 3795.6375
39.1700 3848.8200
39.1800 3890.7775
39.1900 3850.9375
39.2000 3833.7275
39.2100 3719.5650
39.2200 3765.3675
39.2300 3839.6300
39.2400 3736.4000
39.2500 3741.4200
39.2600 3757.8225
39.2700 3726.0600
39.2800 3845.8800
39.2900 3978.7825
39.3000 3999.4125
39.3100 4040.1475
39.3200 4258.2000
39.3300 4058.4075
39.3400 4066.0000
39.3500 3954.8000
39.3600 3870.1925
39.3700 3675.3650
39.3800 3754.2375
39.3900 3877.6025
39.4000 3986.5725
39.4100 4197.8900
39.4200 4224.1775
39.4300 4130.0550
39.4400 4401.5750
39.4500 4471.9125
39.4600 4467.1175
39.4700 4726.4600
39.4800 4773.1175
39.4900 4578.6825
39.5000 4550.9800
39.5100 4683.1600
39.5200 5012.4100
39.5300 5306.7900
39.5400 5309.3925
39.5500 5339.5050
39.5600 5411.7150
39.5700 5727.5975
39.5800 6138.1625
39.5900 6135.6525
39.6000 6048.1575
39.6100 6644.8625
39.6200 7139.6150
39.6300 7452.6775
39.6400 7598.2500
39.6500 7800.6625
39.6600 7847.4000
39.6700 8133.9025
39.6800 8112.3550
39.6900 8261.3900
39.7000 8366.7125
39.7100 8359.7350
39.7200 8228.7500
39.7300 8406.9775
39.7400 8265.3500
39.7500 7953.9050
39.7600 7720.2850
39.7700 7548.5625
39.7800 7389.6600
39.7900 7050.2825
39.8000 7092.0800
39.8100 6670.7225
39.8200 6339.2025
39.8300 6368.4200
39.8400 6134.9825
39.8500 5891.1150
39.8600 5582.4225
39.8700 5542.5300
39.8800 5213.4450
39.8900 5026.0150
39.9000 5171.9925
39.9100 5057.9500
39.9200 4722.6750
39.9300 4527.7625
39.9400 4523.1300
39.9500 4414.1875
39.9600 4333.6050
39.9700 4420.7675
39.9800 4256.7775
39.9900 4115.7950
40.0000 4246.7150
40.0100 4310.6175
40.0200 4097.2200
40.0300 4176.2350
40.0400 4111.4325
40.0500 4049.0150
40.0600 3983.4800
40.0700 3967.7375
40.0800 3981.1725
40.0900 4019.5425
40.1000 4140.7025
40.1100 4129.4500
40.1200 4125.0000
40.1300 3981.0000
40.1400 3879.2500
40.1500 3758.9825
40.1600 3770.3400
40.1700 3911.0000
40.1800 3904.7450
40.1900 3942.8200
40.2000 3864.4850
40.2100 3800.1900
40.2200 3869.8225
40.2300 3890.4275
40.2400 3898.7500
40.2500 3871.7075
40.2600 3909.0425
40.2700 4100.0175
40.2800 4020.6725
40.2900 3838.2950
40.3000 3773.2325
40.3100 3731.6200
40.3200 3662.0125
40.3300 3768.7950
40.3400 3952.1425
40.3500 3913.6675
40.3600 3900.0000
40.3700 3872.2200
40.3800 3755.7175
40.3900 3857.9575
40.4000 3876.4200
40.4100 3909.5100
40.4200 3999.3600
40.4300 4174.9150
40.4400 4043.4625
40.4500 3953.4625
40.4600 4085.4750
40.4700 4000.4350
40.4800 4104.7000
40.4900 4242.3800
40.5000 4069.3350
40.5100 4038.5875
40.5200 4129.8425
40.5300 4177.0875
40.5400 4183.3325
40.5500 4142.8325
40.5600 4106.3775
40.5700 4140.3700
40.5800 4156.7175
40.5900 4279.0475
40.6000 4248.0750
40.6100 4213.2800
40.6200 4281.7400
40.6300 4473.2225
40.6400 4490.0600
40.6500 4496.6150
40.6600 4546.4050
40.6700 4485.5325
40.6800 4519.5250
40.6900 4737.8150
40.7000 4890.4450
40.7100 4699.7225
40.7200 4910.7500
40.7300 5160.2350
40.7400 5450.3425
40.7500 5627.6700
40.7600 5743.0750
40.7700 5935.8600
40.7800 6197.7100
40.7900 6401.0050
40.8000 6966.0550
40.8100 7181.2950
40.8200 7535.4800
40.8300 8006.8750
40.8400 8348.1150
40.8500 8416.6675
40.8600 8762.6275
40.8700 9627.7250
40.8800 10171.1600
40.8900 10107.3425
40.9000 10039.2475
40.9100 10261.9475
40.9200 10485.4725
40.9300 10501.6950
40.9400 10535.8825
40.9500 10543.6950
40.9600 10359.1450
40.9700 10180.6325
40.9800 9991.1600
40.9900 9778.9125
41.0000 9268.8675
41.0100 8873.4225
41.0200 8648.4775
41.0300 8165.0050
41.0400 7768.5550
41.0500 7448.0625
41.0600 7039.1300
41.0700 6801.6300
41.0800 6622.8800
41.0900 6200.1225
41.1000 5876.5100
41.1100 5594.0425
41.1200 5278.3350
41.1300 5112.3725
41.1400 5022.4525
41.1500 4933.1575
41.1600 4811.2950
41.1700 4684.2000
41.1800 4656.0425
41.1900 4604.0600
41.2000 4462.9600
41.2100 4428.6800
41.2200 4403.3550
41.2300 4248.0550
41.2400 4018.4725
41.2500 3890.3950
41.2600 4033.2375
41.2700 4171.2475
41.2800 4176.2975
41.2900 4083.8725
41.3000 4215.2625
41.3100 4153.7425
41.3200 3970.6650
41.3300 3975.3375
41.3400 3953.1575
41.3500 4026.8300
41.3600 3891.7100
41.3700 3828.3075
41.3800 4030.8150
41.3900 4076.0900
41.4000 3832.7300
41.4100 3796.8350
41.4200 3796.1950
41.4300 3823.5775
41.4400 3910.5150
41.4500 3832.8800
41.4600 3663.3450
41.4700 3847.8100
41.4800 3907.1250
41.4900 3639.1775
41.5000 3700.6500
41.5100 3851.1850
41.5200 3776.1300
41.5300 3668.6975
41.5400 3770.8900
41.5500 3726.8100
41.5600 3814.8625
41.5700 3749.3525
41.5800 3694.4750
41.5900 3716.6750
41.6000 3869.2075
41.6100 3886.3225
41.6200 3764.4525
41.6300 3727.6875
41.6400 3700.3425
41.6500 3825.9750
41.6600 3889.0525
41.6700 3948.8775
41.6800 3787.1350
41.6900 3797.5275
41.7000 3847.4825
41.7100 3809.1850
41.7200 3640.4275
41.7300 3693.0650
41.7400 3589.2225
41.7500 3631.1550
41.7600 3777.9200
41.7700 3725.8775
41.7800 3792.2225
41.7900 3799.8550
41.8000 3729.5400
41.8100 3586.6250
41.8200 3463.8725
41.8300 3496.5375
41.8400 3654.1950
41.8500 3766.9400
41.8600 3687.0625
41.8700 3750.2300
41.8800 3892.6725
41.8900 3704.8300
41.9000 3597.7525
41.9100 3782.0600
41.9200 3826.6150
41.9300 3735.0850
41.9400 3705.1325
41.9500 3882.3800
41.9600 3802.7225
41.9700 3601.8275
41.9800 3631.3075
41.9900 3587.0175
42.0000 3459.2625
42.0100 3689.0625
42.0200 3766.0300
42.0300 3534.3600
42.0400 3425.0000
42.0500 3449.9725
42.0600 3586.2300
42.0700 3607.0350
42.0800 3665.8025
42.0900 3743.2225
42.1000 3695.7525
42.1100 3663.2525
42.1200 3784.4200
42.1300 3744.3200
42.1400 3619.2825
42.1500 3703.6450
42.1600 3623.0875
42.1700 3556.7650
42.1800 3649.6350
42.1900 3696.4850
42.2000 3647.1425
42.2100 3608.3325
42.2200 3641.7925
42.2300 3752.4750
42.2400 3854.7025
42.2500 3797.9825
42.2600 3756.9775
42.2700 3727.8375
42.2800 3602.3025
42.2900 3528.6425
42.3000 3604.5225
42.3100 3722.6475
42.3200 3757.3625
42.3300 3717.5250
42.3400 3705.5450
42.3500 3661.3025
42.3600 3616.6675
42.3700 3745.1275
42.3800 3749.3500
42.3900 3652.9800
42.4000 3496.0925
42.4100 3497.4775
42.4200 3645.2325
42.4300 3723.9275
42.4400 3816.8000
42.4500 3794.9150
42.4600 3742.2750
42.4700 3785.6675
42.4800 3861.1200
42.4900 3842.3800
42.5000 3690.0200
42.5100 3569.1550
42.5200 3581.2050
42.5300 3704.2700
42.5400 3962.3850
42.5500 4020.5025
42.5600 3868.5675
42.5700 3799.3550
42.5800 3744.5000
42.5900 3742.7450
42.6000 3770.7125
42.6100 3783.7675
42.6200 3778.6900
42.6300 3843.3125
42.6400 4035.1275
42.6500 3968.5450
42.6600 3867.3475
42.6700 3975.2950
42.6800 3999.9350
42.6900 4016.6900
42.7000 4008.4375
42.7100 3892.0925
42.7200 3948.8175
42.7300 4231.5250
42.7400 4288.9625
42.7500 4302.0900
42.7600 4608.2600
42.7700 4637.6825
42.7800 4369.2400
42.7900 4484.8900
42.8000 4656.0350
42.8100 4567.9225
42.8200 4681.1925
42.8300 4722.1850
42.8400 4551.9725
42.8500 4500.4225
42.8600 4479.8400
42.8700 4490.2400
42.8800 4618.4700
42.8900 4690.4125
42.9000 4579.4500
42.9100 4469.5850
42.9200 4309.1575
42.9300 4182.6950
42.9400 4341.2050
42.9500 4558.6950
42.9600 4494.1175
42.9700 4513.8700
42.9800 4533.6800
42.9900 4231.6400
43.0000 4160.8725
43.0100 4165.1750
43.0200 4087.9400
43.0300 4079.6225
43.0400 4208.1325
43.0500 4279.2050
43.0600 4187.7000
43.0700 4360.3125
43.0800 4500.5425
43.0900 4345.8150
43.1000 4171.0725
43.1100 4212.5800
43.1200 4323.8425
43.1300 4283.2900
43.1400 4205.9850
43.1500 4234.2300
43.1600 4387.0625
43.1700 4562.4175
43.1800 4751.1975
43.1900 4900.5575
43.2000 4762.3350
43.2100 4713.6550
43.2200 4936.2500
43.2300 5075.5125
43.2400 5086.3125
43.2500 5128.0150
43.2600 5213.2725
43.2700 5231.9950
43.2800 5401.3200
43.2900 5690.5150
43.3000 5791.6150
43.3100 5877.9675
43.3200 6142.9200
43.3300 6358.5950
43.3400 6746.9400
43.3500 7138.2425
43.3600 7408.4225
43.3700 7717.1100
43.3800 8023.3975
43.3900 8486.3800
43.4000 9061.0550
43.4100 9635.5925
43.4200 10175.1450
43.4300 10717.3200
43.4400 11390.6550
43.4500 11730.2075
43.4600 12020.7225
43.4700 12606.5275
43.4800 13082.2025
43.4900 13722.3700
43.5000 13985.0150
43.5100 14357.5050
43.5200 14832.4300
43.5300 15111.3475
43.5400 15119.6650
43.5500 15053.3700
43.5600 14788.3650
43.5700 14523.9300
43.5800 14424.0075
43.5900 14133.1450
43.6000 13956.0825
43.6100 14295.6525
43.6200 14296.1825
43.6300 13949.7250
43.6400 14067.5350
43.6500 14202.8400
43.6600 13862.0875
43.6700 13647.0850
43.6800 13608.2150
43.6900 13502.6400
43.7000 13410.9375
43.7100 13646.1100
43.7200 13697.3850
43.7300 13209.4400
43.7400 13034.7450
43.7500 12975.9775
43.7600 13083.9125
43.7700 12844.6525
43.7800 12243.8950
43.7900 11962.8825
43.8000 11898.9550
43.8100 11234.5875
43.8200 10715.5100
43.8300 10429.7675
43.8400 10178.8325
43.8500 9726.1175
43.8600 9077.2650
43.8700 8632.5600
43.8800 8619.9325
43.8900 8320.8350
43.9000 7822.9525
43.9100 7884.6675
43.9200 7597.9225
43.9300 7021.1425
43.9400 6738.8150
43.9500 6411.4150
43.9600 6208.1525
43.9700 5939.6450
43.9800 5657.3975
43.9900 5544.8075
44.0000 5438.9675
44.0100 5403.2925
44.0200 5129.3325
44.0300 4870.3175
44.0400 4775.7875
44.0500 4733.3325
44.0600 4719.9025
44.0700 4687.7800
44.0800 4684.5400
44.0900 4584.6325
44.1000 4425.0000
44.1100 4431.4900
44.1200 4374.8000
44.1300 4177.5350
44.1400 4254.5175
44.1500 4283.0125
44.1600 4195.8625
44.1700 4264.4325
44.1800 4362.4500
44.1900 4289.1925
44.2000 4055.4175
44.2100 4160.0625
44.2200 4213.6400
44.2300 4281.3500
44.2400 4212.0500
44.2500 4053.2300
44.2600 4153.5175
44.2700 4055.7275
44.2800 4239.7600
44.2900 4204.9675
44.3000 4044.5550
44.3100 3905.0050
44.3200 4175.9525
44.3300 4128.0400
44.3400 4051.8150
44.3500 4074.5275
44.3600 4186.8525
44.3700 4383.3325
44.3800 4348.2675
44.3900 4228.8325
44.4000 4288.7800
44.4100 4338.2525
44.4200 4374.0575
44.4300 4598.5150
44.4400 4749.9125
44.4500 4854.9350
44.4600 4809.8050
44.4700 4615.9275
44.4800 4958.5775
44.4900 5123.7500
44.5000 5275.1700
44.5100 5530.4750
44.5200 5723.0500
44.5300 5864.5500
44.5400 6124.4750
44.5500 6592.3800
44.5600 7010.7700
44.5700 7019.8025
44.5800 7249.3925
44.5900 7573.5350
44.6000 7861.9825
44.6100 8127.7925
44.6200 8115.4375
44.6300 8051.5725
44.6400 8437.7750
44.6500 8688.0000
44.6600 8927.5650
44.6700 8693.2250
44.6800 8804.5275
44.6900 8763.2125
44.7000 8180.5575
44.7100 8366.5550
44.7200 8167.6625
44.7300 8051.3700
44.7400 7617.8575
44.7500 7580.3375
44.7600 7243.4025
44.7700 6819.9375
44.7800 6675.4400
44.7900 6581.6425
44.8000 6264.9325
44.8100 6070.0500
44.8200 6293.2600
44.8300 6081.9825
44.8400 5686.8175
44.8500 5384.1550
44.8600 5140.0000
44.8700 5053.8750
44.8800 4935.1025
44.8900 4746.9100
44.9000 4645.2325
44.9100 4506.7175
44.9200 4215.0600
44.9300 4133.3325
44.9400 4122.0050
44.9500 4016.4475
44.9600 3951.7350
44.9700 4057.3025
44.9800 4190.3175
44.9900 4083.3975
45.0000 3940.4875
45.0100 4087.8750
45.0200 4041.8375
45.0300 3969.2200
45.0400 4071.9825
45.0500 3960.3975
45.0600 4085.1525
45.0700 4184.8050
45.0800 3998.6700
45.0900 3895.2650
45.1000 4057.5700
45.1100 4270.2400
45.1200 4418.6325
45.1300 4315.3325
45.1400 4089.6050
45.1500 4415.0775
45.1600 4395.7725
45.1700 4476.2200
45.1800 4770.8250
45.1900 4968.0400
45.2000 4841.4975
45.2100 4689.9425
45.2200 4674.4975
45.2300 4997.2625
45.2400 5278.4325
45.2500 5366.0550
45.2600 5714.2275
45.2700 5661.3200
45.2800 5739.3225
45.2900 5881.8150
45.3000 5631.8925
45.3100 6067.7275
45.3200 6099.2550
45.3300 6068.0400
45.3400 5826.5075
45.3500 5891.0800
45.3600 6204.8750
45.3700 6054.1325
45.3800 6256.4025
45.3900 6153.8225
45.4000 6386.3750
45.4100 6003.6175
45.4200 5610.1250
45.4300 5792.6375
45.4400 5917.6250
45.4500 6082.0600
45.4600 5741.5250
45.4700 5658.3600
45.4800 5300.8400
45.4900 5524.0175
45.5000 5690.6000
45.5100 5749.5075
45.5200 5535.6000
45.5300 5697.9175
45.5400 5568.6025
45.5500 5558.4725
45.5600 5255.7350
45.5700 5298.9675
45.5800 4909.0725
45.5900 4794.3450
45.6000 4986.3125
45.6100 5096.8775
45.6200 4663.8875
45.6300 4617.7625
45.6400 4705.1275
45.6500 4547.8350
45.6600 4309.4425
45.6700 4443.8300
45.6800 4521.7600
45.6900 4151.0550
45.7000 3974.5500
45.7100 3895.3700
45.7200 3970.7150
45.7300 3888.2375
45.7400 3812.5000
45.7500 3745.5100
45.7600 3725.9950
45.7700 3771.9100
45.7800 3579.9700
45.7900 3410.9900
45.8000 3640.7625
45.8100 3681.5800
45.8200 3466.8425
45.8300 3341.9975
45.8400 3294.8475
45.8500 3276.3075
45.8600 3221.3650
45.8700 3254.8900
45.8800 3220.1975
45.8900 3300.3750
45.9000 3209.6300
45.9100 3162.1250
45.9200 3082.7575
45.9300 3157.9400
45.9400 3279.5050
45.9500 3381.7250
45.9600 3234.4325
45.9700 3104.6200
45.9800 3128.9275
45.9900 3244.8525
46.0000 3176.7450
46.0100 3203.6625
46.0200 3134.5150
46.0300 3073.4525
46.0400 3074.0125
46.0500 3118.9725
46.0600 3095.7550
46.0700 3026.0275
46.0800 3198.5575
46.0900 3246.7725
46.1000 3068.9975
46.1100 3178.8900
46.1200 3120.7500
46.1300 3072.4000
46.1400 3224.3825
46.1500 3471.6825
46.1600 3344.2700
46.1700 3060.5125
46.1800 3073.4475
46.1900 3203.6875
46.2000 3097.8900
46.2100 3194.7450
46.2200 3209.6400
46.2300 3166.2850
46.2400 3228.2325
46.2500 3158.0025
46.2600 3030.4025
46.2700 3029.1400
46.2800 3019.4975
46.2900 2982.1675
46.3000 2885.5350
46.3100 2914.7125
46.3200 3013.9950
46.3300 3040.1600
46.3400 3075.7150
46.3500 2988.2550
46.3600 3163.0900
46.3700 3208.3325
46.3800 3073.5950
46.3900 3061.8225
46.4000 3046.5650
46.4100 3028.3025
46.4200 3151.6175
46.4300 3156.7500
46.4400 3143.3725
46.4500 3128.4475
46.4600 3012.9525
46.4700 3029.3425
46.4800 2936.7975
46.4900 2954.0850
46.5000 3044.8800
46.5100 3131.6600
46.5200 3078.7100
46.5300 3135.8850
46.5400 3209.8875
46.5500 3070.7825
46.5600 3159.5525
46.5700 3238.3325
46.5800 3078.0000
46.5900 2955.1300
46.6000 2895.3325
46.6100 3028.5750
46.6200 3213.5200
46.6300 3157.8875
46.6400 3106.2225
46.6500 3249.7750
46.6600 3194.2250
46.6700 3046.6700
46.6800 3132.0300
46.6900 3156.5025
46.7000 3039.3425
46.7100 3030.6450
46.7200 3072.2175
46.7300 3144.2475
46.7400 3063.4275
46.7500 2982.6225
46.7600 3111.5150
46.7700 3142.6000
46.7800 3145.3300
46.7900 3203.8125
46.8000 3189.2375
46.8100 3032.4050
46.8200 3111.2200
46.8300 3172.5700
46.8400 2951.3750
46.8500 2940.4575
46.8600 2916.5275
46.8700 2891.6675
46.8800 3106.6100
46.8900 3107.3550
46.9000 2985.8675
46.9100 2886.7225
46.9200 3007.4025
46.9300 3017.8550
46.9400 2951.7975
46.9500 3132.0075
46.9600 3230.6575
46.9700 3143.1200
46.9800 3156.1925
46.9900 3048.9300
47.0000 2955.4275
47.0100 2980.6000
47.0200 3066.5125
47.0300 3160.7600
47.0400 3213.6850
47.0500 3159.1775
47.0600 3146.8650
47.0700 3098.4175
47.0800 3034.1000
47.0900 3022.0750
47.1000 3089.6700
47.1100 2980.0125
47.1200 2894.6500
47.1300 2960.9725
47.1400 2968.1275
47.1500 2912.9525
47.1600 3007.6775
47.1700 3048.7300
47.1800 2944.3475
47.1900 2949.0325
47.2000 3191.1625
47.2100 3347.7250
47.2200 3325.4125
47.2300 3253.7625
47.2400 3184.0575
47.2500 3255.2025
47.2600 3316.6675
47.2700 3316.6675
47.2800 3241.0700
47.2900 3081.2200
47.3000 3058.3400
47.3100 3261.0250
47.3200 3290.6550
47.3300 3109.7850
47.3400 2995.4675
47.3500 3058.3450
47.3600 3204.5600
47.3700 3149.9475
47.3800 3027.9175
47.3900 3043.4150
47.4000 3050.9800
47.4100 2971.1350
47.4200 2963.1175
47.4300 3039.1150
47.4400 2923.7950
47.4500 2930.6725
47.4600 3015.6300
47.4700 3064.3225
47.4800 3085.1050
47.4900 3011.1550
47.5000 2952.8475
47.5100 2886.6300
47.5200 2827.9675
47.5300 2898.5025
47.5400 2984.7725
47.5500 3004.5075
47.5600 3093.5800
47.5700 3068.4000
47.5800 2934.4200
47.5900 2953.6400
47.6000 2981.8925
47.6100 2874.9850
47.6200 2917.9000
47.6300 3033.6925
47.6400 3119.5450
47.6500 3109.8425
47.6600 3020.4750
47.6700 3085.1275
47.6800 3120.1175
47.6900 2960.7775
47.7000 2904.7550
47.7100 2983.4100
47.7200 2925.0200
47.7300 2870.7275
47.7400 2912.2925
47.7500 2933.3325
47.7600 2945.5875
47.7700 2942.0750
47.7800 2937.1325
47.7900 3010.3600
47.8000 3042.9700
47.8100 2912.7300
47.8200 2931.1925
47.8300 3050.8950
47.8400 2998.0300
47.8500 2989.5525
47.8600 3005.5900
47.8700 3021.9475
47.8800 3047.4600
47.8900 2990.6125
47.9000 3026.0075
47.9100 3075.0875
47.9200 3025.0000
47.9300 3025.0000
47.9400 3058.4675
47.9500 3129.5850
47.9600 3177.7000
47.9700 3151.4375
47.9800 3063.6325
47.9900 2976.8875
48.0000 3036.4700
48.0100 3301.3175
48.0200 3383.6850
48.0300 3293.9350
48.0400 3276.7100
48.0500 3243.8125
48.0600 3261.8050
48.0700 3290.8300
48.0800 3359.3125
48.0900 3411.7450
48.1000 3426.8375
48.1100 3451.7750
48.1200 3376.2525
48.1300 3324.8675
48.1400 3529.3775
48.1500 3577.6925
48.1600 3466.6675
48.1700 3512.1000
48.1800 3515.6175
48.1900 3430.7600
48.2000 3511.2300
48.2100 3605.4700
48.2200 3607.1100
48.2300 3540.6375
48.2400 3490.9000
48.2500 3470.2850
48.2600 3560.8600
48.2700 3587.0700
48.2800 3568.1000
48.2900 3501.1300
48.3000 3342.8500
48.3100 3398.6350
48.3200 3429.9325
48.3300 3376.2950
48.3400 3336.9100
48.3500 3297.4875
48.3600 3118.6500
48.3700 3078.1375
48.3800 3105.4350
48.3900 3094.4825
48.4000 3149.8625
48.4100 3227.6475
48.4200 3222.7550
48.4300 3134.2250
48.4400 3061.3025
48.4500 3065.9700
48.4600 3094.7200
48.4700 3007.3675
48.4800 2971.5900
48.4900 3224.8275
48.5000 3162.7825
48.5100 3151.1000
48.5200 3143.8200
48.5300 3331.6925
48.5400 3305.8600
48.5500 3275.4875
48.5600 3250.6875
48.5700 3321.2875
48.5800 3193.7625
48.5900 2994.9675
48.6000 3188.0850
48.6100 3438.1575
48.6200 3526.0850
48.6300 3450.7950
48.6400 3486.3050
48.6500 3509.9475
48.6600 3542.7000
48.6700 3703.1125
48.6800 3712.6275
48.6900 3658.7675
48.7000 3894.2075
48.7100 3988.0325
48.7200 4058.1675
48.7300 3941.6150
48.7400 3968.7150
48.7500 4001.3625
48.7600 4129.4875
48.7700 4257.1300
48.7800 4133.2150
48.7900 3939.9825
48.8000 4080.0825
48.8100 4291.6675
48.8200 4280.3925
48.8300 4256.5300
48.8400 4326.7000
48.8500 4349.9150
48.8600 4176.6800
48.8700 4054.4425
48.8800 3897.4025
48.8900 3908.0375
48.9000 4219.8750
48.9100 4119.0125
48.9200 3813.3275
48.9300 3840.3550
48.9400 3785.2750
48.9500 4006.4075
48.9600 4023.8500
48.9700 3959.9475
48.9800 3872.1725
48.9900 3887.8475
49.0000 3639.9825
49.0100 3421.0400
49.0200 3323.5475
49.0300 3339.5550
49.0400 3416.1800
49.0500 3266.6525
49.0600 3388.2550
49.0700 3533.5750
49.0800 3249.8550
49.0900 3123.1750
49.1000 3176.2600
49.1100 3297.6625
49.1200 3379.2125
49.1300 3104.5075
49.1400 3064.3900
49.1500 3215.9825
49.1600 3022.1525
49.1700 3108.3325
49.1800 3105.0075
49.1900 3065.9425
49.2000 2974.5050
49.2100 3132.2700
49.2200 3066.6675
49.2300 3062.6625
49.2400 3031.3750
49.2500 3020.4975
49.2600 3057.4900
49.2700 3108.4350
49.2800 3042.5600
49.2900 3056.9725
49.3000 3095.4175
49.3100 2914.9600
49.3200 2989.5225
49.3300 3121.8600
49.3400 3085.5575
49.3500 3039.1000
49.3600 3185.4950
49.3700 3196.4525
49.3800 3057.1850
49.3900 2947.3775
49.4000 2923.0075
49.4100 2999.3875
49.4200 2992.8475
49.4300 3020.2875
49.4400 3178.9525
49.4500 3112.4600
49.4600 3050.5050
49.4700 3065.5725
49.4800 3187.9425
49.4900 3263.5900
49.5000 3203.3200
49.5100 3115.4625
49.5200 3251.9675
49.5300 3120.5475
49.5400 3213.9625
49.5500 3349.0725
49.5600 3318.9575
49.5700 3161.4425
49.5800 3506.8675
49.5900 3448.5325
49.6000 3098.5025
49.6100 3376.0750
49.6200 3422.0050
49.6300 3270.4750
49.6400 3499.7725
49.6500 3483.7975
49.6600 3525.7800
49.6700 3617.1575
49.6800 3699.6700
49.6900 3600.0975
49.7000 3741.3950
49.7100 3965.6500
49.7200 4016.3100
49.7300 4033.1700
49.7400 4082.7175
49.7500 4255.7175
49.7600 4454.8225
49.7700 4384.8450
49.7800 4595.0675
49.7900 4892.3875
49.8000 4786.5975
49.8100 4823.7250
49.8200 4752.4900
49.8300 4894.6300
49.8400 4948.0800
49.8500 5165.7700
49.8600 5015.6050
49.8700 4722.2050
49.8800 4922.3425
49.8900 5051.9000
49.9000 5081.9825
49.9100 4926.1125
49.9200 4736.3625
49.9300 4787.5400
49.9400 4549.9975
49.9500 4486.6900
49.9600 4553.1025
49.9700 4488.7600
49.9800 4352.2850
49.9900 4203.3000
