5.03524,0.16032
5.05194,0.16188
5.06864,0.15777
5.08534,0.15224
5.10204,0.15668
5.11874,0.15914
5.13544,0.15673
5.15214,0.16117
5.16884,0.15824
5.18563,0.16046
5.20233,0.15564
5.21903,0.15867
5.23573,0.15526
5.25243,0.1538
5.26913,0.15711
5.28583,0.15427
5.30253,0.15101
5.31923,0.1537
5.33603,0.15035
5.35273,0.15715
5.36943,0.15418
5.38613,0.15337
5.40283,0.15323
5.41953,0.1521
5.43623,0.15578
5.45293,0.15266
5.46963,0.15191
5.48643,0.15446
5.50313,0.15593
5.51983,0.15394
5.53653,0.15885
5.55323,0.15375
5.56993,0.15281
5.58663,0.15616
5.60333,0.15243
5.62013,0.1538
5.63683,0.15087
5.65353,0.15281
5.67023,0.15833
5.68693,0.15129
5.70363,0.15578
5.72033,0.14728
5.73703,0.15224
5.75373,0.14978
5.77053,0.15233
5.78723,0.1512
5.80393,0.14666
5.82063,0.15077
5.83733,0.15148
5.85403,0.14737
5.87073,0.15129
5.88743,0.15044
5.90413,0.14676
5.92093,0.14629
5.93763,0.15016
5.95433,0.14709
5.97103,0.15347
5.98773,0.14709
6.00443,0.14959
6.02113,0.14709
6.03783,0.15134
6.05453,0.15144
6.07133,0.14912
6.08803,0.14803
6.10473,0.14515
6.12143,0.1529
6.13813,0.1409
6.15483,0.15238
6.17153,0.146
6.18823,0.14241
6.20493,0.14284
6.22173,0.14969
6.23843,0.14766
6.25513,0.14718
6.27183,0.14714
6.28852,0.14926
6.30522,0.14638
6.32192,0.14156
6.33862,0.14312
6.35532,0.14232
6.37212,0.14038
6.38882,0.14095
6.40552,0.14359
6.42222,0.14303
6.43892,0.14997
6.45562,0.13679
6.47232,0.14359
6.48902,0.13613
6.50572,0.1418
6.52252,0.14596
6.53922,0.14643
6.55592,0.14203
6.57262,0.13967
6.58932,0.14506
6.60602,0.1461
6.62272,0.14411
6.63942,0.14066
6.65612,0.13712
6.67292,0.13854
6.68962,0.14132
6.70632,0.14388
6.72302,0.14633
6.73972,0.14052
6.75642,0.13769
6.77312,0.13754
6.78982,0.14184
6.80662,0.13797
6.82332,0.14099
6.84002,0.13712
6.85672,0.13844
6.87342,0.13584
6.89012,0.14033
6.90682,0.13263
6.92352,0.13788
6.94022,0.13939
6.95702,0.13707
6.97372,0.13405
6.99042,0.13565
7.00712,0.13863
7.02382,0.13107
7.04052,0.13565
7.05722,0.13537
7.07392,0.13211
7.09062,0.13925
7.10742,0.12918
7.12412,0.13395
7.14082,0.12928
7.15752,0.13315
7.17422,0.13471
7.19092,0.1383
7.20762,0.13428
7.22431,0.1358
7.24101,0.13518
7.25781,0.13187
7.27451,0.13325
7.29121,0.13788
7.30791,0.13334
7.32461,0.13632
7.34131,0.13391
7.35801,0.13476
7.37471,0.13717
7.39141,0.1331
7.40821,0.13641
7.42491,0.14147
7.44161,0.13863
7.45831,0.14024
7.47501,0.14369
7.49171,0.14851
7.50841,0.14728
7.52511,0.15569
7.54181,0.16561
7.55861,0.16651
7.57531,0.16679
7.59201,0.15678
7.60871,0.14515
7.62541,0.13225
7.64211,0.13485
7.65881,0.13117
7.67551,0.12833
7.69221,0.1289
7.70901,0.13112
7.72571,0.12545
7.74241,0.13126
7.75911,0.12923
7.77581,0.13287
7.79251,0.12724
7.80921,0.12219
7.82591,0.1254
7.84261,0.12857
7.85941,0.12989
7.87611,0.12923
7.89281,0.12838
7.90951,0.12365
7.92621,0.13027
7.94291,0.12342
7.95961,0.12672
7.97631,0.12498
7.99311,0.12814
8.00981,0.12758
8.02651,0.12441
8.04321,0.12276
8.0599,0.12342
8.0766,0.1211
8.0933,0.12502
8.11,0.12257
8.1267,0.11987
8.1435,0.12706
8.1602,0.12597
8.1769,0.12186
8.1936,0.12342
8.2103,0.12361
8.227,0.11912
8.2437,0.12153
8.2604,0.12342
8.2771,0.12304
8.2939,0.12578
8.3106,0.12654
8.3273,0.12195
8.344,0.12139
8.3607,0.12105
8.3774,0.11916
8.3941,0.12635
8.4108,0.12266
8.4275,0.1211
8.4443,0.12554
8.461,0.12139
8.4777,0.12219
8.4944,0.11605
8.5111,0.12247
8.5278,0.12072
8.5445,0.12157
8.5612,0.11921
8.5779,0.11406
8.5947,0.11775
8.6114,0.11798
8.6281,0.11671
8.6448,0.1159
8.6615,0.1203
8.6782,0.11458
8.6949,0.11704
8.7116,0.11902
8.7283,0.11879
8.7451,0.11798
8.7618,0.11784
8.7785,0.11482
8.7952,0.11477
8.81189,0.11624
8.82859,0.11411
8.84529,0.11784
8.86199,0.11732
8.87869,0.11132
8.89549,0.11491
8.91219,0.11813
8.92889,0.11505
8.94559,0.11784
8.96229,0.11486
8.97899,0.11212
8.99569,0.11302
9.01239,0.11392
9.02909,0.11359
9.04589,0.11198
9.06259,0.11014
9.07929,0.11921
9.09599,0.11633
9.11269,0.11496
9.12939,0.11453
9.14609,0.11307
9.16279,0.11085
9.17959,0.11066
9.19629,0.11042
9.21299,0.1117
9.22969,0.11019
9.24639,0.11151
9.26309,0.10882
9.27979,0.11534
9.29649,0.11288
9.31319,0.11094
9.32999,0.10716
9.34669,0.10764
9.36339,0.11472
9.38009,0.1056
9.39679,0.10943
9.41349,0.11241
9.43019,0.10797
9.44689,0.11354
9.46359,0.11099
9.48039,0.10967
9.49708,0.10872
9.51378,0.10754
9.53048,0.10504
9.54718,0.10986
9.56388,0.1099
9.58058,0.10811
9.59728,0.11132
9.61398,0.10976
9.63078,0.10759
9.64748,0.10773
9.66418,0.10688
9.68088,0.10551
9.69758,0.10995
9.71428,0.10612
9.73098,0.10849
9.74768,0.10924
9.76438,0.10905
9.78118,0.10461
9.79788,0.10612
9.81458,0.10513
9.83128,0.10362
9.84798,0.10697
9.86468,0.10749
9.88138,0.10726
9.89808,0.1074
9.91478,0.1048
9.93158,0.10442
9.94828,0.10367
9.96498,0.10173
9.98168,0.10348
9.99838,0.1023
10.01508,0.10612
10.03178,0.10773
10.04848,0.10475
10.06518,0.10267
10.08198,0.10149
10.09868,0.10627
10.11538,0.10083
10.13208,0.10201
10.14877,0.10438
10.16547,0.09615
10.18217,0.10239
10.19887,0.10041
10.21557,0.10504
10.23237,0.10485
10.24907,0.1013
10.26577,0.10376
10.28247,0.10598
10.29917,0.10126
10.31587,0.10239
10.33257,0.10045
10.34927,0.1049
10.36607,0.10367
10.38277,0.09658
10.39947,0.09927
10.41617,0.10541
10.43287,0.10078
10.44957,0.10296
10.46627,0.09974
10.48297,0.1023
10.49967,0.10093
10.51647,0.09719
10.53317,0.09658
10.54987,0.09951
10.56657,0.09696
10.58327,0.0954
10.59997,0.09719
10.61667,0.10003
10.63337,0.09455
10.65007,0.09828
10.66687,0.09875
10.68357,0.09483
10.70027,0.097
10.71697,0.09115
10.73367,0.09767
10.75036,0.0997
10.76706,0.09823
10.78376,0.09488
10.80046,0.09847
10.81726,0.0971
10.83396,0.09275
10.85066,0.09563
10.86736,0.09752
10.88406,0.09351
10.90076,0.09459
10.91746,0.09289
10.93416,0.09568
10.95086,0.09535
10.96766,0.09313
10.98436,0.09256
11.00106,0.09185
11.01776,0.09252
11.03446,0.09294
11.05116,0.0911
11.06786,0.09488
11.08456,0.09081
11.10126,0.09426
11.11806,0.09115
11.13476,0.08987
11.15146,0.09266
11.16816,0.0893
11.18486,0.09464
11.20156,0.09063
11.21826,0.09171
11.23496,0.09412
11.25166,0.09058
11.26846,0.09152
11.28516,0.09162
11.30186,0.08807
11.31855,0.09218
11.33525,0.0894
11.35195,0.08817
11.36865,0.08892
11.38535,0.08845
11.40205,0.09072
11.41885,0.09029
11.43555,0.08959
11.45225,0.09157
11.46895,0.08921
11.48565,0.08992
11.50235,0.08845
11.51905,0.08699
11.53575,0.0842
11.55255,0.08689
11.56925,0.08916
11.58595,0.09176
11.60265,0.09105
11.61935,0.08689
11.63605,0.08552
11.65275,0.0876
11.66945,0.0859
11.68615,0.08722
11.70295,0.0851
11.71965,0.08392
11.73635,0.08448
11.75305,0.08472
11.76975,0.08647
11.78645,0.09039
11.80315,0.08789
11.81985,0.08793
11.83655,0.08411
11.85335,0.08699
11.87004,0.08628
11.88674,0.08349
11.90344,0.08491
11.92014,0.0851
11.93684,0.08458
11.95354,0.08647
11.97024,0.08491
11.98694,0.08713
12.00374,0.0893
12.02044,0.08444
12.03714,0.08212
12.05384,0.08132
12.07054,0.08099
12.08724,0.08486
12.10394,0.08047
12.12064,0.08023
12.13734,0.08571
12.15414,0.08155
12.17084,0.08486
12.18754,0.08354
12.20424,0.079
12.22094,0.07933
12.23764,0.07938
12.25434,0.08307
12.27104,0.07603
12.28774,0.08198
12.30454,0.08273
12.32124,0.0774
12.33794,0.08084
12.35464,0.08217
12.37134,0.08023
12.38803,0.07877
12.40473,0.0791
12.42143,0.07725
12.43813,0.08033
12.45493,0.07919
12.47163,0.08179
12.48833,0.07839
12.50503,0.0756
12.52173,0.07933
12.53843,0.07806
12.55513,0.0791
12.57183,0.08023
12.58853,0.07607
12.60533,0.07801
12.62203,0.07966
12.63873,0.07494
12.65543,0.07404
12.67213,0.07456
12.68883,0.07995
12.70553,0.07593
12.72223,0.07546
12.73903,0.07343
12.75573,0.07872
12.77243,0.07475
12.78913,0.07225
12.80583,0.07895
12.82253,0.07158
12.83923,0.07333
12.85593,0.07522
12.87263,0.08047
12.88942,0.07787
12.90612,0.07536
12.92282,0.07744
12.93952,0.07352
12.95622,0.07428
12.97292,0.0738
12.98962,0.07225
13.00632,0.07281
13.02302,0.07333
13.03982,0.07612
13.05652,0.07267
13.07322,0.0705
13.08992,0.07432
13.10662,0.07243
13.12332,0.07201
13.14002,0.07088
13.15672,0.07324
13.17342,0.073
13.19022,0.07088
13.20692,0.07267
13.22362,0.07262
13.24032,0.06771
13.25702,0.07116
13.27372,0.06922
13.29042,0.0713
13.30712,0.0679
13.32382,0.06809
13.34062,0.06965
13.35732,0.06804
13.37401,0.06965
13.39071,0.07059
13.40741,0.06941
13.42411,0.07121
13.44081,0.06856
13.45751,0.07031
13.47421,0.06577
13.49101,0.06634
13.50771,0.07234
13.52441,0.06563
13.54111,0.07116
13.55781,0.06865
13.57451,0.06932
13.59121,0.06733
13.60791,0.07017
13.62461,0.06861
13.64141,0.06454
13.65811,0.06577
13.67481,0.06799
13.69151,0.06502
13.70821,0.06922
13.72491,0.06662
13.74161,0.06686
13.75831,0.07021
13.77501,0.06554
13.79181,0.06473
13.80851,0.06256
13.82521,0.06365
13.8419,0.06473
13.8586,0.06417
13.8753,0.06714
13.892,0.06171
13.9087,0.06454
13.9255,0.06407
13.9422,0.0627
13.9589,0.06582
13.9756,0.06591
13.9923,0.06634
14.009,0.06308
14.0257,0.06478
14.0424,0.0619
14.0591,0.06487
14.0759,0.06298
14.0926,0.06218
14.1093,0.06298
14.126,0.06124
14.1427,0.0619
14.1594,0.06322
14.1761,0.06232
14.1928,0.06435
14.2095,0.06407
14.2263,0.06308
14.243,0.0602
14.2597,0.061
14.27639,0.0619
14.29309,0.0628
14.30979,0.06128
14.32649,0.06719
14.34319,0.05854
14.35989,0.06332
14.37669,0.06072
14.39339,0.06346
14.41009,0.0618
14.42679,0.06412
14.44349,0.05835
14.46019,0.06053
14.47689,0.06232
14.49359,0.06228
14.51029,0.06024
14.52709,0.05698
14.54379,0.06185
14.56049,0.05902
14.57719,0.05902
14.59389,0.05656
14.61059,0.05741
14.62729,0.05684
14.64399,0.05996
14.66069,0.05571
14.67749,0.06218
14.69419,0.05703
14.71089,0.05783
14.72758,0.05892
14.74428,0.05698
14.76098,0.05604
14.77768,0.05793
14.79438,0.05561
14.81108,0.05883
14.82788,0.06228
14.84458,0.05864
14.86128,0.06039
14.87798,0.05661
14.89468,0.05878
14.91138,0.06005
14.92808,0.0585
14.94478,0.05642
14.96148,0.05887
14.97828,0.06081
14.99498,0.06081
15.01168,0.06549
15.02838,0.06223
15.04508,0.06601
15.06178,0.07333
15.07848,0.07569
15.09518,0.08883
15.11198,0.09615
15.12868,0.11118
15.14537,0.1305
15.16207,0.13608
15.17877,0.13447
15.19547,0.11912
15.21217,0.10669
15.22887,0.09436
15.24557,0.07758
15.26237,0.06591
15.27907,0.06043
15.29577,0.05831
15.31247,0.05996
15.32917,0.05538
15.34587,0.05462
15.36257,0.05221
15.37927,0.05509
15.39597,0.05198
15.41277,0.05438
15.42947,0.05476
15.44617,0.05188
15.46287,0.05438
15.47957,0.05698
15.49627,0.0541
15.51297,0.05311
15.52967,0.0549
15.54637,0.05273
15.56316,0.05032
15.57986,0.05268
15.59656,0.05193
15.61326,0.05283
15.62996,0.055
15.64666,0.05283
15.66336,0.05424
15.68006,0.05174
15.69676,0.05273
15.71356,0.05131
15.73026,0.05084
15.74696,0.05268
15.76366,0.05174
15.78036,0.05202
15.79706,0.0542
15.81376,0.05169
15.83046,0.05358
15.84716,0.05122
15.86396,0.05283
15.88066,0.05042
15.89736,0.049
15.91406,0.05268
15.93076,0.0498
15.94746,0.05349
15.96415,0.05283
15.98085,0.05335
15.99755,0.05089
16.01435,0.0499
16.03105,0.04947
16.04775,0.05018
16.06445,0.0507
16.08115,0.05084
16.09785,0.0516
16.11455,0.05183
16.13125,0.04834
16.14795,0.05127
16.16475,0.04668
16.18145,0.05259
16.19815,0.05164
16.21485,0.05311
16.23155,0.04862
16.24825,0.05278
16.26495,0.05155
16.28165,0.04829
16.29845,0.04649
16.31515,0.05377
16.33185,0.0507
16.34854,0.05226
16.36524,0.0498
16.38194,0.04758
16.39864,0.04649
16.41534,0.05183
16.43204,0.04853
16.44884,0.04947
16.46554,0.04971
16.48224,0.0506
16.49894,0.04871
16.51564,0.04942
16.53234,0.04805
16.54904,0.049
16.56574,0.04857
16.58244,0.04919
16.59924,0.04942
16.61594,0.04857
16.63264,0.04919
16.64934,0.04711
16.66604,0.04957
16.68274,0.05226
16.69944,0.0482
16.71614,0.04706
16.73283,0.04947
16.74963,0.04744
16.76633,0.049
16.78303,0.04744
16.79973,0.05004
16.81643,0.04782
16.83313,0.04616
16.84983,0.04867
16.86653,0.04593
16.88323,0.04668
16.90003,0.04616
16.91673,0.04739
16.93343,0.04607
16.95013,0.04786
16.96683,0.04697
16.98353,0.04985
17.00023,0.04805
17.01693,0.04829
17.03363,0.0516
17.05043,0.04626
17.06713,0.04541
17.08383,0.04725
17.10052,0.04602
17.11722,0.04777
17.13392,0.04857
17.15062,0.04734
17.16732,0.05018
17.18402,0.04701
17.20082,0.04555
17.21752,0.04295
17.23422,0.04356
17.25092,0.04791
17.26762,0.05051
17.28432,0.04673
17.30102,0.04678
17.31772,0.04465
17.33452,0.04947
17.35122,0.04564
17.36792,0.04711
17.38462,0.049
17.40132,0.0472
17.41802,0.04385
17.43472,0.04564
17.45142,0.04446
17.46811,0.04942
17.48491,0.04654
17.50161,0.04786
17.51831,0.04692
17.53501,0.04834
17.55171,0.04744
17.56841,0.04375
17.58511,0.04597
17.60181,0.0456
17.61851,0.04886
17.63531,0.0464
17.65201,0.04597
17.66871,0.04503
17.68541,0.04588
17.70211,0.04631
17.71881,0.04588
17.73551,0.04399
17.75221,0.04446
17.76891,0.04456
17.78571,0.04597
17.80241,0.04687
17.81911,0.04777
17.8358,0.04645
17.8525,0.04555
17.8692,0.04361
17.8859,0.04682
17.9026,0.04871
17.9193,0.04649
17.9361,0.04437
17.9528,0.04777
17.9695,0.04531
17.9862,0.0464
18.0029,0.04555
18.0196,0.04791
18.0363,0.04479
18.053,0.04593
18.0697,0.04701
18.0865,0.04545
18.1032,0.0481
18.1199,0.04323
18.1366,0.04593
18.1533,0.04541
18.17,0.04186
18.18669,0.04342
18.20339,0.0439
18.22009,0.0421
18.23689,0.04612
18.25359,0.0446
18.27029,0.04191
18.28699,0.04682
18.30369,0.04092
18.32039,0.04423
18.33709,0.04394
18.35379,0.04404
18.37049,0.04361
18.38729,0.04314
18.40399,0.04262
18.42069,0.04423
18.43739,0.04229
18.45409,0.04323
18.47079,0.04517
18.48749,0.04456
18.50419,0.0403
18.52088,0.04394
18.53768,0.04545
18.55438,0.04172
18.57108,0.04328
18.58778,0.0421
18.60448,0.04234
18.62118,0.04314
18.63788,0.04205
18.65458,0.04115
18.67138,0.04328
18.68808,0.04413
18.70478,0.04309
18.72148,0.04361
18.73818,0.04323
18.75488,0.04484
18.77158,0.04451
18.78828,0.043
18.80498,0.04111
18.82178,0.04167
18.83848,0.04597
18.85518,0.04413
18.87187,0.04385
18.88857,0.04172
18.90527,0.04186
18.92197,0.04186
18.93867,0.04111
18.95537,0.04394
18.97217,0.04201
18.98887,0.04101
19.00557,0.04338
19.02227,0.04229
19.03897,0.04224
19.05567,0.04361
19.07237,0.04276
19.08907,0.04545
19.10577,0.04073
19.12257,0.04432
19.13927,0.04224
19.15597,0.04172
19.17267,0.03804
19.18937,0.04413
19.20606,0.04385
19.22276,0.04186
19.23946,0.04295
19.25616,0.04106
19.27296,0.04201
19.28966,0.04427
19.30636,0.04172
19.32306,0.04531
19.33976,0.04177
19.35646,0.04338
19.37316,0.04267
19.38986,0.04371
19.40656,0.04271
19.42336,0.04385
19.44006,0.04423
19.45676,0.04545
19.47346,0.04342
19.49016,0.04328
19.50686,0.04191
19.52355,0.04087
19.54025,0.04465
19.55695,0.04423
19.57375,0.04399
19.59045,0.04338
19.60715,0.04323
19.62385,0.0456
19.64055,0.04144
19.65725,0.04111
19.67395,0.04115
19.69065,0.04021
19.70735,0.04347
19.72415,0.04248
19.74085,0.04054
19.75755,0.04333
19.77425,0.04281
19.79095,0.04144
19.80765,0.04125
19.82435,0.0421
19.84104,0.04408
19.85784,0.04219
19.87454,0.04078
19.89124,0.04167
19.90794,0.04215
19.92464,0.04267
19.94134,0.04134
19.95804,0.04229
19.97474,0.04078
19.99144,0.04021
20.00824,0.03931
20.02494,0.04267
20.04164,0.03983
20.05834,0.03865
20.07504,0.043
20.09174,0.03988
20.10844,0.04078
20.12514,0.03893
20.14184,0.03893
20.15863,0.04078
20.17533,0.04404
20.19203,0.04158
20.20873,0.04229
20.22543,0.04045
20.24213,0.03889
20.25883,0.03997
20.27553,0.03808
20.29223,0.04092
20.30903,0.04234
20.32573,0.03908
20.34243,0.04281
20.35913,0.04342
20.37583,0.04115
20.39253,0.04149
20.40923,0.04191
20.42593,0.04196
20.44263,0.04286
20.45943,0.0421
20.47612,0.0421
20.49282,0.03993
20.50952,0.04092
20.52622,0.04366
20.54292,0.04333
20.55962,0.04418
20.57632,0.04423
20.59302,0.04404
20.60982,0.04271
20.62652,0.04366
20.64322,0.04238
20.65992,0.0412
20.67662,0.04149
20.69332,0.04153
20.71002,0.04101
20.72672,0.03983
20.74342,0.04035
20.76022,0.04097
20.77691,0.03879
20.79361,0.04049
20.81031,0.04172
20.82701,0.04012
20.84371,0.03785
20.86041,0.04021
20.87711,0.03941
20.89391,0.03926
20.91061,0.04219
20.92731,0.04111
20.94401,0.04149
20.96071,0.04215
20.97741,0.04243
20.99411,0.03832
21.01081,0.03799
21.02751,0.03837
21.04431,0.03917
21.06101,0.04276
21.07771,0.04087
21.0944,0.04248
21.1111,0.04101
21.1278,0.03908
21.1445,0.04059
21.1612,0.04201
21.1779,0.03941
21.1947,0.04163
21.2114,0.04106
21.2281,0.04125
21.2448,0.04281
21.2615,0.04163
21.2782,0.03945
21.2949,0.04078
21.3116,0.03917
21.3283,0.03974
21.3451,0.04134
21.3618,0.04111
21.37849,0.04049
21.39519,0.04191
21.41189,0.04064
21.42859,0.04115
21.44529,0.04205
21.46199,0.04371
21.47869,0.03941
21.49549,0.03832
21.51219,0.03931
21.52889,0.03922
21.54559,0.03851
21.56229,0.04191
21.57899,0.04073
21.59569,0.04295
21.61239,0.043
21.62909,0.04399
21.64589,0.04158
21.66259,0.04238
21.67928,0.03988
21.69598,0.04007
21.71268,0.04064
21.72938,0.0413
21.74608,0.04059
21.76278,0.04082
21.77948,0.04087
21.79628,0.03945
21.81298,0.03832
21.82968,0.04215
21.84638,0.03893
21.86308,0.03936
21.87978,0.04087
21.89648,0.03941
21.91318,0.0412
21.92988,0.03997
21.94668,0.03884
21.96337,0.04026
21.98007,0.04371
21.99677,0.04323
22.01347,0.0403
22.03017,0.03856
22.04687,0.04267
22.06357,0.04167
22.08027,0.04347
22.09707,0.03908
22.11377,0.03988
22.13047,0.04049
22.14717,0.04347
22.16387,0.04304
22.18057,0.04172
22.19727,0.03936
22.21397,0.04323
22.23077,0.04054
22.24747,0.04045
22.26416,0.04323
22.28086,0.04163
22.29756,0.04167
22.31426,0.04087
22.33096,0.04111
22.34766,0.03771
22.36436,0.03936
22.38116,0.04045
22.39786,0.04139
22.41456,0.0421
22.43126,0.03978
22.44796,0.04186
22.46466,0.04347
22.48136,0.0412
22.49806,0.04172
22.51476,0.04139
22.53156,0.04588
22.54825,0.04281
22.56495,0.04271
22.58165,0.043
22.59835,0.04579
22.61505,0.04942
22.63175,0.05089
22.64845,0.04725
22.66515,0.05249
22.68195,0.06034
22.69865,0.06521
22.71535,0.07253
22.73205,0.08831
22.74875,0.10598
22.76545,0.1358
22.78215,0.17397
22.79885,0.21844
22.81554,0.26139
22.83234,0.2826
22.84904,0.29276
22.86574,0.27977
22.88244,0.25463
22.89914,0.21314
22.91584,0.17804
22.93254,0.13863
22.94924,0.11401
22.96594,0.0919
22.98274,0.07758
22.99944,0.06383
23.01614,0.06157
23.03284,0.06048
23.04954,0.06095
23.06624,0.05802
23.08294,0.06209
23.09963,0.06303
23.11633,0.06757
23.13313,0.0687
23.14983,0.06795
23.16653,0.06861
23.18323,0.06643
23.19993,0.06095
23.21663,0.06091
23.23333,0.05557
23.25003,0.0516
23.26683,0.04881
23.28353,0.04654
23.30023,0.04503
23.31693,0.04366
23.33363,0.04229
23.35033,0.04097
23.36702,0.04106
23.38372,0.04333
23.40042,0.04342
23.41722,0.04248
23.43392,0.03993
23.45062,0.03841
23.46732,0.04068
23.48402,0.04186
23.50072,0.03742
23.51742,0.03964
23.53412,0.03945
23.55082,0.0386
23.56762,0.0395
23.58432,0.04253
23.60102,0.03955
23.61772,0.03931
23.63441,0.04125
23.65111,0.04418
23.66781,0.04243
23.68451,0.04475
23.70121,0.04697
23.71801,0.04375
23.73471,0.04753
23.75141,0.04862
23.76811,0.05127
23.78481,0.05027
23.80151,0.05462
23.81821,0.05245
23.83491,0.05765
23.85161,0.06029
23.86841,0.05911
23.88511,0.05769
23.9018,0.05627
23.9185,0.05377
23.9352,0.05183
23.9519,0.0516
23.9686,0.0499
23.9853,0.04876
24.002,0.04706
24.0188,0.04985
24.0355,0.0473
24.0522,0.04843
24.0689,0.049
24.0856,0.04678
24.1023,0.04682
24.119,0.04796
24.1357,0.04508
24.1524,0.04857
24.16919,0.04527
24.18589,0.04588
24.20259,0.04664
24.21929,0.0439
24.23599,0.05042
24.25269,0.04749
24.26939,0.05032
24.28609,0.04862
24.30279,0.0456
24.31959,0.04385
24.33629,0.04465
24.35299,0.04125
24.36969,0.04073
24.38639,0.04394
24.40309,0.043
24.41979,0.0413
24.43648,0.04163
24.45318,0.04007
24.46998,0.04049
24.48668,0.03771
24.50338,0.04002
24.52008,0.04375
24.53678,0.03993
24.55348,0.04106
24.57018,0.03893
24.58688,0.03955
24.60368,0.03832
24.62038,0.03846
24.63708,0.04191
24.65378,0.03997
24.67048,0.04177
24.68717,0.03865
24.70387,0.03728
24.72057,0.04012
24.73727,0.03974
24.75407,0.03936
24.77077,0.03912
24.78747,0.03794
24.80417,0.03832
24.82087,0.03917
24.83757,0.03898
24.85427,0.03964
24.87097,0.0421
24.88767,0.03941
24.90447,0.03912
24.92117,0.04163
24.93787,0.03832
24.95456,0.0403
24.97126,0.03879
24.98796,0.03884
25.00466,0.03355
25.02136,0.04115
25.03806,0.03912
25.05486,0.03893
25.07156,0.03804
25.08826,0.04045
25.10496,0.03997
25.12166,0.04045
25.13836,0.03832
25.15506,0.04021
25.17176,0.03804
25.18846,0.04068
25.20525,0.03728
25.22195,0.03719
25.23865,0.03771
25.25535,0.03875
25.27205,0.03931
25.28875,0.0386
25.30545,0.03889
25.32215,0.03917
25.33885,0.04021
25.35565,0.04021
25.37235,0.04054
25.38905,0.03917
25.40575,0.03775
25.42245,0.0369
25.43915,0.03945
25.45584,0.03652
25.47254,0.03846
25.48924,0.03761
25.50604,0.03605
25.52274,0.03926
25.53944,0.03752
25.55614,0.03766
25.57284,0.03794
25.58954,0.03983
25.60624,0.03752
25.62294,0.03681
25.63964,0.03865
25.65644,0.03723
25.67314,0.04073
25.68984,0.03856
25.70653,0.03841
25.72323,0.03889
25.73993,0.03756
25.75663,0.03704
25.77333,0.03605
25.79013,0.03983
25.80683,0.03761
25.82353,0.03771
25.84023,0.03837
25.85693,0.03742
25.87363,0.03733
25.89033,0.0386
25.90703,0.0386
25.92373,0.03851
25.94052,0.03922
25.95722,0.04257
25.97392,0.04045
25.99062,0.04191
26.00732,0.04082
26.02402,0.04106
26.04072,0.04149
26.05742,0.03912
26.07412,0.03875
26.09092,0.03629
26.10762,0.03662
26.12432,0.03775
26.14102,0.03676
26.15772,0.03804
26.17442,0.03709
26.19111,0.03766
26.20781,0.03889
26.22451,0.0395
26.24131,0.03903
26.25801,0.03851
26.27471,0.03804
26.29141,0.03515
26.30811,0.03865
26.32481,0.03411
26.34151,0.03818
26.35821,0.037
26.37491,0.03808
26.39171,0.03572
26.40841,0.03893
26.4251,0.03742
26.4418,0.03912
26.4585,0.03416
26.4752,0.03893
26.4919,0.04073
26.5086,0.03832
26.5253,0.03605
26.5421,0.03974
26.5588,0.03851
26.5755,0.04149
26.5922,0.03969
26.6089,0.04087
26.6256,0.04021
26.6423,0.03955
26.659,0.04167
26.67569,0.0412
26.69249,0.04248
26.70919,0.0412
26.72589,0.03808
26.74259,0.03747
26.75929,0.03761
26.77599,0.03993
26.79269,0.03652
26.80939,0.03619
26.82609,0.03908
26.84289,0.03936
26.85959,0.03515
26.87629,0.03889
26.89299,0.03638
26.90968,0.03591
26.92638,0.03719
26.94308,0.03818
26.95978,0.03728
26.97658,0.03473
26.99328,0.03728
27.00998,0.04078
27.02668,0.03832
27.04338,0.03671
27.06008,0.03742
27.07678,0.03789
27.09348,0.03969
27.11018,0.03742
27.12698,0.03969
27.14367,0.03799
27.16037,0.04026
27.17707,0.03619
27.19377,0.03974
27.21047,0.04229
27.22717,0.03931
27.24387,0.03964
27.26057,0.04064
27.27737,0.03827
27.29407,0.04035
27.31077,0.03993
27.32747,0.03657
27.34417,0.04101
27.36087,0.03841
27.37756,0.04068
27.39426,0.04371
27.41096,0.04706
27.42776,0.04319
27.44446,0.04886
27.46116,0.05207
27.47786,0.05642
27.49456,0.06388
27.51126,0.07163
27.52796,0.07258
27.54466,0.06776
27.56136,0.06728
27.57816,0.06927
27.59486,0.06577
27.61155,0.06194
27.62825,0.05741
27.64495,0.05783
27.66165,0.05765
27.67835,0.05949
27.69505,0.05798
27.71175,0.06237
27.72855,0.06232
27.74525,0.06369
27.76195,0.06979
27.77865,0.07782
27.79535,0.07721
27.81205,0.08297
27.82875,0.07295
27.84544,0.06998
27.86214,0.06776
27.87894,0.0661
27.89564,0.06081
27.91234,0.05429
27.92904,0.05013
27.94574,0.04749
27.96244,0.04418
27.97914,0.04139
27.99584,0.04271
28.01264,0.03766
28.02934,0.03856
28.04604,0.0403
28.06273,0.03813
28.07943,0.03846
28.09613,0.03898
28.11283,0.03889
28.12953,0.03889
28.14623,0.03926
28.16303,0.03969
28.17973,0.04064
28.19643,0.03804
28.21313,0.03846
28.22983,0.04035
28.24653,0.04342
28.26323,0.04753
28.27993,0.04602
28.29662,0.04635
28.31342,0.05042
28.33012,0.05561
28.34682,0.05873
28.36352,0.06275
28.38022,0.06624
28.39692,0.06913
28.41362,0.06889
28.43032,0.06379
28.44702,0.05835
28.46382,0.05325
28.48052,0.05169
28.49722,0.04621
28.51391,0.04385
28.53061,0.04253
28.54731,0.03771
28.56401,0.03775
28.58071,0.04172
28.59741,0.03912
28.61421,0.03624
28.63091,0.03624
28.64761,0.04082
28.66431,0.03719
28.68101,0.03974
28.69771,0.03912
28.71441,0.03879
28.7311,0.03775
28.7478,0.03974
28.7646,0.03567
28.7813,0.03804
28.798,0.03742
28.8147,0.03993
28.8314,0.03756
28.8481,0.03761
28.8648,0.0387
28.8815,0.03875
28.8982,0.03818
28.915,0.03889
28.9317,0.03974
28.9484,0.04229
28.96509,0.04073
28.98179,0.04158
28.99849,0.04144
29.01519,0.03931
29.03189,0.04234
29.04869,0.04271
29.06539,0.04531
29.08209,0.04432
29.09879,0.04815
29.11549,0.04734
29.13219,0.05027
29.14889,0.05675
29.16559,0.06209
29.18228,0.06454
29.19908,0.06979
29.21578,0.079
29.23248,0.08245
29.24918,0.08273
29.26588,0.0747
29.28258,0.0721
29.29928,0.06861
29.31598,0.06341
29.33268,0.05873
29.34948,0.05079
29.36618,0.04971
29.38288,0.043
29.39957,0.04456
29.41627,0.04328
29.43297,0.0413
29.44967,0.03818
29.46637,0.04115
29.48307,0.0429
29.49987,0.0404
29.51657,0.04295
29.53327,0.04016
29.54997,0.04097
29.56667,0.04418
29.58337,0.03875
29.60007,0.04262
29.61676,0.04064
29.63346,0.04111
29.65026,0.04229
29.66696,0.04404
29.68366,0.04583
29.70036,0.04952
29.71706,0.05476
29.73376,0.06043
29.75046,0.07414
29.76716,0.0894
29.78386,0.09691
29.80066,0.09677
29.81736,0.08458
29.83405,0.07688
29.85075,0.07659
29.86745,0.07414
29.88415,0.06431
29.90085,0.06048
29.91755,0.05368
29.93425,0.05004
29.95105,0.04919
29.96775,0.05174
29.98445,0.05183
30.00115,0.0549
30.01785,0.05935
30.03454,0.06383
30.05124,0.06757
30.06794,0.06284
30.08464,0.06043
30.10144,0.0575
30.11814,0.05661
30.13484,0.05254
30.15154,0.04886
30.16824,0.04631
30.18494,0.04423
30.20164,0.03993
30.21834,0.04153
30.23504,0.03993
30.25183,0.0369
30.26853,0.03993
30.28523,0.03955
30.30193,0.04021
30.31863,0.04087
30.33533,0.0395
30.35203,0.04007
30.36873,0.04177
30.38553,0.04545
30.40223,0.04678
30.41893,0.0559
30.43563,0.06095
30.45233,0.07447
30.46902,0.07437
30.48572,0.07513
30.50242,0.06804
30.51912,0.07007
30.53592,0.06889
30.55262,0.06714
30.56932,0.06218
30.58602,0.06218
30.60272,0.05769
30.61942,0.0575
30.63612,0.05845
30.65282,0.05642
30.66951,0.05528
30.68631,0.05528
30.70301,0.05231
30.71971,0.05084
30.73641,0.04744
30.75311,0.04753
30.76981,0.04253
30.78651,0.04432
30.80321,0.04139
30.81991,0.04139
30.83671,0.04248
30.85341,0.04139
30.8701,0.04167
30.8868,0.03912
30.9035,0.03983
30.9202,0.04073
30.9369,0.03993
30.9536,0.03865
30.9703,0.0386
30.9871,0.03926
31.0038,0.03875
31.0205,0.03643
31.0372,0.03657
31.0539,0.03657
31.0706,0.03775
31.08729,0.03747
31.10399,0.03723
31.12069,0.03548
31.13749,0.03983
31.15419,0.03898
31.17089,0.0361
31.18759,0.0361
31.20429,0.03856
31.22099,0.03723
31.23769,0.03827
31.25439,0.03723
31.27109,0.03884
31.28788,0.03813
31.30458,0.03794
31.32128,0.03832
31.33798,0.03908
31.35468,0.03846
31.37138,0.0369
31.38808,0.03931
31.40478,0.04182
31.42148,0.04134
31.43828,0.04035
31.45498,0.04224
31.47168,0.04446
31.48837,0.04404
31.50507,0.04635
31.52177,0.05202
31.53847,0.06133
31.55517,0.06828
31.57197,0.07177
31.58867,0.06516
31.60537,0.05599
31.62207,0.06284
31.63877,0.06109
31.65547,0.0559
31.67217,0.0507
31.68886,0.05122
31.70556,0.04975
31.72236,0.04659
31.73906,0.04763
31.75576,0.04612
31.77246,0.04333
31.78916,0.04489
31.80586,0.04739
31.82256,0.04286
31.83926,0.04838
31.85596,0.04933
31.87276,0.05174
31.88945,0.05344
31.90615,0.05689
31.92285,0.05467
31.93955,0.05212
31.95625,0.05316
31.97295,0.05103
31.98965,0.05249
32.00635,0.05051
32.02315,0.04593
32.03985,0.04399
32.05655,0.0472
32.07325,0.04701
32.08994,0.04527
32.10664,0.04763
32.12334,0.04593
32.14004,0.04621
32.15674,0.04919
32.17354,0.04957
32.19024,0.04952
32.20694,0.05235
32.22364,0.05301
32.24034,0.05198
32.25704,0.05722
32.27374,0.05599
32.29043,0.06124
32.30713,0.05807
32.32393,0.06795
32.34063,0.07021
32.35733,0.0825
32.37403,0.09034
32.39073,0.10782
32.40743,0.1306
32.42413,0.15659
32.44083,0.1976
32.45753,0.26134
32.47433,0.35041
32.49102,0.43957
32.50772,0.50364
32.52442,0.54045
32.54112,0.54073
32.55782,0.52684
32.57452,0.52344
32.59122,0.5163
32.60792,0.50232
32.62472,0.48124
32.64142,0.48393
32.65812,0.50024
32.67482,0.54465
32.69151,0.63868
32.70821,0.77703
32.72491,0.88688
32.74161,0.97023
32.75831,1
32.77511,0.98479
32.79181,0.91717
32.80851,0.79843
32.82521,0.67534
32.84191,0.59337
32.85861,0.51143
32.8753,0.40522
32.892,0.29574
32.9088,0.2182
32.9255,0.16197
32.9422,0.12583
32.9589,0.10329
32.9756,0.0953
32.9923,0.08406
33.009,0.07546
33.0257,0.07489
33.0424,0.06809
33.0592,0.07163
33.07589,0.0722
33.09259,0.06818
33.10929,0.06147
33.12599,0.06114
33.14269,0.05954
33.15939,0.05859
33.17609,0.05854
33.19279,0.0542
33.20959,0.05372
33.22629,0.04734
33.24299,0.04711
33.25968,0.04923
33.27638,0.04673
33.29308,0.0472
33.30978,0.04451
33.32648,0.04432
33.34318,0.04654
33.35998,0.04531
33.37668,0.04626
33.39338,0.04588
33.41008,0.04418
33.42678,0.04356
33.44348,0.04541
33.46017,0.043
33.47687,0.04517
33.49357,0.04545
33.51037,0.04224
33.52707,0.04456
33.54377,0.04555
33.56047,0.04248
33.57717,0.04338
33.59387,0.04791
33.61057,0.04796
33.62727,0.05065
33.64396,0.04938
33.66076,0.05141
33.67746,0.05079
33.69416,0.0464
33.71086,0.04881
33.72756,0.04975
33.74426,0.05268
33.76096,0.04933
33.77766,0.0489
33.79436,0.05046
33.81116,0.04985
33.82786,0.05146
33.84455,0.05079
33.86125,0.04928
33.87795,0.05013
33.89465,0.05018
33.91135,0.05075
33.92805,0.04909
33.94485,0.0481
33.96155,0.04815
33.97825,0.04631
33.99495,0.04824
34.01165,0.04659
34.02834,0.04796
34.04504,0.04763
34.06174,0.04413
34.07844,0.04243
34.09524,0.04408
34.11194,0.04427
34.12864,0.04262
34.14534,0.04073
34.16204,0.04484
34.17874,0.04045
34.19544,0.03945
34.21213,0.04144
34.22883,0.04101
34.24563,0.04276
34.26233,0.04158
34.27903,0.04456
34.29573,0.03922
34.31243,0.04106
34.32913,0.04125
34.34583,0.03969
34.36253,0.04177
34.37923,0.04234
34.39602,0.04111
34.41272,0.04238
34.42942,0.03832
34.44612,0.04304
34.46282,0.04366
34.47952,0.04082
34.49622,0.04012
34.51292,0.04328
34.52962,0.04267
34.54642,0.04338
34.56312,0.04295
34.57981,0.04555
34.59651,0.04531
34.61321,0.0455
34.62991,0.04517
34.64661,0.04484
34.66331,0.04465
34.68001,0.04602
34.69681,0.04493
34.71351,0.04144
34.73021,0.04484
34.74691,0.04257
34.7636,0.0404
34.7803,0.0413
34.797,0.04101
34.8137,0.04371
34.8304,0.0396
34.8472,0.04007
34.8639,0.04149
34.8806,0.04427
34.8973,0.03875
34.914,0.0421
34.9307,0.04106
34.94739,0.04045
34.96409,0.03936
34.98079,0.04082
34.99759,0.03771
35.01429,0.04064
35.03099,0.03997
35.04769,0.03728
35.06439,0.04134
35.08109,0.04167
35.09779,0.03681
35.11449,0.03931
35.13128,0.03771
35.14798,0.03908
35.16468,0.04035
35.18138,0.04134
35.19808,0.03974
35.21478,0.03837
35.23148,0.04139
35.24818,0.0413
35.26488,0.03884
35.28168,0.04531
35.29838,0.04012
35.31507,0.04068
35.33177,0.04385
35.34847,0.0429
35.36517,0.04319
35.38187,0.0464
35.39857,0.04668
35.41527,0.0429
35.43207,0.04692
35.44877,0.04125
35.46547,0.04286
35.48217,0.04678
35.49886,0.0482
35.51556,0.04631
35.53226,0.04673
35.54896,0.04437
35.56566,0.04248
35.58246,0.04564
35.59916,0.04092
35.61586,0.04253
35.63256,0.04498
35.64926,0.04338
35.66596,0.04215
35.68265,0.04545
35.69935,0.04673
35.71605,0.04782
35.73285,0.04588
35.74955,0.04465
35.76625,0.04125
35.78295,0.04125
35.79965,0.04371
35.81635,0.04456
35.83305,0.03974
35.84974,0.04059
35.86644,0.04097
35.88324,0.03908
35.89994,0.03794
35.91664,0.03889
35.93334,0.03974
35.95004,0.03752
35.96674,0.03804
35.98344,0.0421
36.00014,0.04106
36.01684,0.04276
36.03363,0.04139
36.05033,0.04111
36.06703,0.04045
36.08373,0.03993
36.10043,0.03908
36.11713,0.04205
36.13383,0.04035
36.15053,0.03756
36.16733,0.03941
36.18403,0.04309
36.20073,0.04205
36.21742,0.04801
36.23412,0.0507
36.25082,0.05783
36.26752,0.06133
36.28422,0.06421
36.30092,0.05831
36.31772,0.05675
36.33442,0.05547
36.35112,0.05424
36.36782,0.0515
36.38451,0.05311
36.40121,0.05004
36.41791,0.04215
36.43461,0.04111
36.45131,0.0429
36.46811,0.03931
36.48481,0.03818
36.50151,0.03553
36.51821,0.03771
36.53491,0.03624
36.55161,0.03875
36.5683,0.03789
36.585,0.03846
36.6017,0.03875
36.6185,0.03818
36.6352,0.03728
36.6519,0.04012
36.6686,0.03804
36.6853,0.03733
36.702,0.03808
36.7187,0.03733
36.73539,0.0361
36.75209,0.03676
36.76889,0.03723
36.78559,0.03903
36.80229,0.03572
36.81899,0.03747
36.83569,0.03671
36.85239,0.03875
36.86909,0.03945
36.88579,0.03676
36.90249,0.03714
36.91928,0.03775
36.93598,0.03761
36.95268,0.03657
36.96938,0.03681
36.98608,0.0369
37.00278,0.03582
37.01948,0.0396
37.03618,0.04021
37.05288,0.04229
37.06968,0.04196
37.08637,0.04007
37.10307,0.03879
37.11977,0.04097
37.13647,0.04182
37.15317,0.04101
37.16987,0.04026
37.18657,0.03988
37.20327,0.03974
37.22007,0.04007
37.23677,0.03936
37.25346,0.04186
37.27016,0.03846
37.28686,0.03879
37.30356,0.03922
37.32026,0.03761
37.33696,0.03955
37.35366,0.04158
37.37046,0.03747
37.38716,0.0387
37.40386,0.03903
37.42056,0.03808
37.43725,0.03865
37.45395,0.03766
37.47065,0.03993
37.48735,0.03964
37.50415,0.03742
37.52085,0.03615
37.53755,0.037
37.55425,0.03903
37.57095,0.03785
37.58765,0.04134
37.60434,0.03634
37.62104,0.03298
37.63774,0.03383
37.65454,0.03945
37.67124,0.03704
37.68794,0.03997
37.70464,0.03789
37.72134,0.03756
37.73804,0.03761
37.75474,0.03766
37.77143,0.03823
37.78813,0.03454
37.80493,0.03737
37.82163,0.03577
37.83833,0.03445
37.85503,0.03926
37.87173,0.03567
37.88843,0.03969
37.90513,0.03747
37.92183,0.04021
37.93852,0.03671
37.95532,0.03426
37.97202,0.03657
37.98872,0.03922
38.00542,0.03737
38.02212,0.03752
38.03882,0.03719
38.05552,0.03638
38.07222,0.03837
38.08892,0.03851
38.10571,0.03723
38.12241,0.03775
38.13911,0.0403
38.15581,0.03964
38.17251,0.03856
38.18921,0.04097
38.20591,0.04082
38.22261,0.037
38.23931,0.03922
38.25611,0.04167
38.2728,0.04134
38.2895,0.04092
38.3062,0.04347
38.3229,0.04475
38.3396,0.04427
38.3563,0.04697
38.373,0.04805
38.3897,0.04838
38.4065,0.05972
38.4232,0.06705
38.43989,0.07565
38.45659,0.0937
38.47329,0.11704
38.48999,0.15748
38.50669,0.1985
38.52339,0.22968
38.54009,0.23408
38.55689,0.24206
38.57359,0.25591
38.59029,0.26252
38.60698,0.2681
38.62368,0.25813
38.64038,0.23677
38.65708,0.21418
38.67378,0.19996
38.69058,0.18498
38.70728,0.16523
38.72398,0.15125
38.74068,0.13802
38.75738,0.12261
38.77407,0.11085
38.79077,0.09771
38.80747,0.08642
38.82417,0.07432
38.84097,0.07281
38.85767,0.06667
38.87437,0.0635
38.89107,0.05902
38.90777,0.05713
38.92447,0.05032
38.94116,0.05249
38.95786,0.0481
38.97456,0.0482
38.99136,0.04527
39.00806,0.04905
39.02476,0.04942
39.04146,0.04678
39.05816,0.04451
39.07486,0.04276
39.09156,0.04545
39.10825,0.04612
39.12495,0.04238
39.14175,0.0429
39.15845,0.04163
39.17515,0.0413
39.19185,0.04073
39.20855,0.04049
39.22525,0.04049
39.24195,0.03794
39.25865,0.03879
39.27534,0.04248
39.29214,0.03993
39.30884,0.04111
39.32554,0.04045
39.34224,0.04125
39.35894,0.04153
39.37564,0.04049
39.39234,0.04045
39.40904,0.04149
39.42574,0.04021
39.44253,0.03941
39.45923,0.04007
39.47593,0.03837
39.49263,0.03898
39.50933,0.03799
39.52603,0.03851
39.54273,0.03955
39.55943,0.03922
39.57623,0.03837
39.59292,0.03761
39.60962,0.03969
39.62632,0.03879
39.64302,0.03638
39.65972,0.0352
39.67642,0.03648
39.69312,0.03728
39.70982,0.03643
39.72662,0.0378
39.74332,0.03974
39.76001,0.04064
39.77671,0.03841
39.79341,0.0403
39.81011,0.03695
39.82681,0.03931
39.84351,0.04054
39.86021,0.04101
39.87701,0.04243
39.89371,0.04049
39.91041,0.04092
39.9271,0.04583
39.9438,0.04786
39.9605,0.04602
39.9772,0.05103
39.9939,0.04621
40.0106,0.04857
40.0274,0.04569
40.0441,0.04616
40.0608,0.04522
40.07749,0.04456
40.09419,0.04763
40.11089,0.04782
40.12759,0.04678
40.14429,0.04493
40.16099,0.04579
40.17779,0.04914
40.19449,0.0524
40.21119,0.05968
40.22789,0.06572
40.24458,0.08127
40.26128,0.10352
40.27798,0.13325
40.29468,0.16972
40.31138,0.1984
40.32818,0.20355
40.34488,0.17832
40.36158,0.14681
40.37828,0.13008
40.39497,0.1245
40.41167,0.12431
40.42837,0.12597
40.44507,0.11052
40.46177,0.09176
40.47857,0.07092
40.49527,0.06251
40.51197,0.05056
40.52867,0.04786
40.54537,0.04687
40.56206,0.04564
40.57876,0.04432
40.59546,0.04678
40.61216,0.04423
40.62896,0.04782
40.64566,0.04782
40.66236,0.0524
40.67906,0.05212
40.69576,0.05122
40.71245,0.04909
40.72915,0.04229
40.74585,0.04668
40.76255,0.04347
40.77935,0.04408
40.79605,0.04706
40.81275,0.04446
40.82945,0.03978
40.84615,0.03771
40.86285,0.04054
40.87954,0.0396
40.89624,0.03789
40.91304,0.03742
40.92974,0.03827
40.94644,0.03596
40.96314,0.03681
40.97984,0.03841
40.99654,0.03875
41.01324,0.03719
41.02993,0.03931
41.04663,0.03667
41.06343,0.03695
41.08013,0.03799
41.09683,0.0386
41.11353,0.03846
41.13023,0.04111
41.14693,0.04082
41.16363,0.03794
41.18033,0.03936
41.19702,0.03766
41.21382,0.03808
41.23052,0.03775
41.24722,0.03993
41.26392,0.0403
41.28062,0.03912
41.29732,0.0403
41.31402,0.04201
41.33072,0.04267
41.34741,0.04446
41.36421,0.03889
41.38091,0.03841
41.39761,0.03969
41.41431,0.04153
41.43101,0.0412
41.44771,0.04201
41.46441,0.03955
41.48111,0.03804
41.4978,0.03818
41.5146,0.03714
41.5313,0.03794
41.548,0.03742
41.5647,0.03596
41.5814,0.03775
41.5981,0.04045
41.6148,0.03681
41.6315,0.03912
41.6482,0.03856
41.66499,0.04021
41.68169,0.04106
41.69839,0.0412
41.71509,0.04092
41.73179,0.03794
41.74849,0.04323
41.76519,0.04569
41.78189,0.04744
41.79859,0.04682
41.81538,0.05032
41.83208,0.04593
41.84878,0.05084
41.86548,0.04734
41.88218,0.04588
41.89888,0.04886
41.91558,0.04801
41.93228,0.04919
41.94908,0.04843
41.96577,0.04753
41.98247,0.04673
41.99917,0.04442
42.01587,0.04101
42.03257,0.04257
42.04927,0.04082
42.06597,0.04361
42.08267,0.04049
42.09947,0.04333
42.11616,0.04205
42.13286,0.04167
42.14956,0.04111
42.16626,0.03889
42.18296,0.03988
42.19966,0.0378
42.21636,0.03974
42.23306,0.04082
42.24986,0.04139
42.26655,0.04158
42.28325,0.03813
42.29995,0.03955
42.31665,0.03856
42.33335,0.03889
42.35005,0.04078
42.36675,0.04016
42.38345,0.0421
42.40025,0.04068
42.41694,0.04012
42.43364,0.0429
42.45034,0.04064
42.46704,0.04338
42.48374,0.04007
42.50044,0.04229
42.51714,0.03912
42.53384,0.04035
42.55064,0.03695
42.56733,0.0403
42.58403,0.03983
42.60073,0.03893
42.61743,0.03799
42.63413,0.0369
42.65083,0.03794
42.66753,0.03851
42.68423,0.03638
42.70103,0.03662
42.71773,0.03827
42.73442,0.03572
42.75112,0.03789
42.76782,0.03553
42.78452,0.03865
42.80122,0.04097
42.81792,0.03875
42.83462,0.0378
42.85142,0.03634
42.86812,0.03832
42.88481,0.03737
42.90151,0.03775
42.91821,0.03865
42.93491,0.03879
42.95161,0.03926
42.96831,0.03808
42.98501,0.04177
43.00181,0.04016
43.01851,0.04078
43.0352,0.04134
43.0519,0.04167
43.0686,0.0413
43.0853,0.04078
43.102,0.03926
43.1187,0.04234
43.1354,0.03922
43.1522,0.04111
43.16889,0.03804
43.18559,0.0387
43.20229,0.0352
43.21899,0.03808
43.23569,0.03846
43.25239,0.03955
43.26909,0.03804
43.28589,0.03652
43.30259,0.04064
43.31928,0.03752
43.33598,0.03761
43.35268,0.03671
43.36938,0.03766
43.38608,0.03912
43.40278,0.03823
43.41948,0.04163
43.43628,0.03648
43.45298,0.03903
43.46967,0.03827
43.48637,0.03846
43.50307,0.04026
43.51977,0.03955
43.53647,0.03978
43.55317,0.0403
43.56987,0.04191
43.58667,0.04394
43.60337,0.04286
43.62006,0.04394
43.63676,0.04347
43.65346,0.04045
43.67016,0.03865
43.68686,0.04115
43.70356,0.04049
43.72026,0.04002
43.73706,0.04224
43.75376,0.0412
43.77045,0.03997
43.78715,0.03983
43.80385,0.03898
43.82055,0.03969
43.83725,0.0421
43.85395,0.03808
43.87065,0.03875
43.88745,0.04134
43.90415,0.04002
43.92084,0.03964
43.93754,0.03912
43.95424,0.03922
43.97094,0.04064
43.98764,0.03742
44.00434,0.04144
44.02104,0.03908
44.03784,0.0386
44.05454,0.03577
44.07123,0.03766
44.08793,0.03704
44.10463,0.0395
44.12133,0.03662
44.13803,0.04002
44.15473,0.03898
44.17143,0.03846
44.18823,0.04219
44.20492,0.03837
44.22162,0.03993
44.23832,0.03879
44.25502,0.04106
44.27172,0.0404
44.28842,0.03898
44.30512,0.03719
44.32182,0.03903
44.33862,0.03945
44.35531,0.0395
44.37201,0.03988
44.38871,0.03804
44.40541,0.03941
44.42211,0.03926
44.43881,0.03964
44.45551,0.03993
44.47231,0.03804
44.48901,0.03903
44.5057,0.03969
44.5224,0.03893
44.5391,0.0403
44.5558,0.04101
44.5725,0.04356
44.5892,0.04427
44.6059,0.0439
44.6227,0.04323
44.63939,0.04201
44.65609,0.03922
44.67279,0.0421
44.68949,0.03988
44.70619,0.0438
44.72289,0.04347
44.73959,0.04177
44.75629,0.04314
44.77309,0.04404
44.78978,0.04205
44.80648,0.04115
44.82318,0.04078
44.83988,0.04026
44.85658,0.03936
44.87328,0.04106
44.88998,0.03941
44.90668,0.04219
44.92348,0.04002
44.94017,0.0413
44.95687,0.04035
44.97357,0.04073
44.99027,0.0403
45.00697,0.03898
45.02367,0.04002
45.04037,0.03964
45.05707,0.03941
45.07386,0.03936
45.09056,0.03851
45.10726,0.04087
45.12396,0.03969
45.14066,0.04026
45.15736,0.03875
45.17406,0.03912
45.19076,0.04111
45.20746,0.03841
45.22425,0.04097
45.24095,0.03903
45.25765,0.04304
45.27435,0.04167
45.29105,0.04579
45.30775,0.04182
45.32445,0.04616
45.34115,0.04224
45.35784,0.04338
45.37464,0.04564
45.39134,0.04456
45.40804,0.04692
45.42474,0.05311
45.44144,0.05231
45.45814,0.05004
45.47484,0.05585
45.49154,0.06043
45.50823,0.06204
45.52503,0.05911
45.54173,0.05287
45.55843,0.05533
45.57513,0.04952
45.59183,0.04999
45.60853,0.04947
45.62523,0.04999
45.64192,0.04961
45.65872,0.04895
45.67542,0.04437
45.69212,0.0439
45.70882,0.04276
45.72552,0.04007
45.74222,0.04177
45.75892,0.04219
45.77562,0.04087
45.79231,0.03889
45.80911,0.04087
45.82581,0.03624
45.84251,0.03955
45.85921,0.04082
45.87591,0.03964
45.89261,0.04059
45.90931,0.04021
45.926,0.04073
45.9427,0.04201
45.9595,0.04522
45.9762,0.04021
45.9929,0.03903
46.0096,0.03794
46.0263,0.04059
46.043,0.03964
46.0597,0.04068
46.07639,0.04257
46.09309,0.03898
46.10989,0.04097
46.12659,0.03747
46.14329,0.03974
46.15999,0.04196
46.17669,0.03978
46.19339,0.03875
46.21008,0.0386
46.22678,0.0396
46.24348,0.04087
46.26028,0.04186
46.27698,0.03945
46.29368,0.0404
46.31038,0.0412
46.32708,0.0413
46.34378,0.04309
46.36047,0.04182
46.37717,0.0472
46.39387,0.0472
46.41067,0.04682
46.42737,0.05146
46.44407,0.05424
46.46077,0.05325
46.47747,0.05954
46.49416,0.0653
46.51086,0.06776
46.52756,0.07839
46.54426,0.09091
46.56106,0.1109
46.57776,0.14633
46.59446,0.18749
46.61116,0.24792
46.62785,0.3007
46.64455,0.32579
46.66125,0.3085
46.67795,0.29895
46.69475,0.29361
46.71145,0.30571
46.72815,0.31771
46.74485,0.33023
46.76155,0.32551
46.77824,0.29772
46.79494,0.27018
46.81164,0.23705
46.82834,0.2131
46.84504,0.19155
46.86184,0.17577
46.87854,0.15559
46.89524,0.13589
46.91193,0.11671
46.92863,0.10627
46.94533,0.0945
46.96203,0.08415
46.97873,0.07815
46.99553,0.07206
47.01223,0.06521
47.02893,0.06421
47.04562,0.06752
47.06232,0.06336
47.07902,0.06469
47.09572,0.05646
47.11242,0.05954
47.12912,0.06086
47.14592,0.05972
47.16262,0.05987
47.17931,0.0618
47.19601,0.06903
47.21271,0.06804
47.22941,0.07045
47.24611,0.07059
47.26281,0.07565
47.27951,0.07862
47.29631,0.08581
47.31301,0.08642
47.3297,0.0911
47.3464,0.09261
47.3631,0.09738
47.3798,0.09327
47.3965,0.09138
47.4132,0.0936
47.4299,0.09653
47.4467,0.0979
47.46339,0.098
47.48009,0.09455
47.49679,0.08959
47.51349,0.08661
47.53019,0.07697
47.54689,0.07215
47.56359,0.06884
47.58029,0.06393
47.59708,0.05944
47.61378,0.05911
47.63048,0.05443
47.64718,0.05103
47.66388,0.04933
47.68058,0.04616
47.69728,0.04508
47.71398,0.0429
47.73067,0.04347
47.74747,0.0396
47.76417,0.03813
47.78087,0.04082
47.79757,0.04045
47.81427,0.03912
47.83097,0.03837
47.84767,0.03837
47.86436,0.03681
47.88106,0.03789
47.89786,0.04073
47.91456,0.03837
47.93126,0.03908
47.94796,0.04049
47.96466,0.03955
47.98136,0.03827
47.99805,0.04191
48.01475,0.03846
48.03155,0.03449
48.04825,0.03799
48.06495,0.03936
48.08165,0.03686
48.09835,0.03823
48.11505,0.03898
48.13174,0.03875
48.14844,0.04026
48.16514,0.03865
48.18194,0.03827
48.19864,0.03804
48.21534,0.03969
48.23204,0.03775
48.24874,0.03799
48.26543,0.03723
48.28213,0.0386
48.29883,0.0369
48.31553,0.03714
48.33233,0.03766
48.34903,0.03553
48.36573,0.03704
48.38243,0.03586
48.39912,0.03747
48.41582,0.03936
48.43252,0.03534
48.44922,0.03548
48.46592,0.04073
48.48272,0.04153
48.49942,0.04087
48.51612,0.04371
48.53281,0.04153
48.54951,0.03955
48.56621,0.03789
48.58291,0.03908
48.59961,0.03733
48.61631,0.0378
48.63311,0.04361
48.64981,0.04149
48.6665,0.04068
48.6832,0.03771
48.6999,0.03903
48.7166,0.03804
48.7333,0.03827
48.75,0.03582
48.7667,0.03737
48.7835,0.0344
48.80019,0.03771
48.81689,0.03865
48.83359,0.0396
48.85029,0.03789
48.86699,0.03898
48.88369,0.03794
48.90039,0.03837
48.91709,0.03704
48.93388,0.03865
48.95058,0.0386
48.96728,0.0361
48.98398,0.03789
49.00068,0.03624
49.01738,0.03879
49.03408,0.0378
49.05078,0.0386
49.06747,0.03827
49.08427,0.0404
49.10097,0.03723
49.11767,0.03993
49.13437,0.04049
49.15107,0.03813
49.16777,0.04182
49.18447,0.04068
49.20116,0.04035
49.21796,0.04408
49.23466,0.04531
49.25136,0.04687
49.26806,0.04843
49.28476,0.04149
49.30146,0.0473
49.31816,0.04366
49.33485,0.04527
49.35155,0.04281
49.36835,0.04182
49.38505,0.04111
49.40175,0.03917
49.41845,0.0378
49.43515,0.03804
49.45185,0.03728
49.46854,0.03785
49.48524,0.03629
49.50194,0.03681
49.51874,0.03851
49.53544,0.03591
49.55214,0.03832
49.56884,0.0352
49.58554,0.03657
49.60223,0.03799
49.61893,0.0369
49.63563,0.03312
49.65233,0.03596
49.66913,0.03676
49.68583,0.03771
49.70253,0.03397
49.71923,0.03671
49.73592,0.03799
49.75262,0.03733
49.76932,0.03671
49.78602,0.03851
49.80272,0.03582
49.81952,0.03497
49.83622,0.03426
49.85291,0.03771
49.86961,0.03553
49.88631,0.03605
49.90301,0.03463
49.91971,0.03747
49.93641,0.03709
49.95311,0.03378
49.96991,0.03695
49.9866,0.03709
50.0033,0.03681
50.02,0.03445
50.0367,0.03582
50.0534,0.03591
50.0701,0.03978
50.0868,0.03823
50.1035,0.03955
50.12029,0.03586
50.13699,0.03766
50.15369,0.03586
50.17039,0.03421
50.18709,0.03652
50.20379,0.03468
50.22049,0.03747
50.23719,0.03638
50.25388,0.03468
50.27068,0.03785
50.28738,0.03846
50.30408,0.03681
50.32078,0.03667
50.33748,0.0361
50.35418,0.03889
50.37087,0.0361
50.38757,0.03827
50.40427,0.03615
50.42107,0.03577
50.43777,0.0387
50.45447,0.03558
50.47117,0.0343
50.48787,0.03619
50.50456,0.03558
50.52126,0.03648
50.53796,0.03723
50.55476,0.03558
50.57146,0.0353
50.58816,0.03605
50.60486,0.03638
50.62156,0.03652
50.63825,0.03435
50.65495,0.03662
50.67165,0.03563
50.68835,0.03643
50.70515,0.03322
50.72185,0.03534
50.73855,0.03511
50.75525,0.037
50.77194,0.03737
50.78864,0.03582
50.80534,0.036
50.82204,0.03657
50.83874,0.03615
50.85554,0.03799
50.87224,0.03709
50.88893,0.03563
50.90563,0.03766
50.92233,0.03558
50.93903,0.03634
50.95573,0.03534
50.97243,0.03737
50.98913,0.03808
51.00593,0.03945
51.02262,0.03775
51.03932,0.03926
51.05602,0.04115
51.07272,0.04059
51.08942,0.03766
51.10612,0.03695
51.12282,0.03837
51.13952,0.04205
51.15631,0.03766
51.17301,0.04248
51.18971,0.03993
51.20641,0.03662
51.22311,0.03903
51.23981,0.03884
51.25651,0.03945
51.2732,0.03941
51.2899,0.04404
51.3067,0.04437
51.3234,0.04508
51.3401,0.0473
51.3568,0.04631
51.3735,0.04588
51.3902,0.04796
51.40689,0.04687
51.42359,0.05056
51.44029,0.05845
51.45709,0.06232
51.47379,0.06719
51.49049,0.07102
51.50719,0.06624
51.52388,0.06043
51.54058,0.05585
51.55728,0.05462
51.57398,0.05131
51.59068,0.05316
51.60748,0.05481
51.62418,0.05193
51.64088,0.05169
51.65757,0.0472
51.67427,0.04834
51.69097,0.04531
51.70767,0.04177
51.72437,0.04253
51.74117,0.04196
51.75787,0.04087
51.77456,0.03941
51.79126,0.04229
51.80796,0.03964
51.82466,0.03841
51.84136,0.03898
51.85806,0.04101
51.87476,0.03808
51.89156,0.04049
51.90825,0.03893
51.92495,0.03908
51.94165,0.03695
51.95835,0.03714
51.97505,0.03756
51.99175,0.0353
52.00845,0.03662
52.02514,0.03558
52.04194,0.03652
52.05864,0.03548
52.07534,0.03548
52.09204,0.03832
52.10874,0.03728
52.12544,0.03586
52.14214,0.03742
52.15883,0.03629
52.17553,0.036
52.19233,0.03695
52.20903,0.03719
52.22573,0.037
52.24243,0.03652
52.25913,0.03709
52.27582,0.03596
52.29252,0.03723
52.30922,0.03761
52.32592,0.04035
52.34272,0.03841
52.35942,0.04366
52.37612,0.04602
52.39282,0.04867
52.40951,0.04588
52.42621,0.04791
52.44291,0.04631
52.45961,0.04281
52.47631,0.04262
52.49311,0.04602
52.50981,0.0532
52.5265,0.05509
52.5432,0.05642
52.5599,0.05594
52.5766,0.06218
52.5933,0.05698
52.61,0.05661
52.6267,0.05594
52.6435,0.05448
52.66019,0.05944
52.67689,0.06034
52.69359,0.06313
52.71029,0.06001
52.72699,0.06369
52.74369,0.05911
52.76039,0.05821
52.77708,0.06053
52.79388,0.05528
52.81058,0.0567
52.82728,0.05424
52.84398,0.05245
52.86068,0.05079
52.87738,0.04749
52.89408,0.04527
52.91077,0.04574
52.92757,0.04706
52.94427,0.04588
52.96097,0.04276
52.97767,0.04304
52.99437,0.04432
53.01107,0.04068
53.02776,0.04125
53.04446,0.04054
53.06116,0.03988
53.07796,0.04139
53.09466,0.04139
53.11136,0.0412
53.12806,0.04078
53.14475,0.04243
53.16145,0.04243
53.17815,0.0447
53.19485,0.04602
53.21155,0.04569
53.22835,0.04687
53.24505,0.04753
53.26175,0.04541
53.27844,0.04512
53.29514,0.04442
53.31184,0.04361
53.32854,0.04399
53.34524,0.04418
53.36194,0.04257
53.37874,0.04347
53.39543,0.04427
53.41213,0.04125
53.42883,0.04229
53.44553,0.04262
53.46223,0.03936
53.47893,0.03827
53.49563,0.03997
53.51232,0.03804
53.52912,0.03676
53.54582,0.04049
53.56252,0.04054
53.57922,0.03856
53.59592,0.03898
53.61262,0.03827
53.62932,0.03582
53.64601,0.03553
53.66271,0.03733
53.67951,0.03818
53.69621,0.03804
53.71291,0.03648
53.72961,0.03563
53.74631,0.03548
53.763,0.03544
53.7797,0.03638
53.7964,0.03563
53.8131,0.03686
53.8299,0.03667
53.8466,0.03775
53.8633,0.03473
53.87999,0.03317
53.89669,0.03501
53.91339,0.03615
53.93009,0.03686
53.94679,0.03473
53.96359,0.03605
53.98029,0.0378
53.99698,0.03468
54.01368,0.036
54.03038,0.03652
54.04708,0.03407
54.06378,0.03714
54.08048,0.03563
54.09718,0.03686
54.11398,0.03761
54.13067,0.03704
54.14737,0.03643
54.16407,0.03359
54.18077,0.03652
54.19747,0.03832
54.21417,0.03709
54.23087,0.03879
54.24756,0.03648
54.26436,0.03804
54.28106,0.03813
54.29776,0.03908
54.31446,0.03823
54.33116,0.03695
54.34786,0.03615
54.36455,0.03742
54.38125,0.0403
54.39795,0.03922
54.41475,0.03988
54.43145,0.03818
54.44815,0.03756
54.46485,0.03714
54.48154,0.03737
54.49824,0.03638
54.51494,0.03652
54.53164,0.03884
54.54834,0.03567
54.56514,0.03775
54.58184,0.04012
54.59853,0.03662
54.61523,0.03591
54.63193,0.03704
54.64863,0.03605
54.66533,0.03638
54.68203,0.03473
54.69873,0.03582
54.71553,0.03723
54.73222,0.03756
54.74892,0.03482
54.76562,0.03884
54.78232,0.0369
54.79902,0.03676
54.81572,0.03591
54.83242,0.03487
54.84911,0.03756
54.86591,0.03704
54.88261,0.03813
54.89931,0.03785
54.91601,0.04064
54.93271,0.03808
54.94941,0.03922
54.9661,0.04498
54.9828,0.04867
54.9995,0.0499
55.0163,0.05528
55.033,0.05807
55.0497,0.05774
55.0664,0.05689
55.08309,0.0576
55.09979,0.06445
55.11649,0.0662
55.13319,0.06813
55.14989,0.0704
55.16669,0.07574
55.18339,0.07182
55.20008,0.06875
55.21678,0.06464
55.23348,0.06039
55.25018,0.05873
55.26688,0.05774
55.28358,0.05689
55.30038,0.0558
55.31707,0.05391
55.33377,0.05094
55.35047,0.04631
55.36717,0.04527
55.38387,0.04527
55.40057,0.0446
55.41727,0.04446
55.43396,0.04262
55.45076,0.04012
55.46746,0.03931
55.48416,0.04082
55.50086,0.04045
55.51756,0.04399
55.53426,0.04153
55.55095,0.04125
55.56765,0.03837
55.58435,0.04493
55.60115,0.04267
55.61785,0.04342
55.63455,0.03922
55.65125,0.04002
55.66794,0.04267
55.68464,0.04082
55.70134,0.0446
55.71804,0.04153
55.73474,0.04328
55.75154,0.03818
55.76824,0.04035
55.78493,0.03931
55.80163,0.04002
55.81833,0.04073
55.83503,0.03695
55.85173,0.03808
55.86843,0.03567
55.88513,0.03454
55.90192,0.03775
55.91862,0.03908
55.93532,0.03648
55.95202,0.0352
55.96872,0.03926
55.98542,0.03652
56.00212,0.03723
56.01881,0.03468
56.03551,0.03643
56.05231,0.03426
56.06901,0.03544
56.08571,0.03548
56.10241,0.03671
56.11911,0.03468
56.1358,0.03544
56.1525,0.03426
56.1692,0.03572
56.186,0.03567
56.2027,0.03733
56.2194,0.03506
56.2361,0.03577
56.25279,0.03572
56.26949,0.03619
56.28619,0.03761
56.30289,0.03624
56.31959,0.03638
56.33639,0.03733
56.35309,0.03742
56.36978,0.03813
56.38648,0.03823
56.40318,0.03643
56.41988,0.03747
56.43658,0.03789
56.45328,0.03364
56.46998,0.03492
56.48677,0.03676
56.50347,0.0353
56.52017,0.03662
56.53687,0.03742
56.55357,0.03553
56.57027,0.03525
56.58697,0.03709
56.60366,0.03723
56.62036,0.03704
56.63716,0.03813
56.65386,0.03468
56.67056,0.03686
56.68726,0.03634
56.70396,0.0361
56.72065,0.03856
56.73735,0.03761
56.75405,0.03686
56.77075,0.03605
56.78755,0.03988
56.80425,0.03865
56.82095,0.03752
56.83764,0.04045
56.85434,0.0386
56.87104,0.03988
56.88774,0.03898
56.90444,0.03676
56.92114,0.03652
56.93794,0.03766
56.95463,0.03676
56.97133,0.03662
56.98803,0.0352
57.00473,0.03336
57.02143,0.03629
57.03813,0.03695
57.05483,0.03936
57.07152,0.03487
57.08832,0.03482
57.10502,0.03421
57.12172,0.03804
57.13842,0.03577
57.15512,0.03643
57.17182,0.03823
57.18851,0.03624
57.20521,0.03648
57.22191,0.037
57.23871,0.037
57.25541,0.03454
57.27211,0.03879
57.28881,0.03903
57.3055,0.03733
57.3222,0.03804
57.3389,0.0353
57.3556,0.03676
57.3723,0.03823
57.3891,0.03719
57.4058,0.0387
57.42249,0.03676
57.43919,0.03482
57.45589,0.03983
57.47259,0.03823
57.48929,0.03638
57.50599,0.03648
57.52278,0.03671
57.53948,0.03652
57.55618,0.03884
57.57288,0.03875
57.58958,0.03742
57.60628,0.03634
57.62298,0.03756
57.63967,0.03832
57.65637,0.03922
57.67317,0.03539
57.68987,0.03733
57.70657,0.03761
57.72327,0.03808
57.73997,0.03728
57.75666,0.03667
57.77336,0.03879
57.79006,0.04328
57.80676,0.04125
57.82356,0.03794
57.84026,0.04253
57.85696,0.03955
57.87365,0.04583
57.89035,0.04323
57.90705,0.04579
57.92375,0.04456
57.94045,0.04593
57.95715,0.04786
57.97395,0.04952
57.99064,0.04886
58.00734,0.04914
58.02404,0.05438
58.04074,0.06029
58.05744,0.06624
58.07414,0.07191
58.09083,0.08642
58.10753,0.09351
58.12433,0.11349
58.14103,0.14548
58.15773,0.18881
58.17443,0.22052
58.19113,0.25496
58.20782,0.26115
58.22452,0.26375
58.24122,0.24031
58.25792,0.22916
58.27472,0.21135
58.29142,0.19864
58.30812,0.19396
58.32481,0.19571
58.34151,0.20114
58.35821,0.19396
58.37491,0.18772
58.39161,0.17775
58.40841,0.15687
58.42511,0.14189
58.4418,0.12743
58.4585,0.12049
58.4752,0.10324
58.4919,0.09639
58.5086,0.09478
58.5253,0.08911
58.54199,0.09337
58.55879,0.09809
58.57549,0.09837
58.59219,0.10291
58.60889,0.10934
58.62559,0.10721
58.64229,0.11732
58.65898,0.11066
58.67568,0.1091
58.69238,0.10461
58.70918,0.10225
58.72588,0.10631
58.74258,0.10239
58.75928,0.09823
58.77597,0.09365
58.79267,0.0937
58.80937,0.08198
58.82607,0.07971
58.84277,0.07088
58.85957,0.06842
58.87627,0.06889
58.89296,0.06521
58.90966,0.06043
58.92636,0.0585
58.94306,0.05146
58.95976,0.05273
58.97646,0.05226
58.99315,0.05084
59.00995,0.0473
59.02665,0.04437
59.04335,0.04635
59.06005,0.04895
59.07675,0.04418
59.09345,0.04304
59.11014,0.04172
59.12684,0.04111
59.14354,0.04002
59.16034,0.04201
59.17704,0.04082
59.19374,0.03974
59.21044,0.04092
59.22713,0.04115
59.24383,0.04059
59.26053,0.04177
59.27723,0.04177
59.29393,0.04177
59.31073,0.03983
59.32742,0.03912
59.34412,0.03638
59.36082,0.03728
59.37752,0.0378
59.39422,0.03662
59.41092,0.03619
59.42762,0.03827
59.44431,0.03737
59.46111,0.03468
59.47781,0.03577
59.49451,0.0361
59.51121,0.03388
59.52791,0.03364
59.5446,0.03497
59.5613,0.03761
59.578,0.03426
59.5947,0.03473
59.6115,0.0344
59.6282,0.03615
59.6449,0.03525
59.66159,0.036
59.67829,0.03501
59.69499,0.03369
59.71169,0.03388
59.72839,0.03341
59.74519,0.03487
59.76189,0.03752
59.77858,0.03539
59.79528,0.03582
59.81198,0.03591
59.82868,0.03577
59.84538,0.03624
59.86208,0.03497
59.87877,0.03487
59.89557,0.03478
59.91227,0.03643
59.92897,0.0361
59.94567,0.03544
59.96237,0.03525
59.97907,0.03823
59.99576,0.03993
60.01246,0.03856
60.02916,0.03619
60.04596,0.03397
60.06266,0.03619
60.07936,0.03397
60.09605,0.03468
60.11275,0.03723
60.12945,0.03851
60.14615,0.03497
60.16285,0.03501
60.17955,0.0369
60.19635,0.03714
60.21304,0.03582
60.22974,0.03497
60.24644,0.03435
60.26314,0.03435
60.27984,0.03553
60.29654,0.03463
60.31324,0.03719
60.32993,0.03771
60.34673,0.03771
60.36343,0.04167
60.38013,0.03747
60.39683,0.03785
60.41353,0.04092
60.43022,0.04054
60.44692,0.03955
60.46362,0.04163
60.48032,0.04215
60.49712,0.04115
60.51382,0.04253
60.53052,0.04319
60.54721,0.04432
60.56391,0.04371
60.58061,0.04087
60.59731,0.04304
60.61401,0.04205
60.63071,0.04418
60.6475,0.04153
60.6642,0.04205
60.6809,0.04451
60.6976,0.04101
60.7143,0.04517
60.731,0.04045
60.7477,0.03993
60.76439,0.04219
60.78119,0.04035
60.79789,0.03931
60.81459,0.03832
60.83129,0.03955
60.84799,0.03714
60.86468,0.03785
60.88138,0.03908
60.89808,0.03534
60.91478,0.03492
60.93158,0.03667
60.94828,0.03676
60.96498,0.03577
60.98167,0.03553
60.99837,0.03686
61.01507,0.0353
61.03177,0.03681
61.04847,0.03898
61.06517,0.03662
61.08196,0.03596
61.09866,0.03563
61.11536,0.03629
61.13206,0.03435
61.14876,0.03624
61.16546,0.03577
61.18216,0.03742
61.19885,0.03317
61.21555,0.03761
61.23235,0.03534
61.24905,0.03775
61.26575,0.03676
61.28245,0.03808
61.29914,0.03341
61.31584,0.03837
61.33254,0.03719
61.34924,0.03638
61.36594,0.03827
61.38274,0.037
61.39944,0.04087
61.41613,0.03893
61.43283,0.04134
61.44953,0.03988
61.46623,0.0387
61.48293,0.03988
61.49963,0.03945
61.51632,0.03818
61.53312,0.0387
61.54982,0.03974
61.56652,0.04087
61.58322,0.04177
61.59992,0.03988
61.61661,0.03936
61.63331,0.04021
61.65001,0.03945
61.66671,0.03993
61.68351,0.03761
61.70021,0.03634
61.71691,0.03643
61.7336,0.03492
61.7503,0.03978
61.767,0.03832
61.7837,0.03695
61.8004,0.0353
61.8171,0.03525
61.83389,0.03619
61.85059,0.03634
61.86729,0.03917
61.88399,0.04101
61.90069,0.03988
61.91739,0.04149
61.93409,0.03955
61.95078,0.04016
61.96748,0.04002
61.98428,0.04196
62.00098,0.04328
62.01768,0.04347
62.03438,0.0481
62.05107,0.05254
62.06777,0.05401
62.08447,0.05339
62.10117,0.0532
62.11797,0.05155
62.13467,0.05519
62.15136,0.05108
62.16806,0.05089
62.18476,0.05264
62.20146,0.05344
62.21816,0.05694
62.23486,0.05424
62.25156,0.05391
62.26825,0.05495
62.28505,0.05146
62.30175,0.05268
62.31845,0.04753
62.33515,0.04876
62.35185,0.04484
62.36854,0.0464
62.38524,0.04801
62.40194,0.0456
62.41874,0.04579
62.43544,0.04564
62.45214,0.04517
62.46883,0.04484
62.48553,0.04408
62.50223,0.04957
62.51893,0.04517
62.53563,0.04569
62.55233,0.04579
62.56913,0.0464
62.58582,0.04394
62.60252,0.04673
62.61922,0.04862
62.63592,0.0542
62.65262,0.05727
62.66932,0.05627
62.68601,0.05665
62.70271,0.05731
62.71951,0.05679
62.73621,0.05405
62.75291,0.04914
62.76961,0.04938
62.7863,0.05155
62.803,0.04881
62.8197,0.04994
62.8364,0.04867
62.8531,0.04659
62.8699,0.04805
62.8866,0.04692
62.90329,0.04385
62.91999,0.04366
62.93669,0.04106
62.95339,0.04276
62.97009,0.03903
62.98679,0.03771
63.00348,0.04078
63.02028,0.03728
63.03698,0.03846
63.05368,0.03596
63.07038,0.03728
63.08708,0.03544
63.10377,0.03577
63.12047,0.03719
63.13717,0.03676
63.15387,0.03657
63.17067,0.04035
63.18737,0.03827
63.20407,0.03931
63.22076,0.03808
63.23746,0.03709
63.25416,0.03671
63.27086,0.03459
63.28756,0.03426
63.30426,0.03695
63.32105,0.03525
63.33775,0.0353
63.35445,0.03539
63.37115,0.03293
63.38785,0.03728
63.40455,0.03317
63.42124,0.03317
63.43794,0.03345
63.45474,0.03841
63.47144,0.03435
63.48814,0.03478
63.50484,0.03383
63.52153,0.03482
63.53823,0.03416
63.55493,0.03511
63.57163,0.03747
63.58833,0.036
63.60513,0.03189
63.62183,0.03204
63.63852,0.03605
63.65522,0.03445
63.67192,0.03506
63.68862,0.0353
63.70532,0.03577
63.72202,0.03478
63.73871,0.03534
63.75551,0.03506
63.77221,0.03317
63.78891,0.03548
63.80561,0.0361
63.82231,0.03638
63.839,0.03671
63.8557,0.03506
63.8724,0.03733
63.8891,0.03742
63.9059,0.03704
63.9226,0.03714
63.93929,0.03676
63.95599,0.0343
63.97269,0.03586
63.98939,0.03548
64.00609,0.03421
64.02279,0.03605
64.03949,0.03359
64.05628,0.03511
64.07298,0.03525
64.08968,0.03709
64.10638,0.0335
64.12308,0.03742
64.13978,0.03558
64.15647,0.03478
64.17317,0.0344
64.18987,0.03662
64.20667,0.03331
64.22337,0.0344
64.24007,0.03402
64.25676,0.03359
64.27346,0.03572
64.29016,0.03397
64.30686,0.03426
64.32356,0.03147
64.34026,0.03114
64.35705,0.0327
64.37375,0.0352
64.39045,0.03497
64.40715,0.03478
64.42385,0.03468
64.44055,0.03185
64.45724,0.03331
64.47394,0.03241
64.49074,0.03421
64.50744,0.0327
64.52414,0.03336
64.54084,0.03515
64.55753,0.0344
64.57423,0.03789
64.59093,0.03303
64.60763,0.03463
64.62433,0.03331
64.64113,0.03577
64.65783,0.03303
64.67452,0.03374
64.69122,0.03605
64.70792,0.03374
64.72462,0.03298
64.74132,0.03331
64.75802,0.03563
64.77471,0.03515
64.79141,0.03903
64.80821,0.03657
64.82491,0.03463
64.84161,0.036
64.85831,0.03586
64.875,0.03756
64.8917,0.0353
64.9084,0.03596
64.9251,0.03558
64.9419,0.03478
64.9586,0.03497
64.97529,0.03577
64.99199,0.03553
65.00869,0.03558
65.02539,0.03355
65.04209,0.03274
65.05879,0.03648
65.07548,0.03501
65.09228,0.03421
65.10898,0.03374
65.12568,0.03359
65.14238,0.03676
65.15908,0.0361
65.17577,0.03435
65.19247,0.037
65.20917,0.03567
65.22587,0.03577
65.24267,0.03426
65.25937,0.03322
65.27606,0.03629
65.29276,0.03416
65.30946,0.03421
65.32616,0.0361
65.34286,0.03695
65.35956,0.03397
65.37635,0.03567
65.39305,0.03345
65.40975,0.03563
65.42645,0.0361
65.44315,0.03473
65.45985,0.03624
65.47654,0.03525
65.49324,0.03737
65.50994,0.03771
65.52664,0.04059
65.54344,0.04059
65.56014,0.04588
65.57684,0.04744
65.59353,0.04493
65.61023,0.04668
65.62693,0.04659
65.64363,0.04602
65.66033,0.04545
65.67703,0.04541
65.69382,0.04536
65.71052,0.04442
65.72722,0.04413
65.74392,0.04432
65.76062,0.04404
65.77732,0.04328
65.79401,0.04082
65.81071,0.04073
65.82741,0.04257
65.84421,0.03993
65.86091,0.04097
65.87761,0.03884
65.8943,0.03922
65.911,0.03889
65.9277,0.03875
65.9444,0.04078
65.9611,0.04068
65.9779,0.0404
65.99459,0.04158
66.01129,0.03856
66.02799,0.03615
66.04469,0.03591
66.06139,0.03648
66.07809,0.03591
66.09478,0.0386
66.11148,0.03572
66.12828,0.03459
66.14498,0.03785
66.16168,0.03761
66.17838,0.03898
66.19507,0.03789
66.21177,0.03515
66.22847,0.03634
66.24517,0.03686
66.26187,0.03662
66.27867,0.037
66.29536,0.03676
66.31206,0.03402
66.32876,0.03643
66.34546,0.03577
66.36216,0.03435
66.37886,0.03662
66.39555,0.03544
66.41225,0.03435
66.42905,0.03634
66.44575,0.03605
66.46245,0.03591
66.47915,0.0361
66.49584,0.0344
66.51254,0.03865
66.52924,0.0353
66.54594,0.03511
66.56264,0.03586
66.57944,0.03624
66.59613,0.03497
66.61283,0.03652
66.62953,0.03463
66.64623,0.03407
66.66293,0.037
66.67963,0.03667
66.69632,0.03789
66.71312,0.03558
66.72982,0.03445
66.74652,0.03548
66.76322,0.03657
66.77992,0.03671
66.79661,0.03468
66.81331,0.03289
66.83001,0.03241
66.84671,0.03501
66.86341,0.03497
66.88021,0.03293
66.8969,0.03364
66.9136,0.03582
66.9303,0.03553
66.947,0.03567
66.9637,0.03411
66.9804,0.03468
66.99709,0.0361
67.01389,0.03345
67.03059,0.03652
67.04729,0.03686
67.06399,0.03383
67.08069,0.03293
67.09738,0.03686
67.11408,0.03624
67.13078,0.03586
67.14748,0.03771
67.16428,0.03775
67.18098,0.03643
67.19767,0.03884
67.21437,0.03591
67.23107,0.03629
67.24777,0.03515
67.26447,0.03737
67.28117,0.03681
67.29786,0.03331
67.31466,0.03591
67.33136,0.03619
67.34806,0.03596
67.36476,0.0378
67.38146,0.03534
67.39815,0.03912
67.41485,0.03567
67.43155,0.03596
67.44825,0.03823
67.46505,0.03525
67.48174,0.03823
67.49844,0.03766
67.51514,0.03832
67.53184,0.03591
67.54854,0.03667
67.56524,0.03563
67.58193,0.0378
67.59863,0.03572
67.61543,0.0386
67.63213,0.03789
67.64883,0.03534
67.66553,0.03785
67.68222,0.03747
67.69892,0.03714
67.71562,0.03813
67.73232,0.03709
67.74902,0.0352
67.76582,0.03478
67.78251,0.03686
67.79921,0.03662
67.81591,0.03709
67.83261,0.03926
67.84931,0.04002
67.86601,0.03789
67.8827,0.03903
67.8995,0.03756
67.9162,0.04002
67.9329,0.03936
67.9496,0.0404
67.9663,0.04068
67.98299,0.04328
67.99969,0.03893
68.01639,0.04347
68.03309,0.04248
68.04989,0.04503
68.06659,0.04645
68.08328,0.05202
68.09998,0.05368
68.11668,0.06284
68.13338,0.06152
68.15008,0.06634
68.16678,0.06516
68.18347,0.06346
68.20027,0.06256
68.21697,0.06086
68.23367,0.06459
68.25037,0.05783
68.26707,0.05987
68.28376,0.0585
68.30046,0.06157
68.31716,0.06346
68.33386,0.05793
68.35066,0.05939
68.36735,0.0592
68.38405,0.05864
68.40075,0.05987
68.41745,0.05434
68.43415,0.05476
68.45085,0.05316
68.46754,0.05387
68.48424,0.05297
68.50104,0.05325
68.51774,0.05353
68.53444,0.05755
68.55114,0.06034
68.56783,0.06691
68.58453,0.07352
68.60123,0.08292
68.61793,0.09185
68.63463,0.09871
68.65143,0.09871
68.66812,0.10315
68.68482,0.10825
68.70152,0.10537
68.71822,0.1109
68.73492,0.10981
68.75162,0.11364
68.76831,0.11846
68.78501,0.11912
68.80181,0.116
68.81851,0.11704
68.83521,0.11779
68.85191,0.10976
68.8686,0.10697
68.8853,0.10215
68.902,0.0954
68.9187,0.09233
68.9354,0.09233
68.95219,0.09318
68.96889,0.09143
68.98559,0.08425
69.00229,0.07877
69.01899,0.07253
69.03569,0.0705
69.05238,0.06308
69.06908,0.06091
69.08578,0.05864
69.10258,0.05457
69.11928,0.05136
69.13598,0.04871
69.15267,0.04541
69.16937,0.04437
69.18607,0.04394
69.20277,0.04271
69.21947,0.04248
69.23627,0.04219
69.25296,0.04219
69.26966,0.04366
69.28636,0.03945
69.30306,0.03704
69.31976,0.03941
69.33646,0.03761
69.35315,0.03506
69.36985,0.04012
69.38665,0.03856
69.40335,0.03681
69.42005,0.03723
69.43674,0.03993
69.45344,0.03582
69.47014,0.03548
69.48684,0.03388
69.50354,0.03667
69.52024,0.03605
69.53703,0.037
69.55373,0.03846
69.57043,0.03449
69.58713,0.03591
69.60383,0.03624
69.62053,0.03582
69.63722,0.03506
69.65392,0.03468
69.67062,0.03482
69.68742,0.03534
69.70412,0.03548
69.72082,0.03525
69.73751,0.03596
69.75421,0.03563
69.77091,0.0335
69.78761,0.03511
69.80431,0.03577
69.821,0.0344
69.8378,0.03454
69.8545,0.03359
69.8712,0.03478
69.8879,0.03558
69.9046,0.03577
69.92129,0.03501
69.93799,0.03468
69.95469,0.03577
69.97139,0.03421
69.98819,0.03364
70.00489,0.03615
70.02158,0.03383
70.03828,0.03449
70.05498,0.03808
70.07168,0.03936
70.08838,0.03596
70.10508,0.03407
70.12177,0.03388
70.13857,0.03298
70.15527,0.03473
70.17197,0.03298
70.18867,0.03771
70.20536,0.03582
70.22206,0.03487
70.23876,0.03449
70.25546,0.03539
70.27216,0.03265
70.28896,0.03473
70.30565,0.03539
70.32235,0.03572
70.33905,0.03572
70.35575,0.03827
70.37245,0.03237
70.38915,0.03482
70.40584,0.03662
70.42264,0.0317
70.43934,0.03459
70.45604,0.03341
70.47274,0.03284
70.48944,0.03341
70.50613,0.03227
70.52283,0.03459
70.53953,0.03591
70.55623,0.03643
70.57303,0.03109
70.58972,0.03478
70.60642,0.03808
70.62312,0.03501
70.63982,0.03511
70.65652,0.0343
70.67322,0.03548
70.68991,0.03511
70.70661,0.03222
70.72341,0.03515
70.74011,0.03634
70.75681,0.03218
70.77351,0.03312
70.7902,0.03624
70.8069,0.03411
70.8236,0.03393
70.8403,0.03478
70.857,0.03511
70.87379,0.03534
70.89049,0.03411
70.90719,0.03345
70.92389,0.03709
70.94059,0.0353
70.95729,0.03374
70.97398,0.03482
70.99068,0.03482
71.00738,0.03681
71.02418,0.03407
71.04088,0.03544
71.05758,0.03657
71.07427,0.03615
71.09097,0.03317
71.10767,0.03638
71.12437,0.0317
71.14107,0.03515
71.15786,0.03331
71.17456,0.03548
71.19126,0.03619
71.20796,0.03322
71.22466,0.03548
71.24136,0.03326
71.25805,0.03175
71.27475,0.03237
71.29145,0.03341
71.30815,0.03388
71.32495,0.03222
71.34165,0.03459
71.35834,0.03293
71.37504,0.03393
71.39174,0.03369
71.40844,0.03511
71.42514,0.03374
71.44183,0.03336
71.45853,0.03487
71.47533,0.03194
71.49203,0.03326
71.50873,0.03704
71.52543,0.0378
71.54212,0.0344
71.55882,0.03539
71.57552,0.0326
71.59222,0.03501
71.60892,0.0352
71.62571,0.03402
71.64241,0.03501
71.65911,0.03586
71.67581,0.03279
71.69251,0.0352
71.70921,0.03473
71.7259,0.03345
71.7426,0.03265
71.7593,0.03407
71.7761,0.03591
71.7928,0.03487
71.8095,0.03534
71.82619,0.03619
71.84289,0.03459
71.85959,0.03567
71.87629,0.03548
71.89299,0.037
71.90978,0.03336
71.92648,0.03539
71.94318,0.03473
71.95988,0.0361
71.97658,0.03558
71.99328,0.03558
72.00997,0.03563
72.02667,0.03605
72.04337,0.03775
72.06017,0.03629
72.07687,0.03652
72.09356,0.03808
72.11026,0.03312
72.12696,0.03714
72.14366,0.0343
72.16036,0.0326
72.17706,0.03359
72.19375,0.03298
72.21055,0.03582
72.22725,0.03652
72.24395,0.03511
72.26065,0.03686
72.27735,0.03482
72.29404,0.03369
72.31074,0.03445
72.32744,0.03445
72.34414,0.03501
72.36094,0.03553
72.37763,0.0353
72.39433,0.03671
72.41103,0.03544
72.42773,0.03525
72.44443,0.03411
72.46113,0.03463
72.47782,0.03567
72.49452,0.03624
72.51132,0.03308
72.52802,0.03506
72.54472,0.03331
72.56141,0.03378
72.57811,0.03629
72.59481,0.03308
72.61151,0.03265
72.62821,0.0343
72.64491,0.03369
72.6617,0.03567
72.6784,0.0343
72.6951,0.03676
72.7118,0.03482
72.7285,0.03449
72.74519,0.03341
72.76189,0.03308
72.77859,0.03605
72.79539,0.03539
72.81209,0.03445
72.82879,0.03766
72.84548,0.03823
72.86218,0.03879
72.87888,0.03884
72.89558,0.0403
72.91228,0.04002
72.92897,0.03648
72.94577,0.04035
72.96247,0.04082
72.97917,0.04153
72.99587,0.04026
73.01257,0.04219
73.02926,0.04352
73.04596,0.04361
73.06266,0.04224
73.07936,0.04569
73.09616,0.04404
73.11286,0.04366
73.12955,0.04564
73.14625,0.04418
73.16295,0.04078
73.17965,0.04191
73.19635,0.04101
73.21304,0.04295
73.22974,0.04144
73.24654,0.0413
73.26324,0.03813
73.27994,0.04224
73.29664,0.04082
73.31333,0.03983
73.33003,0.03978
73.34673,0.04408
73.36343,0.04248
73.38013,0.04125
73.39692,0.04238
73.41362,0.04404
73.43032,0.0446
73.44702,0.03955
73.46372,0.03945
73.48042,0.04375
73.49711,0.04597
73.51381,0.0446
73.53051,0.04508
73.54731,0.04234
73.56401,0.04442
73.5807,0.043
73.5974,0.04257
73.6141,0.04328
73.6308,0.04456
73.6475,0.03912
73.6642,0.04021
73.68089,0.04205
73.69769,0.04092
73.71439,0.03969
73.73109,0.03794
73.74779,0.0395
73.76448,0.03983
73.78118,0.03974
73.79788,0.03884
73.81458,0.03903
73.83138,0.03686
73.84808,0.03686
73.86477,0.03789
73.88147,0.03643
73.89817,0.03468
73.91487,0.03378
73.93157,0.03463
73.94826,0.0343
73.96496,0.0327
73.98176,0.03586
73.99846,0.03572
74.01516,0.03657
74.03185,0.03459
74.04855,0.0344
74.06525,0.03572
74.08195,0.0327
74.09865,0.03591
74.11535,0.03771
74.13214,0.03397
74.14884,0.03364
74.16554,0.03303
74.18224,0.03303
74.19894,0.03416
74.21563,0.03728
74.23233,0.03553
74.24903,0.03553
74.26573,0.03657
74.28253,0.0343
74.29923,0.03567
74.31592,0.03345
74.33262,0.03634
74.34932,0.03308
74.36602,0.03534
74.38272,0.03407
74.39941,0.03487
74.41611,0.03487
74.43291,0.03312
74.44961,0.0327
74.46631,0.03615
74.48301,0.03478
74.4997,0.03378
74.5164,0.03468
74.5331,0.03407
74.5498,0.03213
74.5665,0.03445
74.58329,0.03241
74.59999,0.03445
74.61669,0.03487
74.63339,0.03355
74.65009,0.03586
74.66679,0.03478
74.68348,0.03445
74.70018,0.03459
74.71688,0.03468
74.73368,0.03345
74.75038,0.03567
74.76707,0.03166
74.78377,0.03449
74.80047,0.03293
74.81717,0.03303
74.83387,0.03515
74.85056,0.03596
74.86726,0.03534
74.88406,0.03449
74.90076,0.03667
74.91746,0.03544
74.93416,0.03884
74.95085,0.03841
74.96755,0.04267
74.98425,0.03941
75.00095,0.03997
75.01775,0.04106
75.03444,0.03936
75.05114,0.03926
75.06784,0.037
75.08454,0.0352
75.10124,0.03893
75.11794,0.0378
75.13463,0.03969
75.15133,0.04007
75.16803,0.03841
75.18483,0.03893
75.20153,0.04012
75.21822,0.03879
75.23492,0.04012
75.25162,0.03964
75.26832,0.03624
75.28502,0.03478
75.30171,0.0369
75.31851,0.03657
75.33521,0.03728
75.35191,0.03525
75.36861,0.03421
75.38531,0.03577
75.402,0.03695
75.4187,0.036
75.4354,0.03846
75.4521,0.03799
75.4689,0.03761
75.48559,0.0352
75.50229,0.03988
75.51899,0.04087
75.53569,0.03686
75.55239,0.03964
75.56908,0.0404
75.58578,0.04139
75.60248,0.03974
75.61928,0.04139
75.63598,0.04002
75.65268,0.03799
75.66937,0.03662
75.68607,0.03615
75.70277,0.03497
75.71947,0.03686
75.73617,0.03813
75.75286,0.03492
75.76966,0.03775
75.78636,0.03818
75.80306,0.03652
75.81976,0.03879
75.83646,0.03525
75.85315,0.03582
75.86985,0.03501
75.88655,0.03383
75.90325,0.03416
75.92005,0.03567
75.93674,0.03478
75.95344,0.03728
75.97014,0.03478
75.98684,0.03586
76.00354,0.03426
76.02023,0.03378
76.03693,0.03648
76.05363,0.03345
76.07043,0.03426
76.08713,0.03482
76.10383,0.03544
76.12052,0.03421
76.13722,0.03336
76.15392,0.03591
76.17062,0.03341
76.18732,0.03326
76.20401,0.03317
76.22081,0.03426
76.23751,0.03303
76.25421,0.03128
76.27091,0.03204
76.2876,0.03402
76.3043,0.03331
76.321,0.03605
76.3377,0.03393
76.3545,0.0344
76.3712,0.03402
76.38789,0.03416
76.40459,0.03624
76.42129,0.03591
76.43799,0.03662
76.45469,0.03468
76.47138,0.03454
76.48808,0.03374
76.50488,0.0317
76.52158,0.03548
76.53828,0.03454
76.55497,0.03312
76.57167,0.03331
76.58837,0.03402
76.60507,0.03326
76.62177,0.03208
76.63847,0.03378
76.65526,0.03322
76.67196,0.03156
76.68866,0.03497
76.70536,0.03449
76.72206,0.0343
76.73875,0.03402
76.75545,0.03615
76.77215,0.03312
76.78885,0.0353
76.80565,0.03492
76.82234,0.03369
76.83904,0.03383
76.85574,0.03204
76.87244,0.03421
76.88914,0.03463
76.90583,0.03312
76.92253,0.03312
76.93923,0.03289
76.95603,0.0326
76.97273,0.03407
76.98943,0.03454
77.00612,0.03501
77.02282,0.03345
77.03952,0.03676
77.05622,0.03227
77.07292,0.03232
77.08971,0.03808
77.10641,0.03426
77.12311,0.03256
77.13981,0.03374
77.15651,0.03501
77.1732,0.03534
77.1899,0.03681
77.2066,0.03331
77.2233,0.03596
77.24,0.03293
77.2568,0.03544
77.27349,0.0378
77.29019,0.03577
77.30689,0.03832
77.32359,0.03813
77.34029,0.03785
77.35698,0.03775
77.37368,0.03827
77.39038,0.03785
77.40718,0.03955
77.42388,0.04111
77.44057,0.04035
77.45727,0.04082
77.47397,0.049
77.49067,0.0498
77.50737,0.05349
77.52406,0.06072
77.54076,0.05968
77.55756,0.0601
77.57426,0.0661
77.59096,0.06577
77.60766,0.0653
77.62435,0.06506
77.64105,0.06903
77.65775,0.06946
77.67445,0.07064
77.69125,0.0731
77.70794,0.07234
77.72464,0.07617
77.74134,0.0722
77.75804,0.07116
77.77474,0.07314
77.79143,0.07376
77.80813,0.0704
77.82483,0.06714
77.84163,0.06383
77.85833,0.06818
77.87502,0.06336
77.89172,0.06242
77.90842,0.06388
77.92512,0.06157
77.94182,0.06062
77.95852,0.05594
77.97521,0.05722
77.99201,0.05325
78.00871,0.05235
78.02541,0.05018
78.04211,0.04706
78.0588,0.04616
78.0755,0.04588
78.0922,0.04309
78.1089,0.04267
78.1256,0.04304
78.14239,0.04172
78.15909,0.04451
78.17579,0.04167
78.19249,0.03974
78.20919,0.03964
78.22588,0.03723
78.24258,0.03837
78.25928,0.036
78.27608,0.0361
78.29278,0.037
78.30947,0.03681
78.32617,0.03733
78.34287,0.03964
78.35957,0.03558
78.37627,0.03667
78.39297,0.03695
78.40966,0.03719
78.42636,0.03832
78.44316,0.03714
78.45986,0.04078
78.47656,0.04026
78.49325,0.03908
78.50995,0.04375
78.52665,0.04427
78.54335,0.04323
78.56005,0.04253
78.57684,0.04144
78.59354,0.04564
78.61024,0.04503
78.62694,0.0481
78.64364,0.04588
78.66033,0.04522
78.67703,0.05075
78.69373,0.05112
78.71043,0.04739
78.72723,0.0507
78.74392,0.05094
78.76062,0.05283
78.77732,0.05207
78.79402,0.05103
78.81072,0.05004
78.82742,0.04895
78.84411,0.05368
78.86081,0.05174
78.87761,0.0507
78.89431,0.05169
78.91101,0.05216
78.9277,0.05141
78.9444,0.04938
78.9611,0.05027
78.9778,0.05202
78.9945,0.04971
79.01119,0.04768
79.02799,0.04815
79.04469,0.04408
79.06139,0.04366
79.07809,0.04371
79.09478,0.04427
79.11148,0.04167
79.12818,0.0438
79.14488,0.04186
79.16158,0.04111
79.17837,0.04106
79.19507,0.03723
79.21177,0.03912
79.22847,0.03997
79.24517,0.03813
79.26186,0.04097
79.27856,0.03841
79.29526,0.03884
79.31196,0.037
79.32876,0.03572
79.34546,0.03719
79.36215,0.03827
79.37885,0.03804
79.39555,0.03643
79.41225,0.03737
79.42895,0.03709
79.44564,0.03657
79.46244,0.03572
79.47914,0.03629
79.49584,0.03497
79.51254,0.03714
79.52923,0.03548
79.54593,0.03449
79.56263,0.03728
79.57933,0.03742
79.59603,0.03591
79.61272,0.03804
79.62952,0.0361
79.64622,0.03737
79.66292,0.03515
79.67962,0.03553
79.69631,0.03596
79.71301,0.03322
79.72971,0.0386
79.74641,0.03605
79.76321,0.03893
79.7799,0.03771
79.7966,0.03737
79.8133,0.0387
79.83,0.03558
79.8467,0.03558
79.86339,0.03657
79.88009,0.03397
79.89679,0.03539
79.91359,0.03265
79.93029,0.03501
79.94698,0.03605
79.96368,0.03539
79.98038,0.03515
79.99708,0.03629
80.01378,0.03563
80.03048,0.03497
80.04717,0.03808
80.06397,0.03586
80.08067,0.03478
80.09737,0.03563
80.11407,0.03624
80.13076,0.03449
80.14746,0.03733
80.16416,0.03577
80.18086,0.03865
80.19756,0.03808
80.21435,0.03686
80.23105,0.03884
80.24775,0.03771
80.26445,0.03341
80.28115,0.03345
80.29784,0.03421
80.31454,0.03331
80.33124,0.03567
80.34794,0.03421
80.36474,0.03511
80.38143,0.03572
80.39813,0.03657
80.41483,0.03563
80.43153,0.03634
80.44823,0.03667
80.46492,0.03648
80.48162,0.037
80.49832,0.03898
80.51512,0.03728
80.53182,0.03728
80.54851,0.03553
80.56521,0.03591
80.58191,0.03553
80.59861,0.03435
80.61531,0.03463
80.632,0.03553
80.6487,0.03629
80.6655,0.0327
80.6822,0.03322
80.6989,0.03312
80.71559,0.03218
80.73229,0.03501
80.74899,0.03596
80.76569,0.0361
80.78239,0.03567
80.79918,0.03497
80.81588,0.0335
80.83258,0.0317
80.84928,0.03487
80.86598,0.03445
80.88268,0.03119
80.89937,0.03449
80.91607,0.03492
80.93277,0.03473
80.94957,0.03548
80.96627,0.03445
80.98296,0.03501
80.99966,0.03175
81.01636,0.03274
81.03306,0.03378
81.04976,0.03605
81.06645,0.03393
81.08315,0.03487
81.09995,0.03553
81.11665,0.0353
81.13335,0.03449
81.15004,0.03563
81.16674,0.03563
81.18344,0.03638
81.20014,0.03515
81.21684,0.03473
81.23353,0.03274
81.25033,0.03341
81.26703,0.03506
81.28373,0.03478
81.30043,0.03676
81.31712,0.03468
81.33382,0.03634
81.35052,0.03364
81.36722,0.03742
81.38392,0.03582
81.40071,0.03388
81.41741,0.03331
81.43411,0.03222
81.45081,0.0343
81.46751,0.03336
81.4842,0.03487
81.5009,0.03397
81.5176,0.03317
81.5343,0.03284
81.5511,0.03747
81.56779,0.0378
81.58449,0.0361
81.60119,0.03648
81.61789,0.04021
81.63459,0.0413
81.65128,0.04073
81.66798,0.04087
81.68468,0.0439
81.70148,0.0413
81.71818,0.0413
81.73487,0.03841
81.75157,0.03955
81.76827,0.0395
81.78497,0.03893
81.80167,0.03747
81.81836,0.03591
81.83506,0.03875
81.85186,0.04002
81.86856,0.03785
81.88526,0.03657
81.90195,0.04021
81.91865,0.03875
81.93535,0.03912
81.95205,0.03747
81.96875,0.03912
81.98544,0.03534
82.00224,0.0386
82.01894,0.03643
82.03564,0.03704
82.05234,0.03582
82.06903,0.03624
82.08573,0.03515
82.10243,0.036
82.11913,0.03563
82.13583,0.03889
82.15262,0.03657
82.16932,0.0386
82.18602,0.03837
82.20272,0.03742
82.21942,0.04404
82.23611,0.04711
82.25281,0.04404
82.26951,0.04352
82.28621,0.04493
82.30301,0.04219
82.3197,0.04319
82.3364,0.04073
82.3531,0.04196
82.3698,0.04101
82.3865,0.0386
82.40319,0.0386
82.41989,0.04007
82.43659,0.0387
82.45339,0.04186
82.47009,0.04054
82.48678,0.04073
82.50348,0.04238
82.52018,0.04366
82.53688,0.04106
82.55358,0.04267
82.57027,0.04002
82.58707,0.04253
82.60377,0.0387
82.62047,0.04144
82.63717,0.0395
82.65386,0.04101
82.67056,0.03605
82.68726,0.04257
82.70396,0.03955
82.72066,0.03879
82.73745,0.0387
82.75415,0.03818
82.77085,0.03926
82.78755,0.03775
82.80425,0.03865
82.82094,0.0396
82.83764,0.03823
82.85434,0.03818
82.87104,0.03818
82.88784,0.03974
82.90453,0.0386
82.92123,0.037
82.93793,0.03799
82.95463,0.03634
82.97133,0.03274
82.98802,0.03591
83.00472,0.03378
83.02142,0.03671
83.03822,0.03686
83.05492,0.03591
83.07161,0.03643
83.08831,0.03761
83.10501,0.03572
83.12171,0.03695
83.13841,0.03728
83.1551,0.03563
83.1719,0.0361
83.1886,0.03686
83.2053,0.03714
83.222,0.03714
83.23869,0.03662
83.25539,0.03605
83.27209,0.03506
83.28879,0.03539
83.30549,0.03605
83.32218,0.03686
83.33898,0.03912
83.35568,0.03506
83.37238,0.0352
83.38908,0.03492
83.40577,0.03511
83.42247,0.03567
83.43917,0.03742
83.45587,0.03823
83.47267,0.03714
83.48936,0.037
83.50606,0.03482
83.52276,0.036
83.53946,0.03449
83.55616,0.03596
83.57285,0.036
83.58955,0.03723
83.60625,0.03544
83.62305,0.03629
83.63974,0.03317
83.65644,0.03567
83.67314,0.03312
83.68984,0.03506
83.70654,0.03426
83.72323,0.03634
83.73993,0.03175
83.75663,0.03317
83.77343,0.03293
83.79013,0.03336
83.80682,0.03393
83.82352,0.03383
83.84022,0.03312
83.85692,0.0344
83.87362,0.03369
83.89031,0.03279
83.90701,0.03123
83.92381,0.03256
83.94051,0.03619
83.95721,0.03204
83.9739,0.03137
83.9906,0.03298
84.0073,0.03161
84.024,0.03293
84.0407,0.03312
84.05739,0.03189
84.07419,0.03256
84.09089,0.03175
84.10759,0.03071
84.12429,0.03246
84.14098,0.03345
84.15768,0.0317
84.17438,0.03251
84.19108,0.03289
84.20778,0.03326
84.22457,0.03345
84.24127,0.03359
84.25797,0.0343
84.27467,0.03005
84.29137,0.03374
84.30806,0.03156
84.32476,0.03473
84.34146,0.03251
84.35826,0.03322
84.37496,0.03222
84.39165,0.03293
84.40835,0.03246
84.42505,0.03506
84.44175,0.03274
84.45845,0.0327
84.47514,0.03199
84.49184,0.03085
84.50864,0.03364
84.52534,0.03308
84.54203,0.03274
84.55873,0.03156
84.57543,0.03445
84.59213,0.03411
84.60883,0.03137
84.62552,0.03402
84.64222,0.03303
84.65902,0.03468
84.67572,0.03279
84.69242,0.0335
84.70911,0.0343
84.72581,0.03194
84.74251,0.03322
84.75921,0.03298
84.77591,0.03388
84.7926,0.031
84.8094,0.03208
84.8261,0.03175
84.8428,0.03265
84.8595,0.03161
84.87619,0.03411
84.89289,0.03147
84.90959,0.03435
84.92629,0.02887
84.94299,0.03251
84.95978,0.0326
84.97648,0.03175
84.99318,0.03218
85.00988,0.03067
85.02658,0.0335
85.04327,0.03577
85.05997,0.03241
85.07667,0.03114
85.09337,0.03194
85.11017,0.03378
85.12686,0.03435
85.14356,0.0343
85.16026,0.03222
85.17696,0.0335
85.19365,0.03123
85.21035,0.03019
85.22705,0.0343
85.24375,0.03227
85.26055,0.03251
85.27724,0.036
85.29394,0.03397
85.31064,0.03435
85.32734,0.03359
85.34404,0.03274
85.36073,0.0317
85.37743,0.03246
85.39413,0.03525
85.41093,0.03445
85.42763,0.03374
85.44432,0.03123
85.46102,0.03185
85.47772,0.03246
85.49442,0.03194
85.51112,0.03482
85.52781,0.0335
85.54451,0.03312
85.56131,0.03378
85.57801,0.03256
85.59471,0.03303
85.6114,0.03378
85.6281,0.0327
85.6448,0.03279
85.6615,0.03222
85.6782,0.03161
85.69489,0.03137
85.71169,0.03241
85.72839,0.0318
85.74509,0.03279
85.76178,0.03227
85.77848,0.03326
85.79518,0.03341
85.81188,0.03544
85.82858,0.03463
85.84537,0.03189
85.86207,0.03345
85.87877,0.03308
85.89547,0.0309
85.91217,0.03033
85.92886,0.03359
85.94556,0.03166
85.96226,0.0326
85.97896,0.03591
85.99576,0.03194
86.01245,0.03473
86.02915,0.0343
86.04585,0.03468
86.06255,0.03119
86.07925,0.03397
86.09594,0.03336
86.11264,0.03482
86.12934,0.03308
86.14614,0.03208
86.16284,0.03175
86.17953,0.03416
86.19623,0.03416
86.21293,0.03123
86.22963,0.03322
86.24632,0.03407
86.26302,0.03232
86.27972,0.03208
86.29652,0.0327
86.31322,0.03369
86.32991,0.03137
86.34661,0.03473
86.36331,0.03345
86.38001,0.03218
86.39671,0.03369
86.4134,0.03284
86.4301,0.03213
86.4469,0.03326
86.4636,0.03232
86.4803,0.03204
86.49699,0.03104
86.51369,0.03331
86.53039,0.03459
86.54709,0.03
86.56379,0.03114
86.58048,0.03175
86.59728,0.03393
86.61398,0.03359
86.63068,0.03388
86.64737,0.03317
86.66407,0.0327
86.68077,0.03213
86.69747,0.03567
86.71417,0.03473
86.73086,0.03232
86.74766,0.03544
86.76436,0.03336
86.78106,0.03515
86.79776,0.03492
86.81445,0.03222
86.83115,0.03572
86.84785,0.02977
86.86455,0.03459
86.88135,0.03515
86.89804,0.03369
86.91474,0.03435
86.93144,0.03459
86.94814,0.0343
86.96483,0.03586
86.98153,0.03742
86.99823,0.03662
87.01493,0.03832
87.03173,0.03884
87.04842,0.04068
87.06512,0.04002
87.08182,0.04182
87.09852,0.04555
87.11522,0.04843
87.13191,0.04933
87.14861,0.05122
87.16531,0.05646
87.18211,0.05911
87.19881,0.06407
87.2155,0.0636
87.2322,0.06752
87.2489,0.07036
87.2656,0.06936
87.2823,0.06596
87.29899,0.06369
87.31569,0.05954
87.33249,0.06043
87.34919,0.0584
87.36588,0.05835
87.38258,0.06213
87.39928,0.05887
87.41598,0.06072
87.43268,0.06138
87.44937,0.06171
87.46607,0.06072
87.48287,0.06587
87.49957,0.06124
87.51627,0.06265
87.53296,0.0602
87.54966,0.06218
87.56636,0.05646
87.58306,0.05481
87.59976,0.05552
87.61645,0.0516
87.63325,0.05169
87.64995,0.05032
87.66665,0.04985
87.68334,0.04876
87.70004,0.05259
87.71674,0.05027
87.73344,0.05065
87.75014,0.0507
87.76683,0.05013
87.78363,0.04545
87.80033,0.04668
87.81703,0.04579
87.83373,0.04423
87.85042,0.04186
87.86712,0.04068
87.88382,0.04115
87.90052,0.03936
87.91722,0.03818
87.93401,0.03908
87.95071,0.03695
87.96741,0.03662
87.98411,0.03903
88.0008,0.03903
88.0175,0.04153
88.0342,0.0369
88.0509,0.03733
88.0676,0.03988
88.08439,0.03548
88.10109,0.03515
88.11779,0.03416
88.13449,0.03652
88.15119,0.03426
88.16788,0.03303
88.18458,0.03303
88.20128,0.03407
88.21808,0.03416
88.23477,0.03497
88.25147,0.03435
88.26817,0.03256
88.28487,0.03137
88.30157,0.03303
88.31826,0.03326
88.33496,0.03435
88.35166,0.03241
88.36846,0.03591
88.38516,0.03317
88.40185,0.03742
88.41855,0.03246
88.43525,0.03213
88.45195,0.03459
88.46865,0.0317
88.48534,0.03166
88.50204,0.03539
88.51884,0.0327
88.53554,0.03128
88.55223,0.02986
88.56893,0.03449
88.58563,0.0318
88.60233,0.03308
88.61903,0.03208
88.63572,0.03038
88.65242,0.02977
88.66922,0.03071
88.68592,0.03298
88.70262,0.03222
88.71931,0.03227
88.73601,0.03128
88.75271,0.03388
88.76941,0.03119
88.7861,0.03109
88.8028,0.0292
88.8196,0.03218
88.8363,0.0318
88.853,0.03161
88.86969,0.0326
88.88639,0.03208
88.90309,0.03095
88.91979,0.03341
88.93649,0.03199
88.95318,0.03284
88.96998,0.03071
88.98668,0.03133
89.00338,0.03227
89.02008,0.03303
89.03677,0.03038
89.05347,0.03085
89.07017,0.03378
89.08687,0.03015
89.10356,0.03208
89.12036,0.0318
89.13706,0.03128
89.15376,0.03015
89.17046,0.03199
89.18715,0.03232
89.20385,0.03317
89.22055,0.03109
89.23725,0.03407
89.25395,0.03326
89.27074,0.03246
89.28744,0.0301
89.30414,0.03256
89.32084,0.0335
89.33753,0.03374
89.35423,0.03326
89.37093,0.0327
89.38763,0.03204
89.40443,0.03397
89.42112,0.03331
89.43782,0.03199
89.45452,0.03048
89.47122,0.03019
89.48792,0.03463
89.50461,0.03364
89.52131,0.03487
89.53801,0.03222
89.55481,0.03241
89.5715,0.03213
89.5882,0.03303
89.6049,0.03208
89.6216,0.03426
89.6383,0.03345
89.65499,0.03284
89.67169,0.03208
89.68839,0.0317
89.70519,0.03142
89.72189,0.0301
89.73858,0.03114
89.75528,0.03123
89.77198,0.03213
89.78868,0.03189
89.80537,0.03119
89.82207,0.03067
89.83877,0.02887
89.85557,0.03298
89.87227,0.03331
89.88896,0.03137
89.90566,0.02991
89.92236,0.03284
89.93906,0.03156
89.95576,0.03189
89.97245,0.03104
89.98925,0.03137
90.00595,0.03303