 5.0000      936.00
 5.2210      800.00
 5.4421      804.00
 5.6631      847.00
 5.8842      962.00
 6.1052      965.00
 6.3263     1065.00
 6.5473     1045.00
 6.7684     1055.00
 6.9894     1072.00
 7.2105     1061.00
 7.4315     1079.00
 7.6526     1101.00
 7.8736     1086.00
 8.0947     1138.00
 8.3157     1055.00
 8.5368     1123.00
 8.7578     1034.00
 8.9789     1010.00
 9.1999     1027.00
 9.4210     1019.00
 9.6420     1063.00
 9.8631     1002.00
10.0841     1036.00
10.3052      911.00
10.5262      979.00
10.7473      931.00
10.9683      888.00
11.1894      853.00
11.4104      863.00
11.6315      874.00
11.8525      856.00
12.0736      819.00
12.2947      815.00
12.5157      841.00
12.7368      792.00
12.9578      785.00
13.1789      792.00
13.3999      782.00
13.6210      776.00
13.8420      782.00
14.0631      726.00
14.2841      717.00
14.5052      790.00
14.7262      784.00
14.9473      774.00
15.1683      757.00
15.3894      731.00
15.6104      689.00
15.8315      768.00
16.0525      759.00
16.2736      716.00
16.4946      751.00
16.7157      758.00
16.9367      696.00
17.1578      762.00
17.3788      752.00
17.5998      822.00
17.8209      768.00
18.0419      815.00
18.2630      752.00
18.4840      758.00
18.7051      759.00
18.9261      834.00
19.1472      866.00
19.3682      919.00
19.5893      882.00
19.8103      846.00
20.0314      857.00
20.2524      902.00
20.4735      880.00
20.6945      910.00
20.9156      929.00
21.1366      946.00
21.3577      843.00
21.5787      879.00
21.7998      901.00
22.0208      963.00
22.2419      992.00
22.4629      940.00
22.6840      870.00
22.9050      920.00
23.1261      866.00
23.3471      881.00
23.5682      967.00
23.7892      955.00
24.0103      928.00
24.2313      901.00
24.4524      845.00
24.6734      884.00
24.8945      858.00
25.1155      953.00
25.3366      933.00
25.5576      883.00
25.7787      847.00
25.9997      774.00
26.2208      787.00
26.4418      818.00
26.6629      840.00
26.8839      834.00
27.1050      817.00
27.3260      724.00
27.5471      718.00
27.7681      772.00
27.9892      779.00
28.2102      675.00
28.4313      702.00
28.6523      652.00
28.8734      607.00
29.0944      664.00
29.3155      702.00
29.5365      684.00
29.7576      619.00
29.9786      583.00
30.1997      585.00
30.4207      566.00
30.6418      602.00
30.8628      654.00
31.0839      629.00
31.3049      608.00
31.5260      533.00
31.7470      586.00
31.9681      589.00
32.1891      591.00
32.4102      623.00
32.6313      600.00
32.8523      612.00
33.0733      591.00
33.2944      610.00
33.5155      617.00
33.7365      620.00
33.9575      582.00
34.1786      621.00
34.3997      588.00
34.6207      612.00
34.8417      636.00
35.0628      620.00
35.2839      604.00
35.5049      583.00
35.7259      573.00
35.9470      563.00
36.1681      645.00
36.3891      646.00
36.6101      659.00
36.8312      594.00
37.0523      571.00
37.2733      548.00
37.4943      552.00
37.7154      582.00
37.9365      578.00
38.1575      567.00
38.3785      591.00
38.5996      515.00
38.8207      530.00
39.0417      594.00
39.2627      627.00
39.4838      657.00
39.7049      601.00
39.9259      598.00
40.1469      628.00
40.3680      543.00
40.5891      586.00
40.8101      563.00
41.0311      545.00
41.2522      579.00
41.4733      531.00
41.6943      628.00
41.9153      672.00
42.1364      656.00
42.3575      588.00
42.5785      563.00
42.7995      523.00
43.0206      605.00
43.2416      625.00
43.4627      583.00
43.6837      575.00
43.9048      596.00
44.1258      619.00
44.3469      598.00
44.5679      679.00
44.7890      890.00
45.0100      850.00
45.2311      754.00
45.4521      686.00
45.6732      617.00
45.8942      593.00
46.1153      577.00
46.3363      514.00
46.5574      566.00
46.7784      532.00
46.9995      594.00
47.2205      526.00
47.4416      594.00
47.6626      482.00
47.8837      520.00
48.1048      563.00
48.3258      536.00
48.5468      511.00
48.7679      483.00
48.9890      482.00
49.2100      535.00
49.4310      501.00
49.6521      537.00
49.8732      506.00
50.0942      512.00
50.3152      496.00
50.5363      544.00
50.7574      494.00
50.9784      593.00
51.1994      533.00
51.4205      501.00
51.6416      507.00
51.8626      495.00
52.0836      494.00
52.3047      549.00
52.5258      566.00
52.7468      500.00
52.9678      509.00
53.1889      527.00
53.4100      518.00
53.6310      519.00
53.8520      495.00
54.0731      515.00
54.2942      463.00
54.5152      502.00
54.7362      521.00
54.9573      503.00
55.1784      506.00
55.3994      520.00
55.6204      518.00
55.8415      504.00
56.0626      544.00
56.2836      527.00
56.5046      545.00
56.7257      467.00
56.9468      487.00
57.1678      515.00
57.3888      506.00
57.6099      496.00
57.8310      515.00
58.0520      501.00
58.2730      462.00
58.4941      556.00
58.7152      558.00
58.9362      540.00
59.1572      499.00
59.3783      553.00
59.5994      483.00
59.8204      518.00
60.0414      530.00
60.2625      490.00
60.4836      510.00
60.7046      513.00
60.9256      515.00
61.1467      557.00
61.3678      519.00
61.5888      514.00
61.8098      493.00
62.0309      500.00
62.2520      488.00
62.4730      517.00
62.6940      530.00
62.9151      521.00
63.1362      506.00
63.3572      487.00
63.5782      490.00
63.7993      507.00
64.0203      485.00
64.2414      466.00
64.4625      467.00
64.6835      507.00
64.9046      509.00
65.1256      485.00
65.3466      454.00
65.5677      452.00
65.7887      449.00
66.0098      471.00
66.2309      419.00
66.4519      453.00
66.6730      460.00
66.8940      417.00
67.1150      450.00
67.3361      467.00
67.5571      456.00
67.7782      429.00
67.9993      435.00
68.2203      462.00
68.4413      405.00
68.6624      432.00
68.8834      427.00
69.1045      403.00
69.3255      414.00
69.5466      407.00
69.7677      419.00
69.9887      413.00
70.2097      426.00
70.4308      420.00
70.6518      414.00
70.8729      388.00
71.0939      428.00
71.3150      408.00
71.5361      420.00
71.7571      428.00
71.9781      407.00
72.1992      412.00
72.4202      435.00
72.6413      377.00
72.8623      357.00
73.0834      392.00
73.3045      368.00
73.5255      417.00
73.7465      383.00
73.9676      418.00
74.1886      396.00
74.4097      391.00
74.6307      391.00
74.8518      406.00
75.0729      401.00
75.2939      404.00
75.5149      385.00
75.7360      351.00
75.9570      390.00
76.1781      405.00
76.3992      365.00
76.6202      396.00
76.8413      374.00
77.0623      406.00
77.2833      384.00
77.5044      419.00
77.7254      427.00
77.9465      400.00
78.1676      456.00
78.3886      433.00
78.6097      459.00
78.8307      425.00
79.0517      441.00
79.2728      415.00
79.4938      366.00
79.7149      404.00
79.9360      424.00
80.1570      402.00
80.3781      389.00
80.5991      389.00
80.8201      380.00
81.0412      359.00
81.2622      373.00
81.4833      408.00
81.7044      358.00
81.9254      409.00
82.1465      378.00
82.3675      407.00
82.5885      373.00
82.8096      382.00
83.0306      379.00
83.2517      351.00
83.4728      360.00
83.6938      377.00
83.9149      356.00
84.1359      372.00
84.3569      350.00
84.5780      389.00
84.7990      383.00
85.0201      355.00
85.2412      349.00
85.4622      365.00
85.6833      358.00
85.9043      381.00
86.1253      352.00
86.3464      385.00
86.5674      323.00
86.7885      331.00
87.0096      381.00
87.2306      352.00
87.4517      362.00
87.6727      356.00
87.8937      335.00
88.1148      363.00
88.3358      363.00
88.5569      343.00
88.7780      341.00
88.9990      355.00
89.2201      353.00
89.4411      379.00
89.6621      353.00
89.8832      312.00
90.1042      327.00
90.3253      331.00
90.5464      320.00
90.7674      317.00
90.9885      351.00
91.2095      343.00
91.4305      318.00
91.6516      322.00
91.8726      335.00
92.0937      353.00
92.3148      308.00
92.5358      323.00
92.7569      334.00
92.9779      345.00
93.1989      354.00
93.4200      308.00
93.6410      323.00
93.8621      341.00
94.0832      342.00
94.3042      327.00
94.5252      339.00
94.7463      329.00
94.9673      336.00
95.1884      279.00
95.4094      361.00
95.6305      328.00
95.8516      306.00
96.0726      328.00
96.2936      295.00
96.5147      320.00
96.7357      303.00
96.9568      293.00
97.1778      343.00
97.3989      340.00
97.6200      333.00
97.8410      299.00
98.0620      309.00
98.2831      303.00
98.5041      331.00
98.7252      331.00
98.9462      331.00
99.1673      331.00
99.3884      308.00
99.6094      351.00
99.8304      338.00
