2.0000 6304.2150
2.0100 6041.2400
2.0200 6204.8575
2.0300 6455.7275
2.0400 6471.5200
2.0500 6304.4950
2.0600 6116.9150
2.0700 6031.3000
2.0800 5961.5025
2.0900 5848.2225
2.1000 6105.4350
2.1100 6175.3625
2.1200 6154.7450
2.1300 6179.2750
2.1400 6150.1150
2.1500 6331.2550
2.1600 6491.6675
2.1700 6435.8325
2.1800 6273.2675
2.1900 6196.6100
2.2000 6171.7575
2.2100 6104.9825
2.2200 6061.0700
2.2300 5886.8425
2.2400 6092.0350
2.2500 6290.1750
2.2600 6561.0225
2.2700 6343.8750
2.2800 6386.9625
2.2900 6575.1750
2.3000 6776.6075
2.3100 6639.6550
2.3200 6548.6100
2.3300 6453.7250
2.3400 6479.8050
2.3500 6525.2625
2.3600 6822.9350
2.3700 6809.8300
2.3800 6535.0700
2.3900 6636.5775
2.4000 6545.8700
2.4100 6522.7200
2.4200 6594.6125
2.4300 6528.2075
2.4400 6479.9500
2.4500 6475.7425
2.4600 6373.4150
2.4700 6380.6350
2.4800 6488.7725
2.4900 6705.9475
2.5000 6656.2450
2.5100 6324.3750
2.5200 6436.0875
2.5300 6195.9275
2.5400 6213.4175
2.5500 6429.5900
2.5600 6520.1600
2.5700 6592.8200
2.5800 6359.5275
2.5900 6370.1550
2.6000 6370.1825
2.6100 6244.3175
2.6200 6295.3400
2.6300 6117.9425
2.6400 5910.7025
2.6500 6064.5450
2.6600 6153.4350
2.6700 5970.6575
2.6800 5843.0875
2.6900 5666.0625
2.7000 5868.7675
2.7100 5729.4475
2.7200 5696.1375
2.7300 5745.9450
2.7400 5806.6525
2.7500 5937.9975
2.7600 5506.7900
2.7700 5593.4225
2.7800 5618.8800
2.7900 5654.6950
2.8000 5724.5100
2.8100 5717.5825
2.8200 5740.1500
2.8300 5868.2425
2.8400 5880.7875
2.8500 5446.7575
2.8600 5180.4200
2.8700 5543.0500
2.8800 5332.1550
2.8900 5293.7050
2.9000 5372.5875
2.9100 5263.9600
2.9200 5586.3225
2.9300 5183.4100
2.9400 5192.1250
2.9500 5274.8700
2.9600 5200.1550
2.9700 5034.3050
2.9800 5206.6500
2.9900 4953.4575
3.0000 5203.9000
3.0100 5281.7625
3.0200 5023.2525
3.0300 5016.6675
3.0400 4927.9550
3.0500 4989.2675
3.0600 5039.6800
3.0700 5177.1725
3.0800 4984.8425
3.0900 4729.8425
3.1000 4850.5775
3.1100 4795.5650
3.1200 4901.0725
3.1300 4729.3125
3.1400 4654.6475
3.1500 5012.9000
3.1600 4803.2700
3.1700 4905.8800
3.1800 4977.6900
3.1900 4694.6475
3.2000 4689.3650
3.2100 4699.2025
3.2200 4467.3750
3.2300 4538.8150
3.2400 4803.0325
3.2500 4729.5775
3.2600 4546.9200
3.2700 4473.5550
3.2800 4400.8000
3.2900 4756.0525
3.3000 4764.7925
3.3100 4845.0475
3.3200 4721.6225
3.3300 4828.9625
3.3400 4628.8500
3.3500 4570.3575
3.3600 4623.2475
3.3700 4858.6700
3.3800 5075.2775
3.3900 4864.0150
3.4000 4496.9725
3.4100 4412.5750
3.4200 4401.4450
3.4300 4365.7100
3.4400 4508.5425
3.4500 4507.6800
3.4600 4581.2000
3.4700 4754.9325
3.4800 4556.9650
3.4900 4253.0125
3.5000 4211.6025
3.5100 4256.3550
3.5200 4562.9550
3.5300 4733.4200
3.5400 4399.5400
3.5500 4306.4925
3.5600 4360.0375
3.5700 4580.8450
3.5800 4635.2650
3.5900 4505.8900
3.6000 4390.5625
3.6100 4543.3975
3.6200 4411.5500
3.6300 4575.0550
3.6400 4730.8775
3.6500 4523.0625
3.6600 4441.6675
3.6700 4411.0100
3.6800 4393.9000
3.6900 4446.3075
3.7000 4206.8975
3.7100 4210.5225
3.7200 4555.0425
3.7300 4657.1450
3.7400 4501.9650
3.7500 4406.3175
3.7600 4327.1900
3.7700 4334.9900
3.7800 4338.3950
3.7900 4419.9150
3.8000 4332.0025
3.8100 4326.4125
3.8200 4463.6550
3.8300 4533.6250
3.8400 4581.0300
3.8500 4510.5025
3.8600 4455.5375
3.8700 4533.0150
3.8800 4558.4850
3.8900 4320.0475
3.9000 4510.3925
3.9100 4501.6900
3.9200 4338.3100
3.9300 4342.8550
3.9400 4350.6850
3.9500 4288.6875
3.9600 4253.0650
3.9700 4333.8225
3.9800 4383.3325
3.9900 4212.3925
4.0000 4108.3325
4.0100 4226.1225
4.0200 4361.1025
4.0300 4465.8150
4.0400 4533.5000
4.0500 4439.9125
4.0600 4212.4500
4.0700 4157.7875
4.0800 4314.5725
4.0900 4429.3225
4.1000 4338.2700
4.1100 4292.1350
4.1200 4503.8475
4.1300 4527.1775
4.1400 4337.3575
4.1500 4182.9375
4.1600 4148.4150
4.1700 4301.6350
4.1800 4459.2100
4.1900 4435.6550
4.2000 4465.5400
4.2100 4397.1925
4.2200 4265.2975
4.2300 4362.0050
4.2400 4413.8200
4.2500 4255.5950
4.2600 4207.1150
4.2700 4293.2500
4.2800 4385.7025
4.2900 4454.5875
4.3000 4359.7125
4.3100 4177.5950
4.3200 4197.0750
4.3300 4341.9700
4.3400 4337.5450
4.3500 4332.9475
4.3600 4436.7100
4.3700 4454.9725
4.3800 4477.3950
4.3900 4509.5075
4.4000 4387.1900
4.4100 4307.5175
4.4200 4360.4075
4.4300 4349.2250
4.4400 4287.7900
4.4500 4248.6950
4.4600 4307.6600
4.4700 4417.4175
4.4800 4389.5175
4.4900 4347.9925
4.5000 4317.5875
4.5100 4403.9650
4.5200 4473.9025
4.5300 4357.6325
4.5400 4262.9225
4.5500 4207.1750
4.5600 4232.8450
4.5700 4419.2800
4.5800 4538.0925
4.5900 4533.6800
4.6000 4637.2075
4.6100 4724.3875
4.6200 4683.7450
4.6300 4356.4175
4.6400 4168.1550
4.6500 4165.6550
4.6600 4152.0775
4.6700 4310.7750
4.6800 4465.3200
4.6900 4465.9375
4.7000 4345.6225
4.7100 4242.8425
4.7200 4249.0800
4.7300 4362.7650
4.7400 4293.1750
4.7500 4199.3250
4.7600 4293.4075
4.7700 4524.0850
4.7800 4551.2200
4.7900 4419.3800
4.8000 4283.3325
4.8100 4328.7075
4.8200 4394.2025
4.8300 4316.6350
4.8400 4261.0100
4.8500 4253.3600
4.8600 4275.2800
4.8700 4476.6950
4.8800 4480.4975
4.8900 4377.1225
4.9000 4366.3750
4.9100 4312.1375
4.9200 4333.0200
4.9300 4264.9850
4.9400 4239.1900
4.9500 4223.5375
4.9600 4250.8475
4.9700 4348.6675
4.9800 4236.0075
4.9900 4142.3950
5.0000 4270.7425
5.0100 4405.9250
5.0200 4401.0325
5.0300 4507.5375
5.0400 4357.2500
5.0500 4547.1100
5.0600 4553.8825
5.0700 4329.2400
5.0800 4324.9250
5.0900 4291.5250
5.1000 4294.7875
5.1100 4208.3200
5.1200 4357.9425
5.1300 4291.0900
5.1400 4434.6475
5.1500 4430.5225
5.1600 4272.7050
5.1700 4124.1250
5.1800 4075.2175
5.1900 4289.5825
5.2000 4507.3300
5.2100 4432.9675
5.2200 4396.5750
5.2300 4359.7300
5.2400 4304.8225
5.2500 4427.3250
5.2600 4301.6050
5.2700 4268.8800
5.2800 4110.8600
5.2900 4141.5650
5.3000 4102.6075
5.3100 4259.3125
5.3200 4225.0000
5.3300 4192.4075
5.3400 4052.7975
5.3500 4174.5450
5.3600 4322.7275
5.3700 4439.0475
5.3800 4383.9300
5.3900 4165.8750
5.4000 4239.0850
5.4100 4407.0400
5.4200 4344.1150
5.4300 4294.5300
5.4400 4200.4675
5.4500 4164.2625
5.4600 4257.2625
5.4700 4252.0875
5.4800 4276.8400
5.4900 4317.2975
5.5000 4085.6100
5.5100 4211.6925
5.5200 4540.2300
5.5300 4308.1825
5.5400 4169.2425
5.5500 4190.0025
5.5600 4188.7025
5.5700 4305.7500
5.5800 4184.9325
5.5900 4053.6900
5.6000 4280.6825
5.6100 4429.9600
5.6200 4385.8325
5.6300 4319.1550
5.6400 4344.6375
5.6500 4275.5700
5.6600 4285.5075
5.6700 4316.6675
5.6800 4338.2775
5.6900 4674.0325
5.7000 4512.7150
5.7100 4434.6475
5.7200 4301.5475
5.7300 4339.4650
5.7400 4484.3725
5.7500 4707.4075
5.7600 4673.7200
5.7700 4403.8525
5.7800 4523.6150
5.7900 4469.8775
5.8000 4267.3825
5.8100 4307.1950
5.8200 4688.1050
5.8300 4457.5225
5.8400 4390.9125
5.8500 4309.1275
5.8600 4441.8100
5.8700 4491.6550
5.8800 4391.9975
5.8900 4325.4275
5.9000 4448.8125
5.9100 4499.3700
5.9200 4483.5950
5.9300 4646.8750
5.9400 4601.0900
5.9500 4608.1250
5.9600 4559.7325
5.9700 4388.7650
5.9800 4391.3825
5.9900 4271.3150
6.0000 4114.7050
6.0100 4052.5275
6.0200 4351.9825
6.0300 4612.2300
6.0400 4451.2900
6.0500 4512.5000
6.0600 4500.9775
6.0700 4539.0975
6.0800 4611.8150
6.0900 4694.3550
6.1000 4800.6650
6.1100 4545.9150
6.1200 4309.6000
6.1300 4176.6525
6.1400 4151.3825
6.1500 4241.4050
6.1600 4105.7575
6.1700 4288.3975
6.1800 4391.2875
6.1900 4572.8700
6.2000 4449.3375
6.2100 4291.4825
6.2200 4379.1700
6.2300 4258.1875
6.2400 4278.6200
6.2500 4327.5250
6.2600 4274.6100
6.2700 4091.1000
6.2800 4205.1800
6.2900 4123.2875
6.3000 4354.5000
6.3100 4247.3625
6.3200 4189.0475
6.3300 4333.8050
6.3400 4251.2275
6.3500 4147.9475
6.3600 4112.0625
6.3700 4256.7150
6.3800 4339.6600
6.3900 4357.0150
6.4000 4414.2625
6.4100 4425.0000
6.4200 4404.1750
6.4300 4247.8275
6.4400 4106.3925
6.4500 4103.9350
6.4600 4149.3900
6.4700 4206.0600
6.4800 4237.0475
6.4900 4214.5925
6.5000 4107.1700
6.5100 4170.6875
6.5200 4151.4975
6.5300 4361.7875
6.5400 4529.6450
6.5500 4531.8475
6.5600 4366.6775
6.5700 4403.8675
6.5800 4431.5475
6.5900 4335.4850
6.6000 4386.3200
6.6100 4427.7575
6.6200 4562.3325
6.6300 4567.8725
6.6400 4667.1525
6.6500 4719.1300
6.6600 4794.8775
6.6700 4601.5100
6.6800 4697.2350
6.6900 4636.9675
6.7000 4600.0000
6.7100 4649.8475
6.7200 4672.8725
6.7300 4470.9750
6.7400 4202.9325
6.7500 4200.8100
6.7600 4072.2500
6.7700 4235.7600
6.7800 4395.4700
6.7900 4334.4350
6.8000 4318.0400
6.8100 4241.1475
6.8200 4172.5400
6.8300 4259.3375
6.8400 4394.6775
6.8500 4486.3725
6.8600 4402.6850
6.8700 4218.0425
6.8800 4199.0825
6.8900 4321.0225
6.9000 4256.9675
6.9100 4288.8300
6.9200 4336.4525
6.9300 4467.1100
6.9400 4649.9175
6.9500 4753.5675
6.9600 4780.6300
6.9700 4816.9725
6.9800 4944.9925
6.9900 5011.1175
7.0000 4839.5325
7.0100 4970.4675
7.0200 5055.8925
7.0300 5101.7750
7.0400 5416.2450
7.0500 5805.0125
7.0600 5809.2875
7.0700 5961.8250
7.0800 6323.9100
7.0900 6607.3650
7.1000 6871.8325
7.1100 7270.4250
7.1200 7688.5075
7.1300 8126.1225
7.1400 8539.4250
7.1500 9284.3800
7.1600 10016.2150
7.1700 10837.2725
7.1800 11765.4450
7.1900 12523.6825
7.2000 13517.6575
7.2100 15080.5100
7.2200 16398.7950
7.2300 17589.0925
7.2400 19642.7425
7.2500 22164.2375
7.2600 24793.5950
7.2700 27672.7225
7.2800 30410.7050
7.2900 33436.2575
7.3000 37421.6250
7.3100 41888.0875
7.3200 46193.7400
7.3300 50989.2475
7.3400 56202.2100
7.3500 61718.9875
7.3600 66237.0150
7.3700 70051.6400
7.3800 73316.4600
7.3900 75290.5725
7.4000 75658.1900
7.4100 73075.2700
7.4200 68132.1400
7.4300 61722.2025
7.4400 54078.4125
7.4500 46409.4050
7.4600 39358.7550
7.4700 32453.1550
7.4800 26397.5300
7.4900 22039.2375
7.5000 18392.7275
7.5100 15289.8375
7.5200 13245.2250
7.5300 11652.7325
7.5400 10254.7075
7.5500 9338.7250
7.5600 8953.1575
7.5700 8756.9100
7.5800 8373.6950
7.5900 7833.4025
7.6000 7293.0875
7.6100 6831.5300
7.6200 6485.5425
7.6300 6207.3750
7.6400 6196.1150
7.6500 6385.9950
7.6600 6136.8025
7.6700 5617.4375
7.6800 5463.3925
7.6900 5521.5150
7.7000 5457.4125
7.7100 5298.7450
7.7200 5241.4125
7.7300 5258.2900
7.7400 5050.7450
7.7500 4848.3675
7.7600 4824.2300
7.7700 4724.3000
7.7800 4625.3025
7.7900 4614.6575
7.8000 4583.2350
7.8100 4551.5950
7.8200 4429.1500
7.8300 4337.2825
7.8400 4313.5100
7.8500 4364.2575
7.8600 4403.3825
7.8700 4379.5100
7.8800 4323.8025
7.8900 4390.0775
7.9000 4216.7450
7.9100 4027.8750
7.9200 4011.7600
7.9300 3996.2450
7.9400 3993.7175
7.9500 4113.9575
7.9600 4290.0675
7.9700 4328.5875
7.9800 4176.0050
7.9900 4040.1875
8.0000 3956.7700
8.0100 3972.6300
8.0200 4147.4350
8.0300 4075.2850
8.0400 3954.5925
8.0500 3891.7800
8.0600 4023.7350
8.0700 4156.4275
8.0800 4103.4850
8.0900 4039.2025
8.1000 4015.9050
8.1100 3980.1250
8.1200 3874.5150
8.1300 4004.4775
8.1400 4180.4150
8.1500 4179.0425
8.1600 4063.0525
8.1700 4181.6500
8.1800 4273.0775
8.1900 4276.6550
8.2000 4107.6100
8.2100 4053.0600
8.2200 4274.6825
8.2300 4466.7575
8.2400 4452.7250
8.2500 4498.8950
8.2600 4577.9675
8.2700 4707.6975
8.2800 5082.2350
8.2900 5239.0500
8.3000 5339.7825
8.3100 5590.4500
8.3200 5673.5125
8.3300 5902.3325
8.3400 6265.3750
8.3500 6716.4325
8.3600 7349.9575
8.3700 7630.6425
8.3800 8116.5600
8.3900 8775.6075
8.4000 9531.0850
8.4100 10608.6900
8.4200 11712.7350
8.4300 12386.5075
8.4400 13657.2775
8.4500 15402.6500
8.4600 16575.7850
8.4700 18131.6350
8.4800 20055.4400
8.4900 21463.2200
8.5000 22846.6675
8.5100 24224.9825
8.5200 25431.4575
8.5300 26829.1000
8.5400 27187.3550
8.5500 26344.0925
8.5600 25174.4700
8.5700 23447.1125
8.5800 21208.8275
8.5900 18739.7000
8.6000 16430.6550
8.6100 13790.8375
8.6200 11668.4475
8.6300 10171.6475
8.6400 8635.2600
8.6500 7759.1575
8.6600 7126.7550
8.6700 6138.7600
8.6800 5783.1150
8.6900 5418.0625
8.7000 5076.3375
8.7100 5055.1850
8.7200 5011.8225
8.7300 4721.1275
8.7400 4505.0175
8.7500 4325.4325
8.7600 4209.5350
8.7700 4267.2975
8.7800 4135.1025
8.7900 3889.5750
8.8000 3991.0875
8.8100 3846.2300
8.8200 3862.1675
8.8300 3819.4750
8.8400 3734.1725
8.8500 3836.8025
8.8600 3912.0700
8.8700 3752.4525
8.8800 3520.4225
8.8900 3768.9825
8.9000 3822.6000
8.9100 3560.1100
8.9200 3398.1375
8.9300 3440.9775
8.9400 3484.5875
8.9500 3490.4350
8.9600 3455.4475
8.9700 3320.2750
8.9800 3497.5250
8.9900 3496.4950
9.0000 3302.8550
9.0100 3555.5425
9.0200 3685.8275
9.0300 3562.7825
9.0400 3364.5675
9.0500 3353.0875
9.0600 3363.9025
9.0700 3299.1525
9.0800 3416.6675
9.0900 3386.3250
9.1000 3175.9825
9.1100 3388.7800
9.1200 3430.6700
9.1300 3404.8625
9.1400 3369.0700
9.1500 3316.6675
9.1600 3312.6325
9.1700 3284.4425
9.1800 3383.4350
9.1900 3443.5175
9.2000 3208.3325
9.2100 3218.9325
9.2200 3339.5125
9.2300 3394.3350
9.2400 3242.3850
9.2500 3339.3475
9.2600 3218.0400
9.2700 3334.6275
9.2800 3242.2325
9.2900 3246.7200
9.3000 3208.4300
9.3100 3327.7550
9.3200 3236.3075
9.3300 3156.0750
9.3400 3262.3600
9.3500 3328.6300
9.3600 3240.0350
9.3700 3202.1250
9.3800 3076.4725
9.3900 3118.7900
9.4000 3355.0450
9.4100 3269.1275
9.4200 3118.6925
9.4300 3173.9225
9.4400 3140.6675
9.4500 3109.9450
9.4600 3157.8200
9.4700 2818.9600
9.4800 2923.5225
9.4900 3252.4300
9.5000 3377.2525
9.5100 2998.6475
9.5200 2903.6300
9.5300 3225.0725
9.5400 3233.2800
9.5500 3224.5175
9.5600 3108.4675
9.5700 3183.2925
9.5800 3017.1450
9.5900 2983.5075
9.6000 3074.3100
9.6100 3025.4925
9.6200 2942.6825
9.6300 3015.5775
9.6400 3172.3325
9.6500 2929.7925
9.6600 2908.6925
9.6700 3184.9225
9.6800 3175.4350
9.6900 3175.0000
9.7000 3086.1525
9.7100 3091.3900
9.7200 3172.0525
9.7300 3118.8650
9.7400 3196.6675
9.7500 3207.9800
9.7600 3104.8300
9.7700 3084.1150
9.7800 2996.1750
9.7900 3165.5600
9.8000 3104.0325
9.8100 3092.1350
9.8200 3327.0750
9.8300 3263.3875
9.8400 3180.2450
9.8500 3019.2050
9.8600 3086.0400
9.8700 3029.6525
9.8800 2885.8100
9.8900 2836.4325
9.9000 2941.0600
9.9100 3218.6525
9.9200 3103.8425
9.9300 3106.9425
9.9400 3070.2375
9.9500 3264.2700
9.9600 3253.0075
9.9700 3151.6900
9.9800 3126.5800
9.9900 3132.5250
10.0000 3185.8750
10.0100 3094.3350
10.0200 3090.8025
10.0300 3121.4650
10.0400 3110.1375
10.0500 3041.6250
10.0600 3040.7275
10.0700 3026.9175
10.0800 2958.7975
10.0900 3089.4075
10.1000 3086.3775
10.1100 3017.6350
10.1200 3073.8650
10.1300 2887.2425
10.1400 3061.1675
10.1500 3156.6950
10.1600 2979.2875
10.1700 3065.0125
10.1800 3262.5775
10.1900 3241.6075
10.2000 3176.2725
10.2100 2853.6425
10.2200 2977.3925
10.2300 3072.0275
10.2400 3005.6875
10.2500 3026.8675
10.2600 3068.4425
10.2700 2997.9625
10.2800 3074.1400
10.2900 3189.2000
10.3000 3326.4550
10.3100 3190.6100
10.3200 2916.4250
10.3300 3114.8275
10.3400 3015.4150
10.3500 2791.3425
10.3600 2900.4475
10.3700 3021.9975
10.3800 2973.6475
10.3900 2965.1175
10.4000 2905.7775
10.4100 2986.1300
10.4200 2994.8750
10.4300 2971.5325
10.4400 3093.8300
10.4500 3058.2525
10.4600 2961.7875
10.4700 2802.2600
10.4800 2846.1100
10.4900 2919.4850
10.5000 2953.0850
10.5100 2872.9725
10.5200 2954.7700
10.5300 2852.7325
10.5400 2764.5700
10.5500 2795.4575
10.5600 2860.1425
10.5700 2771.6700
10.5800 2902.6700
10.5900 2885.7775
10.6000 2885.8800
10.6100 2917.2125
10.6200 2854.9475
10.6300 2992.1000
10.6400 2984.6725
10.6500 2928.7775
10.6600 2954.4500
10.6700 2954.1075
10.6800 2893.6475
10.6900 2837.5375
10.7000 2905.9375
10.7100 2815.3775
10.7200 2682.1450
10.7300 2705.5550
10.7400 2681.9150
10.7500 2758.7250
10.7600 2999.7325
10.7700 2776.0075
10.7800 2757.9300
10.7900 2749.2000
10.8000 2805.9200
10.8100 2821.2700
10.8200 2870.7900
10.8300 2903.6600
10.8400 2872.4625
10.8500 2888.1375
10.8600 2941.6050
10.8700 2993.8900
10.8800 2955.1575
10.8900 2856.7500
10.9000 2648.7950
10.9100 2645.2725
10.9200 2628.2925
10.9300 2771.3250
10.9400 2928.7225
10.9500 2839.3700
10.9600 2650.6500
10.9700 2557.1575
10.9800 2730.8925
10.9900 2799.5175
11.0000 2837.2625
11.0100 2716.2800
11.0200 2763.2950
11.0300 2873.1425
11.0400 2804.2875
11.0500 2679.7525
11.0600 2641.6675
11.0700 2730.9225
11.0800 2786.1225
11.0900 2741.7700
11.1000 2777.4625
11.1100 2703.6500
11.1200 2710.4175
11.1300 2758.0925
11.1400 2668.4200
11.1500 2698.2825
11.1600 2622.3400
11.1700 2558.3325
11.1800 2623.0100
11.1900 2792.6500
11.2000 2743.4875
11.2100 2658.9850
11.2200 2687.2500
11.2300 2840.9475
11.2400 2810.9150
11.2500 2681.4825
11.2600 2652.1750
11.2700 2757.8300
11.2800 2785.3475
11.2900 2647.0025
11.3000 2606.1150
11.3100 2707.7025
11.3200 2753.1825
11.3300 2719.1900
11.3400 2771.6575
11.3500 2694.2300
11.3600 2718.3600
11.3700 2656.6375
11.3800 2726.5325
11.3900 2799.8275
11.4000 2677.9650
11.4100 2478.3150
11.4200 2476.3950
11.4300 2578.0375
11.4400 2751.9000
11.4500 2800.6625
11.4600 2619.1525
11.4700 2550.9700
11.4800 2618.9550
11.4900 2630.5325
11.5000 2674.8725
11.5100 2794.0100
11.5200 2806.6450
11.5300 2746.1950
11.5400 2624.5325
11.5500 2626.2825
11.5600 2688.0850
11.5700 2611.1800
11.5800 2653.7950
11.5900 2662.8100
11.6000 2711.4025
11.6100 2796.3350
11.6200 2674.3950
11.6300 2644.5350
11.6400 2797.0025
11.6500 2976.2600
11.6600 3026.2300
11.6700 2872.0425
11.6800 2748.4525
11.6900 2737.8700
11.7000 2714.5425
11.7100 2669.1450
11.7200 2712.8350
11.7300 2757.7225
11.7400 2714.3550
11.7500 2723.2875
11.7600 2762.7575
11.7700 2797.5125
11.7800 2745.9725
11.7900 2666.2525
11.8000 2749.8525
11.8100 2828.9925
11.8200 2812.0225
11.8300 2886.1900
11.8400 2940.9075
11.8500 3006.4875
11.8600 3142.8000
11.8700 3204.4025
11.8800 3233.5825
11.8900 3300.5525
11.9000 3366.7875
11.9100 3550.5550
11.9200 3754.1475
11.9300 3858.0425
11.9400 4144.0200
11.9500 4461.3450
11.9600 4574.7350
11.9700 4783.6350
11.9800 5040.2925
11.9900 5262.1000
12.0000 5744.1475
12.0100 6231.8050
12.0200 6600.2350
12.0300 7036.0525
12.0400 7457.7550
12.0500 7773.0875
12.0600 8191.6475
12.0700 8383.2050
12.0800 8209.8775
12.0900 8292.3550
12.1000 8265.4300
12.1100 7821.3225
12.1200 7266.0175
12.1300 6745.8425
12.1400 6237.7800
12.1500 5700.7350
12.1600 5046.6200
12.1700 4419.3800
12.1800 4086.2175
12.1900 3873.8300
12.2000 3581.8350
12.2100 3291.6250
12.2200 3069.6625
12.2300 3084.4925
12.2400 3125.8225
12.2500 3005.2425
12.2600 2903.9325
12.2700 2775.5550
12.2800 2682.0225
12.2900 2694.1325
12.3000 2766.6175
12.3100 2807.0975
12.3200 2806.0675
12.3300 2770.5600
12.3400 2713.6475
12.3500 2699.4100
12.3600 2729.8625
12.3700 2718.0875
12.3800 2642.9600
12.3900 2570.5525
12.4000 2644.3275
12.4100 2698.1500
12.4200 2652.9225
12.4300 2621.7875
12.4400 2608.1825
12.4500 2468.3425
12.4600 2399.6850
12.4700 2490.0925
12.4800 2557.1750
12.4900 2617.9000
12.5000 2471.0775
12.5100 2383.7950
12.5200 2458.3375
12.5300 2626.3000
12.5400 2545.8025
12.5500 2401.2075
12.5600 2422.9975
12.5700 2449.0825
12.5800 2478.1350
12.5900 2530.1275
12.6000 2549.3500
12.6100 2514.8750
12.6200 2625.0000
12.6300 2585.2325
12.6400 2474.0525
12.6500 2484.8075
12.6600 2639.3600
12.6700 2617.0150
12.6800 2540.4300
12.6900 2496.4575
12.7000 2498.6300
12.7100 2538.7275
12.7200 2603.5000
12.7300 2660.6150
12.7400 2496.0625
12.7500 2404.2425
12.7600 2347.6525
12.7700 2375.0000
12.7800 2428.8450
12.7900 2533.3325
12.8000 2552.9625
12.8100 2600.0350
12.8200 2561.1775
12.8300 2427.9225
12.8400 2358.6300
12.8500 2346.5525
12.8600 2386.9875
12.8700 2267.8275
12.8800 2250.4725
12.8900 2362.2875
12.9000 2326.5600
12.9100 2399.1800
12.9200 2409.6950
12.9300 2366.1700
12.9400 2388.5275
12.9500 2405.1650
12.9600 2434.6400
12.9700 2457.1275
12.9800 2429.3600
12.9900 2440.6675
13.0000 2372.4000
13.0100 2348.2450
13.0200 2486.3050
13.0300 2534.9625
13.0400 2419.6050
13.0500 2454.4850
13.0600 2432.2650
13.0700 2442.7775
13.0800 2420.2150
13.0900 2408.3325
13.1000 2420.1500
13.1100 2431.2075
13.1200 2348.3150
13.1300 2309.3775
13.1400 2423.2200
13.1500 2379.5825
13.1600 2412.1575
13.1700 2437.2550
13.1800 2324.6125
13.1900 2215.4650
13.2000 2146.6925
13.2100 2133.5600
13.2200 2252.1900
13.2300 2295.3275
13.2400 2369.7350
13.2500 2287.6275
13.2600 2353.3300
13.2700 2472.3125
13.2800 2396.1325
13.2900 2447.7975
13.3000 2316.7525
13.3100 2268.4725
13.3200 2337.7150
13.3300 2312.2000
13.3400 2329.8075
13.3500 2286.7175
13.3600 2330.0900
13.3700 2250.8525
13.3800 2217.6625
13.3900 2276.9475
13.4000 2262.0550
13.4100 2233.9100
13.4200 2375.0000
13.4300 2380.6750
13.4400 2420.6575
13.4500 2463.7075
13.4600 2342.6200
13.4700 2295.0475
13.4800 2386.7425
13.4900 2287.9625
13.5000 2416.0325
13.5100 2385.1125
13.5200 2404.0275
13.5300 2404.4525
13.5400 2217.6925
13.5500 2144.5425
13.5600 2134.4150
13.5700 2288.1275
13.5800 2219.8000
13.5900 2145.0100
13.6000 2206.5550
13.6100 2261.7450
13.6200 2240.0400
13.6300 2233.3325
13.6400 2239.7300
13.6500 2260.3250
13.6600 2227.0475
13.6700 2223.3625
13.6800 2325.0000
13.6900 2337.2400
13.7000 2402.2800
13.7100 2442.4875
13.7200 2383.0250
13.7300 2300.5925
13.7400 2429.1075
13.7500 2316.2750
13.7600 2436.2000
13.7700 2450.0000
13.7800 2451.4075
13.7900 2416.5450
13.8000 2215.2300
13.8100 2228.1500
13.8200 2130.1875
13.8300 2220.0775
13.8400 2314.4000
13.8500 2233.4200
13.8600 2120.7625
13.8700 2260.3000
13.8800 2395.6275
13.8900 2307.4000
13.9000 2215.7950
13.9100 2263.2525
13.9200 2279.5000
13.9300 2208.3325
13.9400 2220.2300
13.9500 2331.6550
13.9600 2543.6075
13.9700 2344.2525
13.9800 2341.2725
13.9900 2562.3475
14.0000 2619.4850
14.0100 2494.7225
14.0200 2626.0825
14.0300 2620.5050
14.0400 2540.7225
14.0500 2602.0900
14.0600 2683.2325
14.0700 2755.8850
14.0800 2847.3075
14.0900 2789.4150
14.1000 2993.4600
14.1100 3270.8450
14.1200 3384.7025
14.1300 3502.5375
14.1400 3332.3825
14.1500 3398.9425
14.1600 3458.3325
14.1700 3469.8125
14.1800 3552.7475
14.1900 3440.1875
14.2000 3478.9100
14.2100 3277.5500
14.2200 3142.6450
14.2300 3062.1325
14.2400 2925.0550
14.2500 2758.8875
14.2600 2668.8000
14.2700 2517.4825
14.2800 2442.4050
14.2900 2448.5475
14.3000 2429.7700
14.3100 2380.4725
14.3200 2271.3775
14.3300 2421.3825
14.3400 2457.1650
14.3500 2256.4750
14.3600 2333.9675
14.3700 2352.8550
14.3800 2480.1025
14.3900 2323.8025
14.4000 2197.6700
14.4100 2180.9150
14.4200 2376.6700
14.4300 2401.6325
14.4400 2423.9375
14.4500 2398.4850
14.4600 2245.9550
14.4700 2186.2900
14.4800 2244.8475
14.4900 2425.3950
14.5000 2295.3000
14.5100 2357.4500
14.5200 2347.6675
14.5300 2452.0975
14.5400 2334.5425
14.5500 2370.4325
14.5600 2621.5750
14.5700 2715.8800
14.5800 2518.7800
14.5900 2561.9150
14.6000 2454.2475
14.6100 2560.5300
14.6200 2617.8725
14.6300 2654.6175
14.6400 2781.9525
14.6500 2742.7200
14.6600 2776.7550
14.6700 2839.7625
14.6800 3060.5875
14.6900 3145.0725
14.7000 3278.4050
14.7100 3418.9200
14.7200 3518.2425
14.7300 3595.0825
14.7400 3775.0700
14.7500 4233.0575
14.7600 4219.6675
14.7700 4417.9050
14.7800 4510.7350
14.7900 4708.0700
14.8000 4683.8600
14.8100 4741.4150
14.8200 4707.9825
14.8300 4649.3975
14.8400 4515.8325
14.8500 4241.4475
14.8600 4099.9800
14.8700 3733.8575
14.8800 3608.6975
14.8900 3359.4325
14.9000 2927.5500
14.9100 3082.1675
14.9200 2843.8050
14.9300 2627.2375
14.9400 2542.6500
14.9500 2451.2175
14.9600 2441.7900
14.9700 2515.4500
14.9800 2516.6675
14.9900 2377.7150
15.0000 2366.8375
15.0100 2407.4125
15.0200 2278.1425
15.0300 2226.2525
15.0400 2192.5500
15.0500 2094.4625
15.0600 2293.8675
15.0700 2469.5950
15.0800 2354.0450
15.0900 2333.8975
15.1000 2357.4525
15.1100 2173.7050
15.1200 2118.5750
15.1300 2132.6725
15.1400 2205.2525
15.1500 2335.9950
15.1600 2126.5625
15.1700 2092.8025
15.1800 2020.1825
15.1900 2016.6675
15.2000 1977.0725
15.2100 2125.2275
15.2200 2235.9650
15.2300 2186.4875
15.2400 2112.4975
15.2500 2100.4750
15.2600 2131.3875
15.2700 2180.3425
15.2800 2042.5225
15.2900 1931.7925
15.3000 1995.1900
15.3100 2031.1475
15.3200 2095.5350
15.3300 2193.1600
15.3400 2238.7575
15.3500 2311.3225
15.3600 2216.2075
15.3700 2077.1625
15.3800 2151.4100
15.3900 2312.1775
15.4000 2263.5575
15.4100 2127.9675
15.4200 2239.1750
15.4300 2288.2250
15.4400 2222.9675
15.4500 2071.8575
15.4600 1989.8450
15.4700 1975.7350
15.4800 2035.6900
15.4900 2087.1150
15.5000 2137.0450
15.5100 2096.3600
15.5200 2061.5075
15.5300 2201.3625
15.5400 2261.7625
15.5500 2199.1250
15.5600 2191.6675
15.5700 2199.1475
15.5800 2140.2425
15.5900 1999.0900
15.6000 1953.5475
15.6100 2083.8275
15.6200 2293.0050
15.6300 2072.0800
15.6400 1997.2650
15.6500 2242.8800
15.6600 2193.8525
15.6700 2183.3325
15.6800 2183.3325
15.6900 2205.3600
15.7000 2296.3050
15.7100 2213.1800
15.7200 2083.0700
15.7300 2022.8875
15.7400 2082.2325
15.7500 2091.6675
15.7600 2251.4375
15.7700 2245.9975
15.7800 2190.9900
15.7900 2139.9650
15.8000 2053.9500
15.8100 2265.0300
15.8200 2379.1325
15.8300 2219.2850
15.8400 2198.8375
15.8500 2114.0800
15.8600 2157.1875
15.8700 2116.7050
15.8800 2165.3400
15.8900 2139.4275
15.9000 2133.3325
15.9100 2112.0575
15.9200 2087.0900
15.9300 2062.1250
15.9400 2121.8575
15.9500 2231.9925
15.9600 2228.8925
15.9700 2091.5300
15.9800 1961.4650
15.9900 2060.7050
16.0000 2118.2900
16.0100 2118.0200
16.0200 2130.6050
16.0300 2161.1650
16.0400 2243.0775
16.0500 2265.2675
16.0600 2245.8950
16.0700 2075.7525
16.0800 2124.4900
16.0900 2148.5575
16.1000 2211.9200
16.1100 2108.2300
16.1200 2007.8975
16.1300 1977.9725
16.1400 2098.0425
16.1500 2241.0175
16.1600 2205.3450
16.1700 2123.6400
16.1800 2223.7900
16.1900 2161.8525
16.2000 2202.5925
16.2100 2338.3225
16.2200 2326.1800
16.2300 2121.3000
16.2400 2108.6300
16.2500 2183.8150
16.2600 2193.2950
16.2700 2205.0525
16.2800 2101.4175
16.2900 2215.0975
16.3000 2176.7350
16.3100 2091.8375
16.3200 2141.3875
16.3300 2065.5425
16.3400 2054.9000
16.3500 2131.0025
16.3600 2150.0000
16.3700 2156.5850
16.3800 2138.6125
16.3900 2192.4000
16.4000 2182.1250
16.4100 2089.9600
16.4200 2092.7900
16.4300 2184.7600
16.4400 2227.8600
16.4500 2174.8475
16.4600 2080.4800
16.4700 2097.1950
16.4800 2088.9350
16.4900 2160.8025
16.5000 2234.8925
16.5100 2172.7875
16.5200 2207.8125
16.5300 2257.0650
16.5400 2298.6775
16.5500 2238.0250
16.5600 2210.2850
16.5700 2310.2625
16.5800 2354.3875
16.5900 2199.6000
16.6000 2194.3725
16.6100 2246.3025
16.6200 2201.4750
16.6300 2221.1750
16.6400 2239.6300
16.6500 2235.3800
16.6600 2277.2625
16.6700 2316.7275
16.6800 2224.9275
16.6900 2204.1550
16.7000 2364.1700
16.7100 2267.3150
16.7200 2179.3900
16.7300 2278.3050
16.7400 2347.6250
16.7500 2339.7900
16.7600 2388.8700
16.7700 2476.0975
16.7800 2493.8500
16.7900 2375.0150
16.8000 2370.1075
16.8100 2407.8075
16.8200 2392.2325
16.8300 2438.2175
16.8400 2427.8950
16.8500 2307.2725
16.8600 2351.6050
16.8700 2558.9800
16.8800 2546.3950
16.8900 2619.2825
16.9000 2658.3325
16.9100 2664.3500
16.9200 2786.7725
16.9300 2977.2150
16.9400 3087.1975
16.9500 3132.2325
16.9600 3398.1350
16.9700 3452.3675
16.9800 3659.2025
16.9900 4100.0900
17.0000 4425.2950
17.0100 4718.7925
17.0200 4985.4275
17.0300 5140.8350
17.0400 5433.8450
17.0500 5982.1175
17.0600 6500.8325
17.0700 6787.9775
17.0800 6961.0025
17.0900 7375.7600
17.1000 7411.0700
17.1100 7422.2650
17.1200 7571.8400
17.1300 7439.6625
17.1400 6924.7000
17.1500 6381.2575
17.1600 6000.2950
17.1700 5658.4325
17.1800 5119.3800
17.1900 4575.3725
17.2000 4204.9675
17.2100 3794.1950
17.2200 3553.0725
17.2300 3246.5200
17.2400 2920.4600
17.2500 2819.3275
17.2600 2839.3125
17.2700 2742.6150
17.2800 2618.3225
17.2900 2656.5475
17.3000 2562.3600
17.3100 2455.1025
17.3200 2578.9900
17.3300 2476.6375
17.3400 2296.7650
17.3500 2311.2975
17.3600 2347.2300
17.3700 2355.5525
17.3800 2380.5050
17.3900 2375.0675
17.4000 2339.0500
17.4100 2347.0550
17.4200 2330.8150
17.4300 2305.6800
17.4400 2343.8725
17.4500 2279.0775
17.4600 2260.6575
17.4700 2340.4575
17.4800 2320.5500
17.4900 2291.6675
17.5000 2275.3900
17.5100 2239.5875
17.5200 2138.5000
17.5300 2107.8550
17.5400 2122.0525
17.5500 2254.0500
17.5600 2228.3875
17.5700 2212.5050
17.5800 2211.9400
17.5900 2135.9400
17.6000 2105.3300
17.6100 2145.5675
17.6200 2278.1675
17.6300 2304.5675
17.6400 2193.3975
17.6500 1956.8425
17.6600 1981.7775
17.6700 2084.6400
17.6800 2157.7725
17.6900 2265.0600
17.7000 2324.0325
17.7100 2286.3225
17.7200 2279.1875
17.7300 2229.2150
17.7400 2202.0550
17.7500 2172.0375
17.7600 2237.9875
17.7700 2255.5025
17.7800 2264.2725
17.7900 2267.8925
17.8000 2325.1250
17.8100 2351.2825
17.8200 2280.2400
17.8300 2241.6675
17.8400 2093.7675
17.8500 2096.7200
17.8600 2209.1450
17.8700 2231.5225
17.8800 2184.5000
17.8900 2249.2875
17.9000 2353.7250
17.9100 2297.7525
17.9200 2151.2200
17.9300 2081.6350
17.9400 2240.2050
17.9500 2290.0375
17.9600 2235.0375
17.9700 2080.6325
17.9800 2037.9900
17.9900 2139.4750
18.0000 2272.4375
18.0100 2278.9825
18.0200 2167.6900
18.0300 2141.2800
18.0400 2143.5925
18.0500 2152.9500
18.0600 2176.4550
18.0700 2207.7600
18.0800 2185.9900
18.0900 2095.0625
18.1000 2137.4425
18.1100 2253.3350
18.1200 2209.3950
18.1300 2096.8675
18.1400 2202.9675
18.1500 2317.9575
18.1600 2238.5500
18.1700 2146.2375
18.1800 2177.6300
18.1900 2331.2750
18.2000 2349.9400
18.2100 2266.7000
18.2200 2293.8950
18.2300 2281.2050
18.2400 2147.0700
18.2500 2150.5325
18.2600 2255.4500
18.2700 2319.8825
18.2800 2355.7475
18.2900 2301.0825
18.3000 2250.0000
18.3100 2208.0025
18.3200 2193.6300
18.3300 2245.5200
18.3400 2233.2450
18.3500 2241.6750
18.3600 2321.2150
18.3700 2321.4325
18.3800 2383.7375
18.3900 2403.2000
18.4000 2376.6750
18.4100 2464.8925
18.4200 2470.1875
18.4300 2393.0875
18.4400 2512.2625
18.4500 2692.3650
18.4600 2691.8150
18.4700 2668.0925
18.4800 2769.1050
18.4900 2796.6125
18.5000 2740.3475
18.5100 2733.9750
18.5200 2889.4675
18.5300 3097.1250
18.5400 3229.1225
18.5500 3283.3325
18.5600 3425.5225
18.5700 3780.6000
18.5800 3921.3725
18.5900 3906.4200
18.6000 4162.0775
18.6100 4512.3150
18.6200 4680.7350
18.6300 4892.3750
18.6400 4988.3625
18.6500 5003.5600
18.6600 5053.2225
18.6700 4998.5575
18.6800 4832.1825
18.6900 4600.0950
18.7000 4391.9800
18.7100 4248.5450
18.7200 4130.8725
18.7300 3938.0825
18.7400 3683.5600
18.7500 3319.0225
18.7600 3074.3875
18.7700 3075.5600
18.7800 2857.6700
18.7900 2616.5150
18.8000 2748.0600
18.8100 2832.6275
18.8200 2774.9000
18.8300 2632.0025
18.8400 2512.6000
18.8500 2525.0000
18.8600 2591.9200
18.8700 2570.6800
18.8800 2533.3175
18.8900 2587.4900
18.9000 2508.7000
18.9100 2433.2800
18.9200 2507.7650
18.9300 2645.0850
18.9400 2761.9225
18.9500 2812.4400
18.9600 2751.1125
18.9700 2761.0175
18.9800 2870.2275
18.9900 3001.7925
19.0000 3165.2175
19.0100 3285.8200
19.0200 3386.4175
19.0300 3469.4175
19.0400 3718.1375
19.0500 3897.1450
19.0600 3910.4975
19.0700 4018.7200
19.0800 4218.8450
19.0900 4542.4675
19.1000 4864.2625
19.1100 5036.5200
19.1200 5054.3700
19.1300 5176.5200
19.1400 5375.8475
19.1500 5260.5625
19.1600 5026.9025
19.1700 4783.8875
19.1800 4475.6700
19.1900 4524.3925
19.2000 4480.2300
19.2100 4114.5100
19.2200 3775.4550
19.2300 3652.4100
19.2400 3556.2800
19.2500 3287.7125
19.2600 3125.0125
19.2700 3023.6825
19.2800 2907.6475
19.2900 2593.3425
19.3000 2381.6450
19.3100 2391.8475
19.3200 2525.1825
19.3300 2553.0275
19.3400 2409.9700
19.3500 2394.4675
19.3600 2431.9900
19.3700 2373.7150
19.3800 2296.7025
19.3900 2271.5775
19.4000 2308.3325
19.4100 2271.1075
19.4200 2262.1425
19.4300 2308.3325
19.4400 2245.4675
19.4500 2203.5650
19.4600 2275.7725
19.4700 2304.6600
19.4800 2204.6950
19.4900 2123.5650
19.5000 2306.3775
19.5100 2369.4025
19.5200 2276.9325
19.5300 2300.7075
19.5400 2207.6950
19.5500 2127.2300
19.5600 2079.5250
19.5700 2171.0125
19.5800 2295.0625
19.5900 2190.4100
19.6000 2236.8300
19.6100 2435.5350
19.6200 2431.3975
19.6300 2327.3000
19.6400 2323.9825
19.6500 2275.2975
19.6600 2287.4375
19.6700 2311.3575
19.6800 2230.2925
19.6900 2177.6775
19.7000 2151.3550
19.7100 2117.2975
19.7200 2062.4950
19.7300 2113.0350
19.7400 2263.0300
19.7500 2285.6225
19.7600 2269.2000
19.7700 2325.5025
19.7800 2295.1875
19.7900 2172.2350
19.8000 2125.3825
19.8100 2088.7625
19.8200 2078.0675
19.8300 2164.5750
19.8400 2162.1650
19.8500 2260.4875
19.8600 2284.6450
19.8700 2194.8050
19.8800 2143.3050
19.8900 2153.3700
19.9000 2180.0025
19.9100 2184.9725
19.9200 2206.6325
19.9300 2266.2900
19.9400 2358.1700
19.9500 2360.2850
19.9600 2223.1650
19.9700 2151.8750
19.9800 2351.9925
19.9900 2396.3600
20.0000 2251.1900
20.0100 2204.2175
20.0200 2334.2025
20.0300 2424.6650
20.0400 2332.5475
20.0500 2243.4350
20.0600 2211.5750
20.0700 2299.3325
20.0800 2315.4225
20.0900 2309.5550
20.1000 2255.1050
20.1100 2227.2400
20.1200 2259.1675
20.1300 2118.0275
20.1400 2200.1725
20.1500 2247.9450
20.1600 2227.0225
20.1700 2215.6075
20.1800 2305.1450
20.1900 2282.6075
20.2000 2220.5425
20.2100 2292.6125
20.2200 2271.3050
20.2300 2189.8650
20.2400 2142.9800
20.2500 2177.9250
20.2600 2246.6700
20.2700 2259.5275
20.2800 2428.1500
20.2900 2440.1100
20.3000 2283.4450
20.3100 2202.8775
20.3200 2215.4950
20.3300 2146.0175
20.3400 2180.3375
20.3500 2175.0000
20.3600 2177.9800
20.3700 2260.6225
20.3800 2308.0800
20.3900 2123.9200
20.4000 2103.4675
20.4100 2204.4550
20.4200 2352.9350
20.4300 2346.6225
20.4400 2368.8075
20.4500 2417.9575
20.4600 2335.0875
20.4700 2338.0375
20.4800 2422.1100
20.4900 2344.5825
20.5000 2254.3500
20.5100 2287.1625
20.5200 2174.7500
20.5300 2192.5800
20.5400 2295.3375
20.5500 2386.5400
20.5600 2379.6925
20.5700 2339.6825
20.5800 2427.7000
20.5900 2408.2375
20.6000 2349.6300
20.6100 2269.4625
20.6200 2305.6650
20.6300 2305.4975
20.6400 2180.5600
20.6500 2233.0825
20.6600 2350.0000
20.6700 2344.4975
20.6800 2325.1025
20.6900 2297.3875
20.7000 2318.6725
20.7100 2400.1675
20.7200 2367.0425
20.7300 2354.9950
20.7400 2448.6075
20.7500 2493.4425
20.7600 2431.4050
20.7700 2558.0375
20.7800 2585.6850
20.7900 2581.6900
20.8000 2493.1150
20.8100 2446.2000
20.8200 2536.5925
20.8300 2646.5100
20.8400 2667.1150
20.8500 2718.1525
20.8600 2971.2300
20.8700 3171.3250
20.8800 3087.5350
20.8900 3093.5200
20.9000 3229.0175
20.9100 3305.9400
20.9200 3513.8450
20.9300 3712.1800
20.9400 3542.7125
20.9500 3761.3825
20.9600 3911.4525
20.9700 4118.4750
20.9800 4179.5950
20.9900 4276.7525
21.0000 4277.3700
21.0100 4144.7650
21.0200 3900.8275
21.0300 3796.5850
21.0400 3844.2925
21.0500 3662.7525
21.0600 3294.0600
21.0700 3131.8075
21.0800 3071.4625
21.0900 2978.4325
21.1000 2949.5600
21.1100 2869.3425
21.1200 2733.6900
21.1300 2635.7575
21.1400 2610.2600
21.1500 2538.1500
21.1600 2537.9900
21.1700 2520.3075
21.1800 2528.5075
21.1900 2441.6650
21.2000 2360.7075
21.2100 2414.0100
21.2200 2500.2900
21.2300 2419.0200
21.2400 2396.8450
21.2500 2402.2000
21.2600 2616.3275
21.2700 2621.1250
21.2800 2515.7250
21.2900 2544.8375
21.3000 2630.3225
21.3100 2466.3900
21.3200 2427.4925
21.3300 2447.4625
21.3400 2290.1150
21.3500 2318.8625
21.3600 2531.7900
21.3700 2572.5675
21.3800 2615.3350
21.3900 2533.0200
21.4000 2472.9725
21.4100 2524.8925
21.4200 2428.8875
21.4300 2339.1175
21.4400 2160.3425
21.4500 2311.1825
21.4600 2491.2625
21.4700 2598.6525
21.4800 2593.6700
21.4900 2453.9825
21.5000 2517.5500
21.5100 2685.7825
21.5200 2545.6900
21.5300 2576.2900
21.5400 2646.4725
21.5500 2453.2500
21.5600 2396.9825
21.5700 2560.4550
21.5800 2600.4925
21.5900 2672.6050
21.6000 2551.7550
21.6100 2471.0225
21.6200 2625.0775
21.6300 2679.2650
21.6400 2464.5925
21.6500 2476.9375
21.6600 2566.3000
21.6700 2662.5600
21.6800 2647.9525
21.6900 2639.6275
21.7000 2637.4000
21.7100 2633.7850
21.7200 2585.3525
21.7300 2591.6675
21.7400 2551.5250
21.7500 2453.0050
21.7600 2549.6425
21.7700 2590.8975
21.7800 2629.7825
21.7900 2617.3275
21.8000 2729.5100
21.8100 2774.0225
21.8200 2586.8375
21.8300 2499.1400
21.8400 2513.4800
21.8500 2684.2350
21.8600 2460.8825
21.8700 2476.2475
21.8800 2574.4350
21.8900 2514.7575
21.9000 2555.8700
21.9100 2699.6125
21.9200 2605.7875
21.9300 2479.5700
21.9400 2507.9225
21.9500 2605.1500
21.9600 2511.4525
21.9700 2765.8250
21.9800 2882.4450
21.9900 2775.0825
22.0000 2802.9650
22.0100 3080.8875
22.0200 2974.2175
22.0300 2943.4825
22.0400 2968.1025
22.0500 3067.6025
22.0600 3179.0850
22.0700 3133.3325
22.0800 3169.0200
22.0900 3335.5575
22.1000 3509.1800
22.1100 3657.8425
22.1200 3665.4450
22.1300 3913.0300
22.1400 4276.7450
22.1500 4300.7250
22.1600 4413.4525
22.1700 4696.9750
22.1800 5125.8000
22.1900 5267.8375
22.2000 5494.7900
22.2100 5801.3625
22.2200 6132.7450
22.2300 6443.9925
22.2400 6730.7150
22.2500 7091.8800
22.2600 7296.7175
22.2700 7459.9750
22.2800 7422.1625
22.2900 7035.7450
22.3000 6708.8000
22.3100 6588.0975
22.3200 6581.3300
22.3300 6252.1150
22.3400 5834.1475
22.3500 5378.8475
22.3600 4850.5400
22.3700 4555.5625
22.3800 4247.3225
22.3900 3869.0550
22.4000 3784.6300
22.4100 3645.5600
22.4200 3406.5225
22.4300 3051.5800
22.4400 2970.2150
22.4500 3022.7125
22.4600 2874.3800
22.4700 2909.8700
22.4800 2898.3075
22.4900 2799.9050
22.5000 2741.6925
22.5100 2781.9100
22.5200 2640.0500
22.5300 2687.3525
22.5400 2584.2050
22.5500 2588.6425
22.5600 2731.1450
22.5700 2551.9275
22.5800 2464.2550
22.5900 2377.9225
22.6000 2432.4125
22.6100 2645.2850
22.6200 2717.1400
22.6300 2614.3650
22.6400 2673.3200
22.6500 2634.9700
22.6600 2670.5700
22.6700 2584.3300
22.6800 2463.8550
22.6900 2443.0025
22.7000 2381.8575
22.7100 2272.1975
22.7200 2391.6200
22.7300 2438.8325
22.7400 2481.7250
22.7500 2536.5300
22.7600 2412.7900
22.7700 2375.6600
22.7800 2515.0550
22.7900 2519.2200
22.8000 2362.3300
22.8100 2392.6150
22.8200 2440.3475
22.8300 2443.8450
22.8400 2500.0000
22.8500 2488.2850
22.8600 2421.1125
22.8700 2418.0525
22.8800 2489.7150
22.8900 2351.8850
22.9000 2405.7900
22.9100 2384.0750
22.9200 2360.5550
22.9300 2495.4900
22.9400 2627.1550
22.9500 2435.1075
22.9600 2356.1750
22.9700 2412.5600
22.9800 2525.9950
22.9900 2484.5500
23.0000 2507.4100
23.0100 2583.1300
23.0200 2459.3550
23.0300 2309.5100
23.0400 2301.0875
23.0500 2465.8200
23.0600 2249.4575
23.0700 2483.6350
23.0800 2410.0825
23.0900 2571.5300
23.1000 2563.8125
23.1100 2650.0000
23.1200 2624.9400
23.1300 2467.8000
23.1400 2460.3475
23.1500 2387.9700
23.1600 2529.4600
23.1700 2546.1300
23.1800 2479.9075
23.1900 2566.6675
23.2000 2537.1950
23.2100 2359.0375
23.2200 2473.9200
23.2300 2478.4775
23.2400 2546.5875
23.2500 2477.2875
23.2600 2533.1025
23.2700 2414.5675
23.2800 2412.5325
23.2900 2513.5000
23.3000 2611.4300
23.3100 2636.4125
23.3200 2657.3125
23.3300 2617.5250
23.3400 2369.2075
23.3500 2272.6850
23.3600 2331.6250
23.3700 2426.7950
23.3800 2297.9400
23.3900 2170.0900
23.4000 2264.1775
23.4100 2308.3325
23.4200 2311.2200
23.4300 2323.7700
23.4400 2239.5450
23.4500 2173.4500
23.4600 2299.1775
23.4700 2360.2000
23.4800 2387.9825
23.4900 2455.7300
23.5000 2189.5575
23.5100 2381.3700
23.5200 2419.7725
23.5300 2304.7400
23.5400 2283.9250
23.5500 2375.1800
23.5600 2488.4775
23.5700 2227.2450
23.5800 2061.1550
23.5900 2302.5900
23.6000 2311.2750
23.6100 2203.5950
23.6200 2303.2550
23.6300 2269.2600
23.6400 2354.1450
23.6500 2238.3500
23.6600 2214.0975
23.6700 2268.3025
23.6800 2271.1550
23.6900 2167.2025
23.7000 2258.8050
23.7100 2343.2550
23.7200 2351.2325
23.7300 2292.7325
23.7400 2370.1150
23.7500 2250.1575
23.7600 2328.7350
23.7700 2280.2925
23.7800 2248.4900
23.7900 2249.0650
23.8000 2407.5900
23.8100 2397.7875
23.8200 2369.1425
23.8300 2300.3425
23.8400 2216.6675
23.8500 2204.5100
23.8600 2087.7700
23.8700 2227.1125
23.8800 2255.5850
23.8900 2309.0500
23.9000 2231.8675
23.9100 2304.2475
23.9200 2258.3325
23.9300 2270.3925
23.9400 2401.0275
23.9500 2324.5700
23.9600 2412.7475
23.9700 2367.3150
23.9800 2381.4175
23.9900 2450.7000
24.0000 2350.1350
24.0100 2258.7500
24.0200 2355.5175
24.0300 2235.0800
24.0400 2476.3975
24.0500 2587.9500
24.0600 2432.7375
24.0700 2438.0100
24.0800 2609.5050
24.0900 2618.6175
24.1000 2540.8050
24.1100 2633.1300
24.1200 2518.9200
24.1300 2572.8750
24.1400 2893.3250
24.1500 2917.2125
24.1600 2925.0000
24.1700 2928.2150
24.1800 2989.8450
24.1900 3208.8575
24.2000 3217.1850
24.2100 3235.2725
24.2200 3401.8275
24.2300 3554.3125
24.2400 3495.1450
24.2500 3557.8625
24.2600 3687.7075
24.2700 3763.1375
24.2800 3838.8175
24.2900 3769.6025
24.3000 3407.4225
24.3100 3532.4175
24.3200 3505.3425
24.3300 3311.9125
24.3400 3361.7425
24.3500 3113.6525
24.3600 2897.9900
24.3700 2715.5675
24.3800 2845.3800
24.3900 2745.8975
24.4000 2512.8325
24.4100 2589.1025
24.4200 2373.8050
24.4300 2350.7850
24.4400 2370.9250
24.4500 2464.0600
24.4600 2576.5600
24.4700 2427.7700
24.4800 2314.9100
24.4900 2450.4125
24.5000 2273.2275
24.5100 2237.8725
24.5200 2341.3225
24.5300 2342.4675
24.5400 2562.6600
24.5500 2657.5000
24.5600 2430.7575
24.5700 2364.7675
24.5800 2320.4000
24.5900 2411.1625
24.6000 2266.9675
24.6100 2279.1300
24.6200 2392.5350
24.6300 2417.2350
24.6400 2433.8900
24.6500 2445.3525
24.6600 2308.8700
24.6700 2327.1000
24.6800 2392.4375
24.6900 2417.9250
24.7000 2458.0875
24.7100 2444.9375
24.7200 2274.7650
24.7300 2267.3575
24.7400 2295.7175
24.7500 2437.9325
24.7600 2301.7150
24.7700 2368.3375
24.7800 2435.7775
24.7900 2535.7125
24.8000 2630.8250
24.8100 2525.5625
24.8200 2547.0850
24.8300 2415.2525
24.8400 2352.5725
24.8500 2474.5025
24.8600 2451.4475
24.8700 2525.7775
24.8800 2565.3150
24.8900 2489.3475
24.9000 2358.6125
24.9100 2373.7900
24.9200 2302.7100
24.9300 2476.6075
24.9400 2583.4525
24.9500 2591.3275
24.9600 2566.2350
24.9700 2535.3825
24.9800 2700.3900
24.9900 2730.6675
25.0000 2491.7525
25.0100 2499.7550
25.0200 2475.3800
25.0300 2516.4550
25.0400 2491.6675
25.0500 2490.9425
25.0600 2393.0975
25.0700 2609.0800
25.0800 2733.9550
25.0900 2848.6275
25.1000 2558.5025
25.1100 2600.9175
25.1200 2866.5975
25.1300 2841.8675
25.1400 2933.2825
25.1500 2900.0550
25.1600 2958.3150
25.1700 2900.0200
25.1800 2850.0475
25.1900 2883.2800
25.2000 3116.1500
25.2100 3257.9300
25.2200 3316.4650
25.2300 3233.6750
25.2400 3357.7425
25.2500 3830.7900
25.2600 3816.7675
25.2700 3998.7900
25.2800 4215.1000
25.2900 4382.0250
25.3000 4622.9500
25.3100 4814.9225
25.3200 4915.6950
25.3300 5155.8325
25.3400 5479.7675
25.3500 5598.6475
25.3600 6077.4275
25.3700 6313.6700
25.3800 6637.2900
25.3900 6649.8825
25.4000 6789.5825
25.4100 6479.8550
25.4200 6852.2200
25.4300 6809.1625
25.4400 6521.6800
25.4500 6467.5575
25.4600 6442.1275
25.4700 6016.5875
25.4800 5469.1500
25.4900 5270.5550
25.5000 5519.6000
25.5100 5182.5325
25.5200 5085.3625
25.5300 5172.9125
25.5400 5118.0300
25.5500 5222.4000
25.5600 5558.2575
25.5700 5656.0200
25.5800 5861.2825
25.5900 6410.2275
25.6000 6676.3400
25.6100 7388.2575
25.6200 8185.6875
25.6300 8669.5950
25.6400 9581.0125
25.6500 10618.5925
25.6600 11280.0025
25.6700 11719.7350
25.6800 12620.6750
25.6900 14076.9075
25.7000 14995.1050
25.7100 15693.2675
25.7200 16778.7800
25.7300 18111.3000
25.7400 19283.3875
25.7500 19606.0850
25.7600 19608.6400
25.7700 20161.7700
25.7800 19982.9400
25.7900 19350.1700
25.8000 18700.5675
25.8100 17810.9500
25.8200 16439.7700
25.8300 15144.8350
25.8400 13782.0875
25.8500 12631.7175
25.8600 11187.6925
25.8700 9985.2875
25.8800 9144.8025
25.8900 8097.4275
25.9000 7119.2875
25.9100 6168.7275
25.9200 5775.4325
25.9300 5329.5925
25.9400 4975.0800
25.9500 4672.8700
25.9600 4159.0925
25.9700 3792.7975
25.9800 3513.8250
25.9900 3587.0025
26.0000 3781.3700
26.0100 3665.2800
26.0200 3374.1425
26.0300 3476.6700
26.0400 3412.3775
26.0500 3227.1150
26.0600 3271.7850
26.0700 3306.4750
26.0800 3174.6450
26.0900 3001.6275
26.1000 2756.0475
26.1100 2843.7025
26.1200 2904.9075
26.1300 3002.4000
26.1400 3094.5050
26.1500 2896.4500
26.1600 2719.0325
26.1700 2622.3275
26.1800 2772.9425
26.1900 2822.3775
26.2000 2653.3175
26.2100 2805.4400
26.2200 2699.7600
26.2300 2761.7650
26.2400 2657.6925
26.2500 2828.9125
26.2600 2445.2025
26.2700 2641.9625
26.2800 2728.2075
26.2900 2647.9875
26.3000 2672.6825
26.3100 2620.7575
26.3200 2515.9975
26.3300 2361.2950
26.3400 2450.5400
26.3500 2442.8750
26.3600 2580.6975
26.3700 2753.7650
26.3800 2589.2450
26.3900 2459.3650
26.4000 2473.1125
26.4100 2459.6025
26.4200 2358.3100
26.4300 2373.0675
26.4400 2582.4725
26.4500 2553.9250
26.4600 2511.6300
26.4700 2500.6650
26.4800 2362.0425
26.4900 2327.0225
26.5000 2631.1775
26.5100 2566.5400
26.5200 2573.6225
26.5300 2414.5700
26.5400 2430.5375
26.5500 2471.4825
26.5600 2375.8775
26.5700 2336.1875
26.5800 2554.1625
26.5900 2491.2900
26.6000 2430.0975
26.6100 2554.2000
26.6200 2437.5500
26.6300 2652.7050
26.6400 2447.4450
26.6500 2462.9025
26.6600 2398.4875
26.6700 2315.9625
26.6800 2520.1675
26.6900 2564.3475
26.7000 2596.8900
26.7100 2660.4050
26.7200 2545.9350
26.7300 2374.9750
26.7400 2365.8700
26.7500 2344.0725
26.7600 2364.2450
26.7700 2298.9750
26.7800 2434.4750
26.7900 2397.4200
26.8000 2504.2625
26.8100 2561.6750
26.8200 2514.1900
26.8300 2373.4825
26.8400 2395.7675
26.8500 2340.1450
26.8600 2460.4425
26.8700 2310.6125
26.8800 2448.4775
26.8900 2339.8075
26.9000 2451.7750
26.9100 2362.3325
26.9200 2521.2950
26.9300 2534.2250
26.9400 2496.1450
26.9500 2454.5025
26.9600 2598.5600
26.9700 2601.8200
26.9800 2384.8700
26.9900 2484.3600
27.0000 2462.9575
27.0100 2421.3150
27.0200 2416.6675
27.0300 2438.8475
27.0400 2478.6125
27.0500 2416.8775
27.0600 2393.5750
27.0700 2369.5425
27.0800 2521.4250
27.0900 2512.2075
27.1000 2530.4125
27.1100 2540.6875
27.1200 2556.3675
27.1300 2661.1650
27.1400 2594.2575
27.1500 2590.6675
27.1600 2591.6675
27.1700 2327.9450
27.1800 2364.8750
27.1900 2462.7900
27.2000 2401.8900
27.2100 2581.6250
27.2200 2513.4175
27.2300 2463.5175
27.2400 2684.3700
27.2500 2476.2050
27.2600 2332.4400
27.2700 2389.4375
27.2800 2429.0875
27.2900 2607.7475
27.3000 2473.5600
27.3100 2529.8325
27.3200 2447.3825
27.3300 2556.5475
27.3400 2430.1400
27.3500 2364.9050
27.3600 2452.3650
27.3700 2495.5800
27.3800 2507.2225
27.3900 2378.3950
27.4000 2235.6975
27.4100 2303.1750
27.4200 2251.8300
27.4300 2306.4600
27.4400 2352.6400
27.4500 2473.3675
27.4600 2513.2200
27.4700 2538.2075
27.4800 2390.9875
27.4900 2510.0725
27.5000 2554.8300
27.5100 2436.6025
27.5200 2395.2000
27.5300 2577.5925
27.5400 2722.6725
27.5500 2406.0250
27.5600 2250.0900
27.5700 2368.8350
27.5800 2541.3300
27.5900 2588.0325
27.6000 2399.5050
27.6100 2359.5550
27.6200 2550.2350
27.6300 2519.4100
27.6400 2465.7475
27.6500 2444.1475
27.6600 2356.6100
27.6700 2504.5825
27.6800 2512.0975
27.6900 2402.2275
27.7000 2552.9850
27.7100 2540.9500
27.7200 2406.2675
27.7300 2517.3675
27.7400 2562.8150
27.7500 2524.3975
27.7600 2516.6675
27.7700 2446.3150
27.7800 2440.3625
27.7900 2504.8950
27.8000 2544.7500
27.8100 2395.6525
27.8200 2268.5125
27.8300 2320.0625
27.8400 2396.3450
27.8500 2499.2875
27.8600 2656.5000
27.8700 2536.6075
27.8800 2529.2800
27.8900 2519.3800
27.9000 2656.1150
27.9100 2550.9475
27.9200 2504.1125
27.9300 2423.4625
27.9400 2644.7425
27.9500 2719.4600
27.9600 2620.8475
27.9700 2683.2650
27.9800 2762.4050
27.9900 2761.1425
28.0000 2758.3325
28.0100 2875.9650
28.0200 3072.8675
28.0300 3080.6950
28.0400 2888.5625
28.0500 3022.5075
28.0600 3327.2575
28.0700 3493.5850
28.0800 3571.7525
28.0900 3961.7900
28.1000 4000.4100
28.1100 4177.1950
28.1200 4443.2650
28.1300 4388.7400
28.1400 4743.8025
28.1500 4948.3400
28.1600 4968.1525
28.1700 5219.8425
28.1800 5329.7025
28.1900 5280.1700
28.2000 5191.5575
28.2100 5441.1100
28.2200 5677.2825
28.2300 5757.5500
28.2400 5528.3550
28.2500 5257.2675
28.2600 5079.1450
28.2700 4669.5075
28.2800 4264.2175
28.2900 4205.2375
28.3000 3998.1500
28.3100 3821.2700
28.3200 3669.7975
28.3300 3458.9925
28.3400 3193.5575
28.3500 3229.4950
28.3600 3168.9850
28.3700 2927.3675
28.3800 3063.7675
28.3900 3014.0175
28.4000 2836.8300
28.4100 2759.6375
28.4200 2662.6075
28.4300 2655.1025
28.4400 2671.7600
28.4500 2708.5400
28.4600 2716.6675
28.4700 2750.1600
28.4800 2785.1075
28.4900 2851.8650
28.5000 2659.4625
28.5100 2448.0325
28.5200 2561.8450
28.5300 2693.3750
28.5400 2630.0250
28.5500 2628.3125
28.5600 2699.8850
28.5700 2643.5125
28.5800 2565.1900
28.5900 2689.4550
28.6000 2625.4600
28.6100 2619.8925
28.6200 2485.8475
28.6300 2496.3500
28.6400 2435.5500
28.6500 2423.2775
28.6600 2358.9300
28.6700 2255.8375
28.6800 2239.9300
28.6900 2393.2975
28.7000 2479.4475
28.7100 2603.5800
28.7200 2488.6125
28.7300 2377.6925
28.7400 2253.2350
28.7500 2369.4050
28.7600 2454.2475
28.7700 2270.0400
28.7800 2472.0925
28.7900 2443.4975
28.8000 2383.9675
28.8100 2257.3700
28.8200 2283.7725
28.8300 2521.8625
28.8400 2596.3750
28.8500 2463.1700
28.8600 2359.8900
28.8700 2406.7275
28.8800 2451.0050
28.8900 2341.3975
28.9000 2431.6750
28.9100 2499.1000
28.9200 2430.5500
28.9300 2382.4250
28.9400 2297.3325
28.9500 2300.8700
28.9600 2424.6625
28.9700 2464.7925
28.9800 2408.5875
28.9900 2430.3575
29.0000 2409.4500
29.0100 2406.4375
29.0200 2376.1650
29.0300 2533.8225
29.0400 2474.1225
29.0500 2300.4400
29.0600 2264.7475
29.0700 2317.9450
29.0800 2371.7625
29.0900 2344.9325
29.1000 2333.3325
29.1100 2199.1350
29.1200 2158.3325
29.1300 2273.1875
29.1400 2282.8300
29.1500 2268.6300
29.1600 2241.2025
29.1700 2220.6100
29.1800 2356.5125
29.1900 2527.0375
29.2000 2642.8300
29.2100 2539.8225
29.2200 2455.6375
29.2300 2346.6800
29.2400 2379.9425
29.2500 2406.3225
29.2600 2383.0625
29.2700 2406.5650
29.2800 2404.0500
29.2900 2425.2150
29.3000 2364.0475
29.3100 2385.7225
29.3200 2494.3350
29.3300 2443.3075
29.3400 2215.7300
29.3500 2400.9775
29.3600 2451.9850
29.3700 2347.6950
29.3800 2360.4850
29.3900 2406.2750
29.4000 2516.6700
29.4100 2487.5450
29.4200 2522.8325
29.4300 2410.7175
29.4400 2310.5900
29.4500 2409.9600
29.4600 2406.4525
29.4700 2354.3700
29.4800 2552.8550
29.4900 2631.2075
29.5000 2589.9225
29.5100 2389.0950
29.5200 2386.9200
29.5300 2606.3225
29.5400 2705.9125
29.5500 2796.9725
29.5600 2812.6550
29.5700 2740.4875
29.5800 2655.0375
29.5900 2750.3350
29.6000 2988.5675
29.6100 2929.2200
29.6200 3043.0625
29.6300 3075.4450
29.6400 3103.4675
29.6500 3380.2050
29.6600 3456.6275
29.6700 3621.3325
29.6800 3750.5900
29.6900 3573.3925
29.7000 3695.3425
29.7100 3986.2500
29.7200 4036.1925
29.7300 4189.4250
29.7400 4517.7375
29.7500 4774.7475
29.7600 5064.1900
29.7700 5259.2650
29.7800 5360.6550
29.7900 5601.5125
29.8000 5616.7225
29.8100 5924.4575
29.8200 6449.0275
29.8300 6581.8775
29.8400 6375.8100
29.8500 6203.5000
29.8600 6094.3500
29.8700 5976.3450
29.8800 5875.4850
29.8900 5447.2225
29.9000 5291.6675
29.9100 5087.6050
29.9200 4828.4250
29.9300 4500.6775
29.9400 4136.5675
29.9500 4146.9950
29.9600 3946.5975
29.9700 3509.5725
29.9800 3309.3575
29.9900 3217.7450
30.0000 3090.3850
30.0100 2966.6625
30.0200 2963.0725
30.0300 2939.3425
30.0400 2841.8675
30.0500 2879.5300
30.0600 2849.0525
30.0700 2765.7675
30.0800 2717.9925
30.0900 2507.2775
30.1000 2513.6275
30.1100 2673.9750
30.1200 2689.6075
30.1300 2675.0000
30.1400 2680.8900
30.1500 2718.6375
30.1600 2809.7600
30.1700 2706.5650
30.1800 2644.1300
30.1900 2682.7150
30.2000 2764.4500
30.2100 2820.9375
30.2200 2698.8000
30.2300 2571.5350
30.2400 2594.2225
30.2500 2657.5075
30.2600 2622.5350
30.2700 2664.0700
30.2800 2755.6825
30.2900 2661.2250
30.3000 2660.6200
30.3100 2735.5750
30.3200 2682.9350
30.3300 2702.1525
30.3400 2730.7900
30.3500 2669.7000
30.3600 2583.8675
30.3700 2720.0325
30.3800 2866.6775
30.3900 2796.2275
30.4000 2652.0775
30.4100 2671.6400
30.4200 2780.5025
30.4300 2874.1175
30.4400 2911.4800
30.4500 2899.4600
30.4600 3017.7325
30.4700 3149.4275
30.4800 3034.6050
30.4900 3012.3900
30.5000 3096.1475
30.5100 3182.0525
30.5200 3373.6425
30.5300 3375.9600
30.5400 3432.7125
30.5500 3560.2800
30.5600 3776.0900
30.5700 4045.6200
30.5800 4133.3325
30.5900 4331.6200
30.6000 4787.2625
30.6100 5077.0950
30.6200 5348.0450
30.6300 5562.9075
30.6400 5960.7250
30.6500 6480.0250
30.6600 6937.1450
30.6700 7142.5025
30.6800 7787.6075
30.6900 8403.4025
30.7000 9007.1500
30.7100 9449.2075
30.7200 9916.7425
30.7300 10421.7800
30.7400 10650.4150
30.7500 11102.2125
30.7600 11620.8150
30.7700 11864.2000
30.7800 11713.3850
30.7900 11160.3425
30.8000 10605.3000
30.8100 10597.2025
30.8200 10208.8175
30.8300 9786.4800
30.8400 9337.1275
30.8500 8621.4750
30.8600 8117.7575
30.8700 7569.0875
30.8800 6902.9225
30.8900 6465.4525
30.9000 5989.2075
30.9100 5227.5550
30.9200 4724.3625
30.9300 4484.8075
30.9400 4087.3225
30.9500 3900.2150
30.9600 3847.8350
30.9700 3638.8900
30.9800 3503.3850
30.9900 3532.5075
31.0000 3334.5300
31.0100 3134.8650
31.0200 3206.0825
31.0300 3364.6475
31.0400 3161.0700
31.0500 3063.0325
31.0600 3110.4725
31.0700 3119.5775
31.0800 3067.9050
31.0900 2992.9525
31.1000 2945.0350
31.1100 2900.9175
31.1200 2996.6800
31.1300 2928.9175
31.1400 2922.9800
31.1500 2882.9850
31.1600 2734.1275
31.1700 2685.7425
31.1800 2659.4675
31.1900 2791.7900
31.2000 2762.5150
31.2100 2630.4325
31.2200 2618.3975
31.2300 2505.1475
31.2400 2406.6525
31.2500 2375.6750
31.2600 2292.1075
31.2700 2212.7575
31.2800 2324.5500
31.2900 2267.2450
31.3000 2250.0225
31.3100 2262.1350
31.3200 2144.1050
31.3300 2167.9675
31.3400 2338.2075
31.3500 2360.8200
31.3600 2333.3325
31.3700 2338.6025
31.3800 2467.9975
31.3900 2404.9450
31.4000 2319.7475
31.4100 2327.1625
31.4200 2328.0900
31.4300 2330.2375
31.4400 2333.3325
31.4500 2265.3750
31.4600 2282.4450
31.4700 2248.8450
31.4800 2177.0625
31.4900 2194.7800
31.5000 2169.8525
31.5100 2115.6850
31.5200 2203.8225
31.5300 2282.2250
31.5400 2270.9450
31.5500 2273.8600
31.5600 2185.1000
31.5700 2259.2900
31.5800 2419.0625
31.5900 2224.4025
31.6000 2136.7925
31.6100 2211.0075
31.6200 2099.7225
31.6300 2037.2000
31.6400 2091.0275
31.6500 2178.1450
31.6600 2180.8425
31.6700 2132.7700
31.6800 2234.1375
31.6900 2364.4575
31.7000 2343.9350
31.7100 2262.5075
31.7200 2294.3700
31.7300 2252.0350
31.7400 2255.8350
31.7500 2301.8075
31.7600 2222.2225
31.7700 2262.8075
31.7800 2213.7950
31.7900 2257.8050
31.8000 2232.4500
31.8100 2081.0050
31.8200 2095.4700
31.8300 2171.8375
31.8400 2236.8750
31.8500 2256.6300
31.8600 2194.8625
31.8700 2198.3900
31.8800 2255.0100
31.8900 2270.0025
31.9000 2281.6400
31.9100 2226.8500
31.9200 2178.3525
31.9300 2075.4950
31.9400 2212.1025
31.9500 2335.1050
31.9600 2389.4700
31.9700 2393.7025
31.9800 2297.3850
31.9900 2264.8300
32.0000 2339.1925
32.0100 2353.7375
32.0200 2338.2600
32.0300 2425.3400
32.0400 2660.3300
32.0500 2714.5775
32.0600 2607.7975
32.0700 2605.8700
32.0800 2613.7525
32.0900 2629.3375
32.1000 2762.3400
32.1100 2988.0375
32.1200 3120.9075
32.1300 3063.7750
32.1400 3052.1000
32.1500 3238.7725
32.1600 3369.4075
32.1700 3577.2025
32.1800 3798.9700
32.1900 3858.3325
32.2000 3935.6225
32.2100 4010.9675
32.2200 4169.5900
32.2300 4270.1850
32.2400 4391.6975
32.2500 4560.1875
32.2600 4693.4350
32.2700 4778.7550
32.2800 4737.7675
32.2900 4782.5200
32.3000 4768.8025
32.3100 4517.4975
32.3200 4317.8150
32.3300 4222.6400
32.3400 4202.3525
32.3500 4145.4300
32.3600 4053.7175
32.3700 4006.0475
32.3800 3930.1400
32.3900 3689.5150
32.4000 3352.7950
32.4100 3033.8300
32.4200 2852.8925
32.4300 2868.4250
32.4400 2856.6350
32.4500 2661.7500
32.4600 2541.6675
32.4700 2602.5525
32.4800 2621.9325
32.4900 2562.6200
32.5000 2402.6575
32.5100 2341.9525
32.5200 2430.8725
32.5300 2428.4950
32.5400 2382.3775
32.5500 2347.1625
32.5600 2348.1700
32.5700 2389.8075
32.5800 2399.0875
32.5900 2299.3200
32.6000 2284.9525
32.6100 2351.7575
32.6200 2325.2600
32.6300 2185.9775
32.6400 2155.0750
32.6500 2204.5850
32.6600 2208.3325
32.6700 2217.4800
32.6800 2256.9725
32.6900 2287.8950
32.7000 2296.2225
32.7100 2300.0000
32.7200 2322.7250
32.7300 2237.2575
32.7400 2154.5350
32.7500 2221.7300
32.7600 2293.0900
32.7700 2240.5750
32.7800 2210.4025
32.7900 2237.8400
32.8000 2192.1625
32.8100 2280.3475
32.8200 2351.2650
32.8300 2339.0850
32.8400 2331.4650
32.8500 2299.3900
32.8600 2318.4675
32.8700 2448.7300
32.8800 2550.5775
32.8900 2585.0325
32.9000 2679.4400
32.9100 2812.6825
32.9200 2835.1050
32.9300 2830.9900
32.9400 2986.5575
32.9500 3108.8325
32.9600 3129.8975
32.9700 3203.3300
32.9800 3399.0950
32.9900 3652.4000
33.0000 3889.5150
33.0100 4122.6900
33.0200 4325.2300
33.0300 4395.2225
33.0400 4553.5575
33.0500 4948.0775
33.0600 5319.0325
33.0700 5693.1025
33.0800 6060.3000
33.0900 6382.1200
33.1000 6558.6600
33.1100 6648.8375
33.1200 7031.6500
33.1300 7523.7025
33.1400 7776.9725
33.1500 7833.3325
33.1600 7794.6700
33.1700 7784.0750
33.1800 7842.6100
33.1900 7691.0125
33.2000 7315.8325
33.2100 7043.9225
33.2200 6830.2975
33.2300 6372.3075
33.2400 5943.5850
33.2500 5544.7275
33.2600 5071.7000
33.2700 4726.7250
33.2800 4515.8250
33.2900 4310.5975
33.3000 3989.6250
33.3100 3686.1725
33.3200 3360.7625
33.3300 3015.5450
33.3400 2870.8575
33.3500 2854.0700
33.3600 2812.4325
33.3700 2712.3500
33.3800 2641.6700
33.3900 2533.4400
33.4000 2416.6675
33.4100 2416.6675
33.4200 2404.2300
33.4300 2313.0150
33.4400 2291.2050
33.4500 2275.7000
33.4600 2150.5375
33.4700 2174.0900
33.4800 2180.1275
33.4900 2157.5850
33.5000 2253.4150
33.5100 2279.5375
33.5200 2209.2925
33.5300 2244.0300
33.5400 2317.0350
33.5500 2218.6200
33.5600 2178.0275
33.5700 2216.8850
33.5800 2098.9500
33.5900 1983.3325
33.6000 1946.9800
33.6100 1997.0700
33.6200 2095.6950
33.6300 2192.4975
33.6400 2215.3700
33.6500 2081.2075
33.6600 1964.9425
33.6700 2051.9175
33.6800 2212.6750
33.6900 2240.2200
33.7000 2143.6625
33.7100 2031.7925
33.7200 2149.9950
33.7300 2202.0475
33.7400 2182.0700
33.7500 2168.8325
33.7600 2132.8875
33.7700 2165.2950
33.7800 2116.9575
33.7900 2025.4825
33.8000 1993.1475
33.8100 2013.6350
33.8200 2082.2975
33.8300 2010.2550
33.8400 1947.2925
33.8500 2034.4550
33.8600 2044.4950
33.8700 2042.6550
33.8800 2064.5650
33.8900 2048.7950
33.9000 2070.5275
33.9100 1994.0750
33.9200 1911.5425
33.9300 1967.2550
33.9400 2047.3500
33.9500 2048.8700
33.9600 2031.2725
33.9700 2115.5900
33.9800 2141.4125
33.9900 2019.3725
34.0000 1895.3450
34.0100 1903.0975
34.0200 2015.8925
34.0300 2059.8775
34.0400 1992.6000
34.0500 1997.3925
34.0600 2101.3350
34.0700 2058.2150
34.0800 2004.1650
34.0900 1986.3575
34.1000 2057.8350
34.1100 2208.0850
34.1200 2095.8875
34.1300 1967.4225
34.1400 1979.7850
34.1500 1987.9050
34.1600 1892.6000
34.1700 1964.6100
34.1800 2074.0425
34.1900 2079.6525
34.2000 2119.1100
34.2100 2130.9650
34.2200 1990.7425
34.2300 1978.4200
34.2400 2173.0200
34.2500 2142.7450
34.2600 1990.6100
34.2700 2069.0125
34.2800 2161.9600
34.2900 2195.6250
34.3000 2312.8325
34.3100 2265.1600
34.3200 2095.4750
34.3300 2216.0125
34.3400 2325.0000
34.3500 2332.1650
34.3600 2345.2425
34.3700 2364.2800
34.3800 2426.0950
34.3900 2511.7900
34.4000 2589.0600
34.4100 2680.6575
34.4200 2736.8725
34.4300 2745.1975
34.4400 2750.0000
34.4500 2876.6950
34.4600 3176.4675
34.4700 3458.7050
34.4800 3552.3275
34.4900 3461.0250
34.5000 3438.1800
34.5100 3544.7325
34.5200 3759.0725
34.5300 3917.9750
34.5400 4049.2350
34.5500 4090.2450
34.5600 4182.7875
34.5700 4275.8975
34.5800 4306.9625
34.5900 4396.5700
34.6000 4251.2875
34.6100 4050.0000
34.6200 4050.0000
34.6300 3988.7150
34.6400 3845.6275
34.6500 3742.9250
34.6600 3583.0725
34.6700 3393.2425
34.6800 3393.4500
34.6900 3310.7175
34.7000 3112.9125
34.7100 2946.1500
34.7200 2753.0775
34.7300 2658.3325
34.7400 2644.9975
34.7500 2651.6175
34.7600 2621.9300
34.7700 2463.6375
34.7800 2333.7150
34.7900 2344.1700
34.8000 2468.4100
34.8100 2409.0075
34.8200 2267.6950
34.8300 2147.0150
34.8400 2116.6675
34.8500 2110.1425
34.8600 2070.6975
34.8700 2018.5025
34.8800 2050.4875
34.8900 2246.1125
34.9000 2424.1625
34.9100 2322.0950
34.9200 2170.3200
34.9300 2057.6550
34.9400 2096.7500
34.9500 2199.4250
34.9600 2180.6650
34.9700 2200.7500
34.9800 2082.8675
34.9900 1939.6750
35.0000 1956.3275
35.0100 2023.4950
35.0200 2157.6225
35.0300 2190.4175
35.0400 2130.1950
35.0500 2093.6925
35.0600 2019.7975
35.0700 2092.4400
35.0800 2256.3350
35.0900 2209.4800
35.1000 2099.7050
35.1100 2001.6025
35.1200 2056.4950
35.1300 2077.3150
35.1400 2126.7475
35.1500 2061.3975
35.1600 2081.9525
35.1700 2181.5475
35.1800 2250.5000
35.1900 2134.8150
35.2000 2090.1500
35.2100 2121.8325
35.2200 2221.2650
35.2300 2221.0725
35.2400 2210.2775
35.2500 2175.9450
35.2600 2332.4475
35.2700 2387.3525
35.2800 2322.6250
35.2900 2458.8175
35.3000 2487.7775
35.3100 2366.1325
35.3200 2432.5825
35.3300 2515.6550
35.3400 2318.2725
35.3500 2250.7000
35.3600 2477.2750
35.3700 2634.5975
35.3800 2551.7325
35.3900 2522.8425
35.4000 2613.6875
35.4100 2741.9975
35.4200 2813.0750
35.4300 2850.5575
35.4400 2707.7950
35.4500 2660.6975
35.4600 2747.4825
35.4700 3029.2975
35.4800 3209.6400
35.4900 3390.1625
35.5000 3576.0175
35.5100 3702.9450
35.5200 3753.1250
35.5300 3889.6925
35.5400 4209.5200
35.5500 4550.1250
35.5600 4725.3150
35.5700 5088.8900
35.5800 5380.3975
35.5900 5599.5425
35.6000 5910.1550
35.6100 6188.6675
35.6200 6386.9450
35.6300 6883.3175
35.6400 7258.3325
35.6500 7282.8325
35.6600 7450.0850
35.6700 7610.4225
35.6800 7382.2400
35.6900 7306.8275
35.7000 7351.9025
35.7100 7155.6100
35.7200 6908.8000
35.7300 6621.3575
35.7400 6359.4025
35.7500 6252.6400
35.7600 6011.6650
35.7700 5657.6725
35.7800 5353.1000
35.7900 4949.2075
35.8000 4496.0150
35.8100 4211.1850
35.8200 3904.1800
35.8300 3762.3025
35.8400 3425.7575
35.8500 3106.1175
35.8600 3018.6300
35.8700 3021.1300
35.8800 2839.3250
35.8900 2489.9350
35.9000 2409.4875
35.9100 2455.0775
35.9200 2438.8225
35.9300 2400.2425
35.9400 2410.5100
35.9500 2267.3725
35.9600 2166.6400
35.9700 2138.2800
35.9800 2230.7275
35.9900 2231.2275
36.0000 2076.1725
36.0100 2000.0000
36.0200 2056.5700
36.0300 2179.4050
36.0400 2125.5475
36.0500 2064.2300
36.0600 2102.0850
36.0700 2222.8750
36.0800 2224.5075
36.0900 2132.0300
36.1000 2089.1200
36.1100 2005.7500
36.1200 1916.6675
36.1300 1923.8050
36.1400 2015.2175
36.1500 2157.4250
36.1600 2005.1975
36.1700 1903.4200
36.1800 1952.0800
36.1900 2021.0250
36.2000 2021.4400
36.2100 1948.3325
36.2200 2088.8975
36.2300 2018.9725
36.2400 2015.8025
36.2500 1977.9150
36.2600 1937.0975
36.2700 1961.4375
36.2800 2051.5225
36.2900 2026.5450
36.3000 2015.1000
36.3100 2031.0850
36.3200 2009.3175
36.3300 1971.1325
36.3400 1992.2350
36.3500 1996.7050
36.3600 1954.9300
36.3700 1934.3825
36.3800 1803.5450
36.3900 1868.0150
36.4000 1827.1800
36.4100 1870.2825
36.4200 2018.3200
36.4300 2117.9225
36.4400 2101.6250
36.4500 2177.1200
36.4600 1998.7075
36.4700 2125.7225
36.4800 2193.1850
36.4900 2157.0650
36.5000 2329.2125
36.5100 2255.6300
36.5200 1993.7275
36.5300 1993.7500
36.5400 2025.0900
36.5500 1960.3425
36.5600 2049.3675
36.5700 2241.4250
36.5800 2263.0275
36.5900 2238.1775
36.6000 2427.2425
36.6100 2446.7675
36.6200 2596.8950
36.6300 2685.6450
36.6400 2668.6675
36.6500 2680.9775
36.6600 2670.2300
36.6700 2638.2675
36.6800 2855.4525
36.6900 2882.3425
36.7000 2836.7250
36.7100 2911.9825
36.7200 3124.4575
36.7300 3349.6850
36.7400 3098.0775
36.7500 3154.8875
36.7600 3307.5175
36.7700 3049.4225
36.7800 2867.0350
36.7900 2970.2375
36.8000 3111.8600
36.8100 3055.4500
36.8200 2996.1875
36.8300 2904.6050
36.8400 2846.2575
36.8500 2862.2500
36.8600 2729.0425
36.8700 2592.1875
36.8800 2504.0425
36.8900 2570.3800
36.9000 2429.7350
36.9100 2375.4550
36.9200 2228.5675
36.9300 2246.9950
36.9400 2248.9825
36.9500 2207.9800
36.9600 2282.4725
36.9700 2183.5150
36.9800 2070.4925
36.9900 2133.9575
37.0000 2187.9525
37.0100 2151.9475
37.0200 2154.1475
37.0300 2028.7050
37.0400 2108.3325
37.0500 2088.1525
37.0600 2016.7025
37.0700 2064.9925
37.0800 2108.4200
37.0900 2058.1675
37.1000 2138.1375
37.1100 2160.6175
37.1200 2018.6975
37.1300 1989.0800
37.1400 2110.2250
37.1500 2091.3450
37.1600 2140.9450
37.1700 2184.5375
37.1800 2089.6475
37.1900 2137.0825
37.2000 2268.7475
37.2100 2416.3650
37.2200 2258.0750
37.2300 2406.6625
37.2400 2563.4400
37.2500 2473.4775
37.2600 2469.6950
37.2700 2508.9375
37.2800 2595.0400
37.2900 2488.1325
37.3000 2653.1550
37.3100 2796.5975
37.3200 2871.5250
37.3300 2956.6550
37.3400 3113.0500
37.3500 3329.0100
37.3600 3339.8650
37.3700 3527.2925
37.3800 3718.4200
37.3900 3857.6400
37.4000 4167.2300
37.4100 4518.1025
37.4200 4631.8650
37.4300 4822.9325
37.4400 5265.5350
37.4500 5677.0200
37.4600 5890.7700
37.4700 6065.0500
37.4800 6184.1100
37.4900 6654.1900
37.5000 6822.8375
37.5100 6898.6900
37.5200 6885.1550
37.5300 6857.7625
37.5400 6924.4275
37.5500 7014.9025
37.5600 6772.4625
37.5700 6731.8575
37.5800 6539.4950
37.5900 6220.7475
37.6000 5780.8250
37.6100 5555.3600
37.6200 5411.1850
37.6300 5213.9575
37.6400 5025.4400
37.6500 4517.6500
37.6600 4123.8150
37.6700 4116.6675
37.6800 4045.3500
37.6900 3581.6350
37.7000 3385.5525
37.7100 3164.2100
37.7200 2995.0725
37.7300 2978.3425
37.7400 2702.0075
37.7500 2524.4275
37.7600 2686.6400
37.7700 2699.5850
37.7800 2624.3075
37.7900 2481.4200
37.8000 2312.8175
37.8100 2400.0000
37.8200 2368.4650
37.8300 2148.9575
37.8400 2141.6675
37.8500 2142.6925
37.8600 2164.2400
37.8700 2250.5275
37.8800 2145.3350
37.8900 2227.3850
37.9000 2159.7400
37.9100 1975.5375
37.9200 1936.9525
37.9300 2086.8800
37.9400 2058.5400
37.9500 2123.1200
37.9600 2098.0850
37.9700 2010.2050
37.9800 1951.0175
37.9900 1898.9125
38.0000 1966.4075
38.0100 2034.2225
38.0200 2044.3075
38.0300 2050.9825
38.0400 1919.2550
38.0500 1956.1850
38.0600 2080.7975
38.0700 2061.6800
38.0800 2084.2150
38.0900 2010.9325
38.1000 1967.2500
38.1100 2034.7650
38.1200 1894.8400
38.1300 1938.3350
38.1400 2053.4800
38.1500 1918.8650
38.1600 1859.8500
38.1700 1872.7525
38.1800 1858.1475
38.1900 1951.1825
38.2000 2042.7700
38.2100 1968.0950
38.2200 1993.9175
38.2300 2093.7025
38.2400 1940.9000
38.2500 2022.9625
38.2600 1993.2975
38.2700 1924.6050
38.2800 2012.7500
38.2900 1966.0225
38.3000 1960.8725
38.3100 1984.7800
38.3200 1892.5950
38.3300 1804.8650
38.3400 1863.0700
38.3500 1824.3425
38.3600 1920.3475
38.3700 1862.3425
38.3800 1921.1750
38.3900 1981.6700
38.4000 1960.5175
38.4100 1988.4450
38.4200 1944.8350
38.4300 1993.7425
38.4400 2020.9200
38.4500 1963.8450
38.4600 2048.5250
38.4700 2023.0675
38.4800 1986.4525
38.4900 1903.2550
38.5000 1953.7750
38.5100 1874.5525
38.5200 1864.0400
38.5300 1826.5275
38.5400 2005.3950
38.5500 1945.4825
38.5600 1862.3500
38.5700 1944.8075
38.5800 2003.7325
38.5900 1912.0750
38.6000 1993.1275
38.6100 2021.7950
38.6200 1950.0000
38.6300 1951.6900
38.6400 1990.6800
38.6500 1965.3900
38.6600 1932.0925
38.6700 1895.7850
38.6800 1788.5875
38.6900 1936.7275
38.7000 2025.1250
38.7100 1787.5625
38.7200 1915.9000
38.7300 1889.7000
38.7400 1825.4725
38.7500 1844.3950
38.7600 1944.7225
38.7700 2054.9900
38.7800 1927.3975
38.7900 2025.1900
38.8000 2033.8775
38.8100 2058.5050
38.8200 2066.3425
38.8300 2050.0000
38.8400 2051.8700
38.8500 2156.1800
38.8600 2022.9950
38.8700 1892.9425
38.8800 1983.8650
38.8900 2024.9025
38.9000 2016.0525
38.9100 1958.4900
38.9200 1975.8300
38.9300 2075.1800
38.9400 2099.8500
38.9500 2075.1625
38.9600 2108.0200
38.9700 2024.9125
38.9800 1991.7675
38.9900 2058.3200
39.0000 2025.0250
39.0100 2116.4925
39.0200 2116.6675
39.0300 2116.6675
39.0400 2066.9325
39.0500 2050.1075
39.0600 2041.7300
39.0700 1917.7575
39.0800 1999.1775
39.0900 2107.1400
39.1000 2009.5500
39.1100 2090.5575
39.1200 1935.6225
39.1300 1990.7575
39.1400 2155.5400
39.1500 2166.5175
39.1600 2101.2700
39.1700 2010.1850
39.1800 2081.7300
39.1900 2091.4800
39.2000 2295.0675
39.2100 2039.9550
39.2200 1830.4150
39.2300 2051.9975
39.2400 2268.8650
39.2500 2291.1750
39.2600 2218.9650
39.2700 2281.2125
39.2800 2226.9225
39.2900 2329.6350
39.3000 2461.9600
39.3100 2474.6950
39.3200 2547.1775
39.3300 2461.8900
39.3400 2426.3325
39.3500 2273.1825
39.3600 2625.7975
39.3700 2681.5200
39.3800 2778.8675
39.3900 2767.4300
39.4000 2925.4975
39.4100 3226.8050
39.4200 3360.4950
39.4300 3153.0425
39.4400 3268.1000
39.4500 3488.0925
39.4600 3736.4725
39.4700 3962.5575
39.4800 3998.5875
39.4900 4172.7600
39.5000 4512.7325
39.5100 4807.4850
39.5200 4770.2400
39.5300 4883.8625
39.5400 5071.1375
39.5500 4833.9525
39.5600 5166.9125
39.5700 5284.9450
39.5800 5369.3000
39.5900 5041.6100
39.6000 4846.3150
39.6100 4756.0000
39.6200 4719.1075
39.6300 4755.2325
39.6400 4319.2500
39.6500 4183.3225
39.6600 3959.8725
39.6700 3880.2825
39.6800 3645.1100
39.6900 3456.6375
39.7000 3258.2400
39.7100 3256.9325
39.7200 3121.1275
39.7300 2834.2850
39.7400 2785.5275
39.7500 2813.7025
39.7600 2793.9200
39.7700 2640.2275
39.7800 2481.3275
39.7900 2277.8775
39.8000 2356.3725
39.8100 2351.6050
39.8200 2199.5800
39.8300 2258.4400
39.8400 2206.6625
39.8500 2117.6075
39.8600 2190.6150
39.8700 2364.3350
39.8800 2241.6025
39.8900 2128.1600
39.9000 1982.7650
39.9100 2092.9550
39.9200 1997.0575
39.9300 2012.9650
39.9400 2260.7950
39.9500 2276.8925
39.9600 2334.0175
39.9700 2238.5325
39.9800 2173.5050
39.9900 2115.2450
40.0000 2100.9975
40.0100 2407.6625
40.0200 2098.8825
40.0300 2006.1725
40.0400 1992.7050
40.0500 2042.6525
40.0600 2042.7275
40.0700 2281.3400
40.0800 2309.4150
40.0900 2149.0125
40.1000 2110.5375
40.1100 2245.5325
40.1200 2158.5100
40.1300 2019.2675
40.1400 2079.0850
40.1500 2192.1725
40.1600 2136.6500
40.1700 2153.6325
40.1800 2165.4800
40.1900 2109.5725
40.2000 2042.9900
40.2100 1983.5250
40.2200 2010.5250
40.2300 2030.8550
40.2400 2082.9200
40.2500 2091.6675
40.2600 2013.9775
40.2700 2126.9350
40.2800 2157.0425
40.2900 2172.3950
40.3000 1992.4800
40.3100 2070.4825
40.3200 2070.6700
40.3300 2108.5950
40.3400 2193.4150
40.3500 2250.1325
40.3600 2202.6875
40.3700 2184.7225
40.3800 2218.0050
40.3900 2225.0000
40.4000 2273.3900
40.4100 2352.3525
40.4200 2215.0600
40.4300 2238.3775
40.4400 2243.1300
40.4500 2323.9725
40.4600 2300.5800
40.4700 2401.0600
40.4800 2336.2575
40.4900 2391.6375
40.5000 2489.9875
40.5100 2487.9525
40.5200 2673.2525
40.5300 2750.5250
40.5400 2798.9000
40.5500 2794.8325
40.5600 2933.1900
40.5700 3047.4050
40.5800 2972.6250
40.5900 3050.5950
40.6000 3423.1600
40.6100 3481.5950
40.6200 3468.3275
40.6300 3539.9525
40.6400 3844.3425
40.6500 4115.8775
40.6600 4358.9175
40.6700 4633.3575
40.6800 4691.6675
40.6900 4988.4975
40.7000 5218.1250
40.7100 5435.8325
40.7200 5653.9700
40.7300 5739.3125
40.7400 5972.3875
40.7500 6000.6850
40.7600 6265.4450
40.7700 6575.9325
40.7800 6628.6750
40.7900 6508.2675
40.8000 6403.7875
40.8100 6551.3650
40.8200 6432.2600
40.8300 6170.8025
40.8400 5864.0250
40.8500 5599.1300
40.8600 5445.5650
40.8700 5391.0850
40.8800 5006.6650
40.8900 4878.9200
40.9000 4792.2975
40.9100 4652.3600
40.9200 4255.3375
40.9300 3888.5550
40.9400 3802.0175
40.9500 3573.0150
40.9600 3367.8300
40.9700 3299.8700
40.9800 3128.6175
40.9900 2880.9475
41.0000 2841.6600
41.0100 2737.7350
41.0200 2544.3600
41.0300 2454.3825
41.0400 2447.8700
41.0500 2641.9325
41.0600 2553.8350
41.0700 2419.8100
41.0800 2317.7825
41.0900 2285.5200
41.1000 2240.3950
41.1100 2157.6525
41.1200 2053.8900
41.1300 2104.2950
41.1400 2090.7175
41.1500 2190.4525
41.1600 2239.3975
41.1700 2150.8650
41.1800 2128.7500
41.1900 2151.4250
41.2000 2212.5025
41.2100 2173.2625
41.2200 1976.1325
41.2300 1968.1725
41.2400 2057.3600
41.2500 2059.4900
41.2600 2157.0800
41.2700 2182.1875
41.2800 2151.2975
41.2900 2123.9250
41.3000 2093.0575
41.3100 2059.7700
41.3200 2091.1525
41.3300 2149.4025
41.3400 2190.0875
41.3500 2170.7825
41.3600 2135.0050
41.3700 2055.1600
41.3800 2013.3825
41.3900 2031.5200
41.4000 2116.8675
41.4100 2126.9075
41.4200 2122.4275
41.4300 2015.7650
41.4400 2081.4150
41.4500 2150.5100
41.4600 2135.4775
41.4700 2090.7900
41.4800 2109.1400
41.4900 2107.9650
41.5000 2167.9950
41.5100 2200.0000
41.5200 2126.6500
41.5300 2074.7750
41.5400 2066.6675
41.5500 2049.8475
41.5600 2041.6675
41.5700 2047.2500
41.5800 2178.1225
41.5900 2197.1975
41.6000 2069.6175
41.6100 2000.0625
41.6200 2008.2350
41.6300 2066.2600
41.6400 2003.6925
41.6500 1974.7925
41.6600 1983.3325
41.6700 1988.7950
41.6800 1942.6175
41.6900 1900.3525
41.7000 2054.4375
41.7100 2109.1850
41.7200 2134.8775
41.7300 2093.6625
41.7400 1940.0375
41.7500 2094.9625
41.7600 2147.0800
41.7700 1916.0750
41.7800 1845.6325
41.7900 1967.6725
41.8000 1971.9625
41.8100 1936.3750
41.8200 2001.9650
41.8300 2025.8650
41.8400 2011.4125
41.8500 1992.6050
41.8600 1868.2675
41.8700 1987.8450
41.8800 2110.4100
41.8900 2158.2125
41.9000 1955.3750
41.9100 2002.7350
41.9200 2070.2600
41.9300 1949.0775
41.9400 1958.3750
41.9500 2071.6650
41.9600 2147.3050
41.9700 2044.4075
41.9800 1997.1575
41.9900 1859.5200
42.0000 1819.0150
42.0100 1964.2650
42.0200 2023.2700
42.0300 2036.7450
42.0400 2009.9450
42.0500 2003.3100
42.0600 2006.7025
42.0700 1935.4000
42.0800 1911.4925
42.0900 1964.5525
42.1000 2100.1625
42.1100 2219.2700
42.1200 2039.0225
42.1300 1969.9675
42.1400 2059.1675
42.1500 2122.2825
42.1600 1989.7550
42.1700 1841.0975
42.1800 1951.9250
42.1900 2131.9050
42.2000 2138.8075
42.2100 2080.8300
42.2200 1975.8500
42.2300 1956.0050
42.2400 2053.4750
42.2500 2104.7425
42.2600 2089.4175
42.2700 2117.4450
42.2800 2187.6275
42.2900 2174.4525
42.3000 2155.7000
42.3100 2106.0225
42.3200 2021.1150
42.3300 1903.5200
42.3400 1976.7550
42.3500 2059.3725
42.3600 2152.9525
42.3700 2103.1875
42.3800 2019.9325
42.3900 2077.3725
42.4000 2059.0575
42.4100 2029.5350
42.4200 2119.2750
42.4300 2164.6050
42.4400 2065.2100
42.4500 2085.2025
42.4600 2118.0900
42.4700 2029.8325
42.4800 2010.0050
42.4900 2033.3325
42.5000 2081.9475
42.5100 2147.0325
42.5200 2166.6675
42.5300 2153.5250
42.5400 2163.5025
42.5500 2209.4575
42.5600 2224.6525
42.5700 2342.1725
42.5800 2592.0900
42.5900 2643.5400
42.6000 2562.1350
42.6100 2532.9000
42.6200 2555.0250
42.6300 2659.6500
42.6400 2716.5275
42.6500 2649.2175
42.6600 2616.9225
42.6700 2666.8425
42.6800 2704.2150
42.6900 2754.1925
42.7000 2779.1975
42.7100 2758.3800
42.7200 2617.8500
42.7300 2536.8475
42.7400 2636.8000
42.7500 2699.6925
42.7600 2651.4425
42.7700 2644.2800
42.7800 2720.4825
42.7900 2636.4600
42.8000 2501.1500
42.8100 2414.5425
42.8200 2334.3575
42.8300 2415.8675
42.8400 2449.9775
42.8500 2330.6425
42.8600 2300.0000
42.8700 2351.0775
42.8800 2380.9250
42.8900 2322.6850
42.9000 2338.3275
42.9100 2395.5425
42.9200 2345.9400
42.9300 2302.5725
42.9400 2417.0250
42.9500 2456.2250
42.9600 2348.3500
42.9700 2347.0150
42.9800 2371.9925
42.9900 2298.0700
43.0000 2341.3350
43.0100 2401.0725
43.0200 2378.2350
43.0300 2489.8475
43.0400 2537.9175
43.0500 2563.9475
43.0600 2656.4525
43.0700 2795.3225
43.0800 2738.0625
43.0900 2741.8150
43.1000 2889.7750
43.1100 3046.1275
43.1200 3290.9825
43.1300 3419.0350
43.1400 3414.2425
43.1500 3543.2900
43.1600 3688.1325
43.1700 3686.8525
43.1800 3796.8300
43.1900 4063.8725
43.2000 4344.6200
43.2100 4638.5550
43.2200 5009.2825
43.2300 5251.4600
43.2400 5303.2650
43.2500 5647.2825
43.2600 6108.3125
43.2700 6393.7825
43.2800 6801.8175
43.2900 7192.3325
43.3000 7450.1275
43.3100 7830.9775
43.3200 8378.8750
43.3300 8588.7400
43.3400 8832.0250
43.3500 9343.9600
43.3600 9454.2875
43.3700 9736.5300
43.3800 10301.8950
43.3900 10685.4200
43.4000 10737.9825
43.4100 10574.0600
43.4200 10361.7150
43.4300 10077.4250
43.4400 9854.6725
43.4500 9623.9200
43.4600 9521.8875
43.4700 9451.5950
43.4800 9193.6125
43.4900 8938.5975
43.5000 8994.4525
43.5100 9109.1250
43.5200 9058.3950
43.5300 8992.8925
43.5400 9092.3300
43.5500 8935.2250
43.5600 8648.7625
43.5700 8709.4025
43.5800 8635.7675
43.5900 8388.9750
43.6000 8376.1425
43.6100 8446.3775
43.6200 8222.7650
43.6300 7976.3250
43.6400 7633.6275
43.6500 7444.1275
43.6600 7442.1050
43.6700 7412.9300
43.6800 7115.6575
43.6900 6719.2250
43.7000 6331.0875
43.7100 5829.3150
43.7200 5425.5725
43.7300 5292.6150
43.7400 5096.7975
43.7500 4829.9050
43.7600 4669.9275
43.7700 4518.9925
43.7800 4303.4225
43.7900 4254.9300
43.8000 3855.1075
43.8100 3604.0650
43.8200 3381.0725
43.8300 3176.1925
43.8400 3192.9550
43.8500 3219.0925
43.8600 2981.1750
43.8700 2829.4300
43.8800 2634.0925
43.8900 2573.2800
43.9000 2595.9525
43.9100 2546.9750
43.9200 2470.6400
43.9300 2424.3175
43.9400 2476.0825
43.9500 2443.9200
43.9600 2410.7200
43.9700 2402.4300
43.9800 2357.2350
43.9900 2338.0200
44.0000 2329.0475
44.0100 2298.1325
44.0200 2367.5275
44.0300 2359.7000
44.0400 2250.0475
44.0500 2221.6425
44.0600 2331.7150
44.0700 2350.0000
44.0800 2350.0000
44.0900 2297.3525
44.1000 2173.9650
44.1100 2256.8125
44.1200 2300.0000
44.1300 2306.4000
44.1400 2341.9475
44.1500 2414.8050
44.1600 2468.7150
44.1700 2427.0725
44.1800 2439.5075
44.1900 2439.9450
44.2000 2373.1950
44.2100 2383.9350
44.2200 2506.6800
44.2300 2467.0700
44.2400 2404.2900
44.2500 2349.7025
44.2600 2591.8450
44.2700 2667.3125
44.2800 2675.9800
44.2900 2804.9050
44.3000 2863.1300
44.3100 2945.5450
44.3200 3084.2275
44.3300 3153.2675
44.3400 3330.5150
44.3500 3523.3925
44.3600 3617.2525
44.3700 3637.6200
44.3800 3644.2650
44.3900 3883.3775
44.4000 4077.8400
44.4100 4325.9200
44.4200 4809.2100
44.4300 4952.8250
44.4400 4641.5200
44.4500 4885.6650
44.4600 5224.4475
44.4700 5336.3000
44.4800 5421.7075
44.4900 5654.5850
44.5000 5955.1975
44.5100 6008.4150
44.5200 6243.1400
44.5300 5979.4975
44.5400 5914.4600
44.5500 5826.4375
44.5600 5621.0250
44.5700 5465.1900
44.5800 5158.8000
44.5900 5064.5075
44.6000 5115.7025
44.6100 4816.6225
44.6200 4705.9750
44.6300 4326.9425
44.6400 4163.9675
44.6500 4139.3325
44.6600 4074.1100
44.6700 3966.4175
44.6800 3634.5675
44.6900 3527.1350
44.7000 3367.3825
44.7100 3147.4100
44.7200 2956.3425
44.7300 3023.5600
44.7400 2904.7550
44.7500 2798.0725
44.7600 2582.1750
44.7700 2545.2675
44.7800 2347.0575
44.7900 2275.0000
44.8000 2282.6700
44.8100 2333.3325
44.8200 2332.2700
44.8300 2327.0950
44.8400 2330.3150
44.8500 2267.2725
44.8600 2390.6675
44.8700 2403.9975
44.8800 2553.4950
44.8900 2504.2925
44.9000 2402.7175
44.9100 2345.4575
44.9200 2240.7625
44.9300 2238.6575
44.9400 2301.6325
44.9500 2454.9125
44.9600 2411.5750
44.9700 2311.4175
44.9800 2492.4725
44.9900 2507.1150
45.0000 2569.5800
45.0100 2514.3925
45.0200 2509.4725
45.0300 2700.3750
45.0400 2789.5375
45.0500 2779.8375
45.0600 2932.4450
45.0700 3017.3275
45.0800 3031.4425
45.0900 3110.2175
45.1000 3138.8375
45.1100 3220.2400
45.1200 3395.8400
45.1300 3668.8125
45.1400 3583.8800
45.1500 3618.6825
45.1600 3998.1875
45.1700 3726.6050
45.1800 3897.2650
45.1900 4128.7125
45.2000 4190.7725
45.2100 4152.1575
45.2200 3728.3600
45.2300 3638.9050
45.2400 3746.1850
45.2500 3675.0600
45.2600 3856.5925
45.2700 3811.3575
45.2800 3678.2900
45.2900 3557.7625
45.3000 3761.5925
45.3100 3616.4025
45.3200 3610.8200
45.3300 3689.3475
45.3400 3605.7500
45.3500 3507.9350
45.3600 3494.0325
45.3700 3594.0500
45.3800 3299.8525
45.3900 3292.5900
45.4000 3350.4600
45.4100 3382.6450
45.4200 3324.6750
45.4300 3290.8900
45.4400 3191.2350
45.4500 3116.2625
45.4600 3008.1775
45.4700 2916.6950
45.4800 2833.5275
45.4900 2891.4125
45.5000 2875.1075
45.5100 2618.8425
45.5200 2575.4350
45.5300 2673.7500
45.5400 2601.0900
45.5500 2468.8750
45.5600 2327.6350
45.5700 2341.3225
45.5800 2325.3775
45.5900 2211.2175
45.6000 2192.1125
45.6100 2005.5225
45.6200 2072.6850
45.6300 2058.8825
45.6400 2058.3325
45.6500 1962.0350
45.6600 1862.2400
45.6700 1914.2675
45.6800 2084.1100
45.6900 1996.1900
45.7000 1888.4575
45.7100 2033.8500
45.7200 1907.2875
45.7300 1718.5875
45.7400 1873.6075
45.7500 2016.8350
45.7600 1860.4500
45.7700 1920.3650
45.7800 1885.9950
45.7900 1642.0350
45.8000 1780.3300
45.8100 1923.4025
45.8200 1879.2100
45.8300 1844.1425
45.8400 1826.2725
45.8500 1886.4375
45.8600 1822.7050
45.8700 1809.0225
45.8800 1938.0000
45.8900 1835.8500
45.9000 1764.2600
45.9100 1788.6325
45.9200 1799.2250
45.9300 1739.6800
45.9400 1770.9450
45.9500 1820.0300
45.9600 1877.4125
45.9700 1659.2400
45.9800 1715.3075
45.9900 1829.0850
46.0000 1901.0025
46.0100 2085.9200
46.0200 1879.5000
46.0300 1791.0875
46.0400 1820.0650
46.0500 1846.9850
46.0600 1674.5350
46.0700 1708.3475
46.0800 1934.9350
46.0900 1930.3775
46.1000 1823.6375
46.1100 1866.1125
46.1200 1867.7950
46.1300 1794.8000
46.1400 1761.8275
46.1500 1736.8800
46.1600 1897.3975
46.1700 1818.2700
46.1800 1785.8050
46.1900 1613.4225
46.2000 1710.4450
46.2100 1881.2525
46.2200 1802.9450
46.2300 1853.4125
46.2400 1782.7875
46.2500 1773.6375
46.2600 1733.2750
46.2700 1822.1025
46.2800 1744.8150
46.2900 1690.5000
46.3000 1807.2075
46.3100 1716.6500
46.3200 1739.5875
46.3300 1702.2075
46.3400 1725.7150
46.3500 1909.9100
46.3600 1848.4025
46.3700 1879.0400
46.3800 1831.0350
46.3900 1964.4775
46.4000 1926.2950
46.4100 1935.0625
46.4200 1848.3700
46.4300 1838.2925
46.4400 1795.2725
46.4500 1875.8625
46.4600 1840.6800
46.4700 1838.1450
46.4800 1861.3300
46.4900 1873.2025
46.5000 1777.2350
46.5100 1795.4950
46.5200 1970.3575
46.5300 1932.6525
46.5400 1779.4500
46.5500 1748.0925
46.5600 1762.8150
46.5700 1900.8325
46.5800 1916.1850
46.5900 1787.6475
46.6000 1667.6650
46.6100 1717.4450
46.6200 1810.9275
46.6300 1889.8325
46.6400 1814.4450
46.6500 1783.3325
46.6600 1752.2225
46.6700 1791.2950
46.6800 1709.3750
46.6900 1724.3300
46.7000 1778.5525
46.7100 1828.4400
46.7200 1914.9900
46.7300 1892.9350
46.7400 1820.3450
46.7500 1854.4875
46.7600 1838.7875
46.7700 1818.9825
46.7800 1846.6550
46.7900 1684.9400
46.8000 1682.2300
46.8100 1827.1625
46.8200 1910.5350
46.8300 1836.4425
46.8400 1699.9575
46.8500 1617.2700
46.8600 1658.4725
46.8700 1613.3950
46.8800 1629.8075
46.8900 1609.4675
46.9000 1730.1800
46.9100 1757.1525
46.9200 1776.0675
46.9300 1894.5275
46.9400 1833.4525
46.9500 1675.4825
46.9600 1743.8050
46.9700 1811.2775
46.9800 1878.4775
46.9900 1751.5300
47.0000 1680.5800
47.0100 1694.4575
47.0200 1766.5125
47.0300 1794.4775
47.0400 1841.2075
47.0500 1883.1225
47.0600 1929.9300
47.0700 1917.3200
47.0800 1851.1500
47.0900 1938.5775
47.1000 2037.7250
47.1100 2004.6350
47.1200 1926.8450
47.1300 1841.3550
47.1400 1765.8375
47.1500 1746.9600
47.1600 1802.7325
47.1700 1849.0950
47.1800 1826.9275
47.1900 1896.9900
47.2000 1908.4350
47.2100 1992.0350
47.2200 2006.7650
47.2300 1980.1375
47.2400 1978.2150
47.2500 2000.4925
47.2600 1894.7725
47.2700 1771.1325
47.2800 1756.7850
47.2900 1857.0325
47.3000 1846.6575
47.3100 1735.2450
47.3200 1766.0900
47.3300 1875.9700
47.3400 1808.3775
47.3500 1708.8200
47.3600 1745.3800
47.3700 1720.1100
47.3800 1728.2800
47.3900 1718.4275
47.4000 1808.2425
47.4100 1852.1550
47.4200 1821.4325
47.4300 1777.5500
47.4400 1770.0175
47.4500 1805.7825
47.4600 1797.9250
47.4700 1680.6875
47.4800 1613.9375
47.4900 1671.2600
47.5000 1735.9700
47.5100 1717.0575
47.5200 1710.7325
47.5300 1792.4375
47.5400 1791.8750
47.5500 1691.4150
47.5600 1682.0475
47.5700 1734.5325
47.5800 1741.1075
47.5900 1711.2000
47.6000 1709.2925
47.6100 1795.1875
47.6200 1788.4675
47.6300 1711.9600
47.6400 1687.0200
47.6500 1791.2750
47.6600 1857.1350
47.6700 1782.5350
47.6800 1707.5375
47.6900 1708.9275
47.7000 1712.1475
47.7100 1716.8575
47.7200 1858.3075
47.7300 1912.7350
47.7400 1841.9150
47.7500 1775.6175
47.7600 1786.4350
47.7700 1817.2800
47.7800 1706.7350
47.7900 1640.8100
47.8000 1774.7700
47.8100 1891.6675
47.8200 1800.5125
47.8300 1668.4575
47.8400 1758.8550
47.8500 1927.3150
47.8600 1938.9250
47.8700 1997.7600
47.8800 2072.4600
47.8900 1962.1225
47.9000 1839.3325
47.9100 1877.1475
47.9200 1934.9625
47.9300 1909.1875
47.9400 1970.6550
47.9500 1988.0675
47.9600 1877.9325
47.9700 1945.0900
47.9800 2150.3125
47.9900 2182.3900
48.0000 2054.5675
48.0100 2020.2425
48.0200 2042.7725
48.0300 2066.6675
48.0400 2017.4750
48.0500 2044.3125
48.0600 2081.2450
48.0700 1884.4150
48.0800 1832.8425
48.0900 1942.8250
48.1000 2020.0575
48.1100 1991.3075
48.1200 1958.4100
48.1300 2016.6150
48.1400 2020.3625
48.1500 1950.0000
48.1600 1917.3400
48.1700 1876.4025
48.1800 1923.9125
48.1900 1942.9625
48.2000 1866.2025
48.2100 1793.3750
48.2200 1719.6750
48.2300 1780.0800
48.2400 1941.6675
48.2500 1917.0325
48.2600 1850.5325
48.2700 1799.2200
48.2800 1798.4175
48.2900 1810.0200
48.3000 1848.7875
48.3100 1943.0325
48.3200 1870.6650
48.3300 1834.1425
48.3400 1878.2325
48.3500 1891.3875
48.3600 1875.0000
48.3700 1872.1700
48.3800 1852.6250
48.3900 1861.2350
48.4000 1941.6325
48.4100 1958.3325
48.4200 1974.6800
48.4300 1965.0775
48.4400 1923.2850
48.4500 2096.8600
48.4600 2183.9875
48.4700 1991.8975
48.4800 1943.0975
48.4900 2087.8875
48.5000 2126.8925
48.5100 2144.9300
48.5200 2128.3050
48.5300 2126.6400
48.5400 2159.8900
48.5500 2225.0025
48.5600 2359.0200
48.5700 2509.1175
48.5800 2713.2050
48.5900 2805.9675
48.6000 2790.6175
48.6100 2766.6675
48.6200 2734.4200
48.6300 2675.1050
48.6400 2732.6225
48.6500 2755.3725
48.6600 2852.2700
48.6700 2729.3075
48.6800 2651.1175
48.6900 2662.4975
48.7000 2476.9300
48.7100 2426.6400
48.7200 2343.7925
48.7300 2389.4925
48.7400 2392.3500
48.7500 2266.6675
48.7600 2280.7150
48.7700 2340.8850
48.7800 2356.3100
48.7900 2249.4375
48.8000 2250.0175
48.8100 2170.4675
48.8200 2111.9250
48.8300 1849.9450
48.8400 1791.6675
48.8500 1788.0350
48.8600 1816.2600
48.8700 1952.4850
48.8800 1873.7300
48.8900 1773.2700
48.9000 1788.8775
48.9100 1868.2500
48.9200 1810.0150
48.9300 1722.8025
48.9400 1883.3325
48.9500 1854.5000
48.9600 1749.1375
48.9700 1824.4625
48.9800 1830.6550
48.9900 1718.9475
49.0000 1763.6775
49.0100 1757.3675
49.0200 1798.9275
49.0300 1840.4850
49.0400 1846.8175
49.0500 1688.9050
49.0600 1609.4275
49.0700 1689.2425
49.0800 1614.8075
49.0900 1530.9875
49.1000 1622.4175
49.1100 1700.0000
49.1200 1693.8125
49.1300 1688.7325
49.1400 1843.9700
49.1500 1720.0625
49.1600 1797.4250
49.1700 1790.3925
49.1800 1537.7275
49.1900 1682.6100
49.2000 1736.5300
49.2100 1761.4650
49.2200 1764.9300
49.2300 1634.3350
49.2400 1634.8125
49.2500 1580.4600
49.2600 1578.9300
49.2700 1752.6425
49.2800 1838.9875
49.2900 1815.7950
49.3000 1793.8825
49.3100 1674.1225
49.3200 1736.0175
49.3300 1688.8300
49.3400 1743.1950
49.3500 1768.7225
49.3600 1875.7200
49.3700 1888.2250
49.3800 1922.0250
49.3900 1694.7550
49.4000 1643.4775
49.4100 1759.3175
49.4200 1680.2550
49.4300 1864.5950
49.4400 1945.0725
49.4500 1871.3175
49.4600 1825.2400
49.4700 1967.0225
49.4800 2106.4900
49.4900 2079.8325
49.5000 2162.0725
49.5100 2076.5850
49.5200 2111.3275
49.5300 2178.8800
49.5400 2269.9775
49.5500 2353.4050
49.5600 2447.7100
49.5700 2610.5475
49.5800 2430.1325
49.5900 2600.6675
49.6000 2624.5975
49.6100 2610.8450
49.6200 2728.9425
49.6300 2933.4700
49.6400 2942.2375
49.6500 2985.2775
49.6600 3159.4675
49.6700 3291.7150
49.6800 3299.8350
49.6900 3250.0925
49.7000 3383.0775
49.7100 3234.0100
49.7200 3051.3050
49.7300 3206.7925
49.7400 3200.1025
49.7500 3224.6275
49.7600 3118.5675
49.7700 2790.0525
49.7800 2742.6150
49.7900 2928.4700
49.8000 2990.0350
49.8100 2708.9200
49.8200 2708.0575
49.8300 2724.4025
49.8400 2500.6300
49.8500 2443.7175
49.8600 2521.3650
49.8700 2461.4150
49.8800 2347.3650
49.8900 2396.9975
49.9000 2376.3525
49.9100 2241.3625
49.9200 2194.1375
49.9300 2254.2075
49.9400 2234.9450
49.9500 2186.6900
49.9600 2144.5725
49.9700 2249.8925
49.9800 2250.6250
49.9900 2257.6875
