Multi Scans

Labels,Em25,Em-190,Em-78,Em100,
Type,Emission Scan,Emission Scan,Emission Scan,Emission Scan,
Comment,,,,,
Start,420.00,420.00,420.00,420.00,
Stop,700.00,700.00,700.00,700.00,
Step,1.00,1.00,1.00,1.00,
Fixed/Offset,395.00,395.00,395.00,395.00,
Xaxis,Wavelength,Wavelength,Wavelength,Wavelength,
Yaxis,Counts,Counts,Counts,Counts,
Scan Corr. by File,True,True,True,True,
Corr. by Ref. Det.,True,True,True,True,
Fixed/Offset Corr. by File,False,False,False,False,
Repeats,1,1,1,1,
Dwell Time,0.10,0.10,0.10,0.10,
Lamp,Xenon,Xenon,Xenon,Xenon,
Temp,0.00,0.00,0.00,0.00,
Scan Polariser,None,None,None,None,
Scan Slit,0.7499790,0.7499790,0.7499790,0.7499790,
Fixed/Offset Polariser,None,None,None,None,
Fixed/Offset Slit,0.99998826,0.99998826,0.99998826,0.99998826,
Detector,PMT980,PMT980,PMT980,PMT980,

420.00,3.60779968E+2,2.39482910E+4,2.81640332E+3,2.12146515E+2,
421.00,4.68544678E+2,2.83989004E+4,2.53601025E+3,2.33892075E+2,
422.00,5.50178955E+2,3.62555625E+4,3.40246143E+3,2.94574615E+2,
423.00,6.40319458E+2,4.47495000E+4,3.43203247E+3,2.93130249E+2,
424.00,7.97613098E+2,5.39914336E+4,4.12815283E+3,1.91239044E+2,
425.00,9.58820313E+2,6.68106797E+4,4.59010449E+3,3.49177399E+2,
426.00,9.77535889E+2,7.78328906E+4,5.14118848E+3,2.89506836E+2,
427.00,1.16263757E+3,8.94918906E+4,5.88960059E+3,4.47007416E+2,
428.00,1.34140417E+3,1.02571047E+5,6.65235791E+3,3.39378967E+2,
429.00,1.54329480E+3,1.15380922E+5,7.03933301E+3,3.30645935E+2,
430.00,1.60965576E+3,1.30593461E+5,7.98485254E+3,6.08818237E+2,
431.00,1.93693530E+3,1.43431578E+5,8.09063330E+3,4.92767120E+2,
432.00,2.06673877E+3,1.57708734E+5,9.46516113E+3,5.65494751E+2,
433.00,2.48582056E+3,1.68539219E+5,1.00556680E+4,6.42067444E+2,
434.00,2.42747241E+3,1.83374641E+5,1.05912490E+4,8.13401917E+2,
435.00,2.55732495E+3,1.93099750E+5,1.15912705E+4,6.71230347E+2,
436.00,2.61532275E+3,2.05268172E+5,1.21841191E+4,7.47975769E+2,
437.00,3.06180664E+3,2.15876016E+5,1.28505898E+4,9.13355713E+2,
438.00,3.58673975E+3,2.26479688E+5,1.36508848E+4,9.99614746E+2,
439.00,3.77299292E+3,2.33370219E+5,1.37815459E+4,1.00563965E+3,
440.00,3.97874390E+3,2.40869547E+5,1.45639092E+4,1.10995740E+3,
441.00,3.99665796E+3,2.47339141E+5,1.57637207E+4,1.20806067E+3,
442.00,4.44336377E+3,2.52978328E+5,1.60559736E+4,1.20549609E+3,
443.00,4.97286475E+3,2.58246875E+5,1.66613457E+4,1.58206384E+3,
444.00,5.46316943E+3,2.63816219E+5,1.77015430E+4,1.74704578E+3,
445.00,5.70316357E+3,2.65489813E+5,1.76345801E+4,1.46053674E+3,
446.00,6.58198828E+3,2.63015125E+5,1.81164082E+4,1.97377332E+3,
447.00,7.78110693E+3,2.65816688E+5,1.90180352E+4,2.09592236E+3,
448.00,8.23519141E+3,2.67457219E+5,1.99567715E+4,2.13064941E+3,
449.00,9.25614453E+3,2.66741219E+5,1.99990254E+4,2.88081006E+3,
450.00,1.02397275E+4,2.62654188E+5,2.08489746E+4,2.90424927E+3,
451.00,1.16483877E+4,2.59090359E+5,2.10152422E+4,3.05745581E+3,
452.00,1.25539521E+4,2.54319234E+5,2.20696816E+4,3.27331543E+3,
453.00,1.31883955E+4,2.51950406E+5,2.27663105E+4,3.74010474E+3,
454.00,1.58043975E+4,2.44711750E+5,2.24840762E+4,4.28554834E+3,
455.00,1.82949395E+4,2.40449516E+5,2.39193086E+4,4.94412646E+3,
456.00,2.03415957E+4,2.35239828E+5,2.53344863E+4,5.88836426E+3,
457.00,2.19799922E+4,2.28265234E+5,2.61056641E+4,6.15394043E+3,
458.00,2.42911348E+4,2.18932281E+5,2.73796328E+4,7.24568750E+3,
459.00,2.66229121E+4,2.13324328E+5,2.82730645E+4,7.86077832E+3,
460.00,3.03818066E+4,2.03965547E+5,2.98338906E+4,8.48758691E+3,
461.00,3.35491914E+4,1.96344047E+5,3.18864063E+4,9.11306055E+3,
462.00,3.69169375E+4,1.91351375E+5,3.18162070E+4,9.68713770E+3,
463.00,4.19702930E+4,1.82585609E+5,3.40026055E+4,1.11904277E+4,
464.00,4.55120781E+4,1.73916281E+5,3.61424453E+4,1.18845400E+4,
465.00,5.00530820E+4,1.69421438E+5,4.00533477E+4,1.30071357E+4,
466.00,5.53465313E+4,1.58760984E+5,4.32453789E+4,1.38040371E+4,
467.00,6.06421875E+4,1.51835391E+5,4.74099805E+4,1.60266563E+4,
468.00,6.60598828E+4,1.46529922E+5,5.13839258E+4,1.71865547E+4,
469.00,7.28508594E+4,1.39604328E+5,5.72651914E+4,1.83650332E+4,
470.00,7.80718750E+4,1.35181078E+5,6.03410352E+4,1.94978164E+4,
471.00,8.50856875E+4,1.29134383E+5,6.63791172E+4,2.16616348E+4,
472.00,9.13675781E+4,1.25799414E+5,7.36428906E+4,2.31791836E+4,
473.00,9.84442969E+4,1.22146703E+5,8.21118281E+4,2.42662832E+4,
474.00,1.07496445E+5,1.17555594E+5,8.88992734E+4,2.66101328E+4,
475.00,1.14875719E+5,1.16685234E+5,9.66381250E+4,2.98134316E+4,
476.00,1.24984711E+5,1.15211570E+5,1.07180508E+5,3.17908457E+4,
477.00,1.32321016E+5,1.15086945E+5,1.19961945E+5,3.29866094E+4,
478.00,1.41331047E+5,1.16988297E+5,1.28618883E+5,3.41541992E+4,
479.00,1.51987234E+5,1.18567539E+5,1.38927125E+5,3.64575820E+4,
480.00,1.58891094E+5,1.23958547E+5,1.54081266E+5,3.92832930E+4,
481.00,1.70660203E+5,1.30290391E+5,1.68255750E+5,4.24761445E+4,
482.00,1.84574656E+5,1.35631734E+5,1.81189688E+5,4.54777422E+4,
483.00,1.92137625E+5,1.44783359E+5,1.99273688E+5,4.63630156E+4,
484.00,2.01870828E+5,1.54261391E+5,2.14356609E+5,4.94157617E+4,
485.00,2.16144328E+5,1.68033984E+5,2.30348531E+5,5.20406367E+4,
486.00,2.28154922E+5,1.82087031E+5,2.46219203E+5,5.46337422E+4,
487.00,2.36631766E+5,1.95516125E+5,2.68028563E+5,5.64795352E+4,
488.00,2.49394875E+5,2.12366188E+5,2.83070781E+5,6.02367070E+4,
489.00,2.58425594E+5,2.30422609E+5,3.02347469E+5,6.18384258E+4,
490.00,2.72068750E+5,2.49827797E+5,3.24878031E+5,6.52535273E+4,
491.00,2.82720031E+5,2.71899625E+5,3.45553813E+5,6.87552188E+4,
492.00,2.97617781E+5,2.98054125E+5,3.63480063E+5,7.19047422E+4,
493.00,3.05034094E+5,3.17162375E+5,3.88542406E+5,7.40785000E+4,
494.00,3.18795938E+5,3.42418875E+5,4.08745563E+5,7.64584141E+4,
495.00,3.31555656E+5,3.70433500E+5,4.26054688E+5,8.11735547E+4,
496.00,3.40346469E+5,3.95249875E+5,4.51623313E+5,8.34786172E+4,
497.00,3.52290469E+5,4.22448063E+5,4.70996750E+5,8.50448516E+4,
498.00,3.63778281E+5,4.49471125E+5,4.92397438E+5,8.82992266E+4,
499.00,3.69042656E+5,4.80663531E+5,5.14037000E+5,8.88344609E+4,
500.00,3.81454938E+5,5.08766031E+5,5.35235875E+5,9.41214453E+4,
501.00,3.92136500E+5,5.36743688E+5,5.54030188E+5,9.73546641E+4,
502.00,3.98585938E+5,5.67486875E+5,5.71462313E+5,9.85662656E+4,
503.00,4.10194625E+5,5.99448250E+5,5.94103000E+5,1.01137609E+5,
504.00,4.20330281E+5,6.20135750E+5,6.10428375E+5,1.03926008E+5,
505.00,4.27549875E+5,6.53896375E+5,6.30786938E+5,1.07970797E+5,
506.00,4.37131875E+5,6.77618438E+5,6.47046750E+5,1.10017313E+5,
507.00,4.42469563E+5,7.10281250E+5,6.66550125E+5,1.10362219E+5,
508.00,4.50902469E+5,7.28623500E+5,6.79654063E+5,1.12283875E+5,
509.00,4.51095969E+5,7.55052500E+5,6.95381250E+5,1.15248805E+5,
510.00,4.61138625E+5,7.75147063E+5,7.12899438E+5,1.18178336E+5,
511.00,4.68775844E+5,8.05284188E+5,7.28824563E+5,1.18002500E+5,
512.00,4.72792875E+5,8.20020375E+5,7.39962125E+5,1.21091852E+5,
513.00,4.81441969E+5,8.42719563E+5,7.52363125E+5,1.21881125E+5,
514.00,4.81954906E+5,8.59323563E+5,7.65512938E+5,1.24243203E+5,
515.00,4.86603000E+5,8.77522750E+5,7.75319188E+5,1.25714313E+5,
516.00,4.91371719E+5,8.88931625E+5,7.82013625E+5,1.28272367E+5,
517.00,4.91484813E+5,9.05179063E+5,7.93843375E+5,1.29690305E+5,
518.00,4.97672813E+5,9.24062625E+5,7.98973625E+5,1.27453102E+5,
519.00,4.96475375E+5,9.33512063E+5,7.98792313E+5,1.30688055E+5,
520.00,5.06336125E+5,9.39150438E+5,8.09361750E+5,1.30942680E+5,
521.00,5.00731281E+5,9.43988375E+5,8.14805500E+5,1.33068734E+5,
522.00,5.07875563E+5,9.59154875E+5,8.15797250E+5,1.33058953E+5,
523.00,5.00939094E+5,9.58945500E+5,8.18588250E+5,1.31450516E+5,
524.00,4.98670750E+5,9.54509625E+5,8.18197250E+5,1.33591750E+5,
525.00,5.00617094E+5,9.67234500E+5,8.10057063E+5,1.35836969E+5,
526.00,4.99117406E+5,9.66909500E+5,8.18378938E+5,1.36554859E+5,
527.00,5.00112313E+5,9.67358625E+5,8.18035500E+5,1.36529922E+5,
528.00,4.94529000E+5,9.63516875E+5,8.12011688E+5,1.35216078E+5,
529.00,4.97325688E+5,9.65537250E+5,8.10622188E+5,1.35286703E+5,
530.00,4.94972906E+5,9.53698313E+5,8.09221813E+5,1.36212328E+5,
531.00,4.91895813E+5,9.53600938E+5,8.01400438E+5,1.37540344E+5,
532.00,4.84951938E+5,9.38357000E+5,8.01524063E+5,1.36668531E+5,
533.00,4.85134844E+5,9.31541875E+5,7.98491813E+5,1.34681016E+5,
534.00,4.81791844E+5,9.34086313E+5,7.84645500E+5,1.36739422E+5,
535.00,4.77183688E+5,9.24472500E+5,7.81718250E+5,1.36050328E+5,
536.00,4.66375906E+5,9.09938813E+5,7.66904500E+5,1.34366156E+5,
537.00,4.69844000E+5,8.93357875E+5,7.62578938E+5,1.32371219E+5,
538.00,4.62755094E+5,8.86104438E+5,7.52404375E+5,1.34661609E+5,
539.00,4.60473844E+5,8.79145813E+5,7.50435750E+5,1.33459250E+5,
540.00,4.54590063E+5,8.69936375E+5,7.34667188E+5,1.32225672E+5,
541.00,4.45518938E+5,8.56165625E+5,7.23403188E+5,1.31205563E+5,
542.00,4.38448188E+5,8.44132313E+5,7.17389188E+5,1.30069531E+5,
543.00,4.35036719E+5,8.25853625E+5,7.08262500E+5,1.29009266E+5,
544.00,4.33335281E+5,8.10365688E+5,6.95810500E+5,1.29864953E+5,
545.00,4.22738469E+5,8.00260438E+5,6.81320313E+5,1.27702539E+5,
546.00,4.23109219E+5,7.85730250E+5,6.72042625E+5,1.25048367E+5,
547.00,4.09595875E+5,7.65003500E+5,6.64245875E+5,1.22143242E+5,
548.00,4.03678844E+5,7.51519563E+5,6.51274250E+5,1.22603875E+5,
549.00,3.98850813E+5,7.35226188E+5,6.42568813E+5,1.22481516E+5,
550.00,3.97078250E+5,7.20007438E+5,6.27949313E+5,1.17851836E+5,
551.00,3.92235188E+5,7.06305813E+5,6.17100188E+5,1.18486906E+5,
552.00,3.81328563E+5,6.84446688E+5,6.04786688E+5,1.17981313E+5,
553.00,3.74693813E+5,6.76292250E+5,5.91814250E+5,1.15376906E+5,
554.00,3.67451500E+5,6.61087625E+5,5.74369375E+5,1.15178805E+5,
555.00,3.60999031E+5,6.39440500E+5,5.64740500E+5,1.13148414E+5,
556.00,3.56536031E+5,6.29524063E+5,5.59760938E+5,1.10620906E+5,
557.00,3.50239188E+5,6.16159813E+5,5.36251938E+5,1.11472695E+5,
558.00,3.37884625E+5,5.97468625E+5,5.36128875E+5,1.07037500E+5,
559.00,3.36607063E+5,5.78323938E+5,5.24734938E+5,1.06518578E+5,
560.00,3.29684250E+5,5.65020000E+5,5.11471875E+5,1.07927227E+5,
561.00,3.25086625E+5,5.51671625E+5,4.89611156E+5,1.03264406E+5,
562.00,3.12689438E+5,5.34914438E+5,4.86256906E+5,1.03004227E+5,
563.00,3.07971063E+5,5.21180813E+5,4.71536469E+5,9.92260156E+4,
564.00,2.98824250E+5,5.07585156E+5,4.60139000E+5,1.01433570E+5,
565.00,2.95402406E+5,4.92140000E+5,4.51332500E+5,9.78417734E+4,
566.00,2.85014094E+5,4.74007938E+5,4.41639938E+5,9.60897031E+4,
567.00,2.86810719E+5,4.62283344E+5,4.28839906E+5,9.57208516E+4,
568.00,2.74492094E+5,4.48325500E+5,4.16888250E+5,9.37257969E+4,
569.00,2.71838906E+5,4.35156625E+5,4.07037375E+5,9.17499844E+4,
570.00,2.60897922E+5,4.20554813E+5,3.98157438E+5,9.11378828E+4,
571.00,2.59210547E+5,4.11209063E+5,3.82592250E+5,8.70131953E+4,
572.00,2.50410250E+5,3.95429969E+5,3.73466313E+5,8.51960703E+4,
573.00,2.46355391E+5,3.84255406E+5,3.67085438E+5,8.55656719E+4,
574.00,2.38895859E+5,3.71939750E+5,3.59774531E+5,8.16381797E+4,
575.00,2.35899703E+5,3.62275469E+5,3.48490094E+5,8.14983672E+4,
576.00,2.27036953E+5,3.48534156E+5,3.38443344E+5,8.12215234E+4,
577.00,2.21390016E+5,3.31745031E+5,3.28936625E+5,7.79218984E+4,
578.00,2.20895406E+5,3.26332094E+5,3.19892000E+5,7.64527422E+4,
579.00,2.12409813E+5,3.16630469E+5,3.14709500E+5,7.52060000E+4,
580.00,2.06474125E+5,3.05562313E+5,3.04937188E+5,7.44831016E+4,
581.00,2.00662891E+5,2.91630469E+5,2.95176094E+5,7.13685625E+4,
582.00,1.95810422E+5,2.84429250E+5,2.87293094E+5,7.05467734E+4,
583.00,1.87425891E+5,2.74609875E+5,2.80473625E+5,6.79070469E+4,
584.00,1.83140063E+5,2.67914656E+5,2.71833469E+5,6.73416016E+4,
585.00,1.77206875E+5,2.59870703E+5,2.60534969E+5,6.86015625E+4,
586.00,1.76064813E+5,2.52055016E+5,2.57687297E+5,6.37137813E+4,
587.00,1.69304406E+5,2.44920016E+5,2.53533063E+5,6.35731602E+4,
588.00,1.61266594E+5,2.34364156E+5,2.43959203E+5,6.23297148E+4,
589.00,1.58923688E+5,2.28480203E+5,2.37433219E+5,6.11342070E+4,
590.00,1.53849844E+5,2.22565219E+5,2.29315203E+5,5.69139336E+4,
591.00,1.52553484E+5,2.17294000E+5,2.29104344E+5,5.65816016E+4,
592.00,1.52450391E+5,2.14552906E+5,2.20091031E+5,5.83287188E+4,
593.00,1.42803234E+5,2.08573484E+5,2.14138875E+5,5.45626172E+4,
594.00,1.37838453E+5,2.00631313E+5,2.13903391E+5,5.39025977E+4,
595.00,1.35388484E+5,1.97150422E+5,2.07052422E+5,5.18640195E+4,
596.00,1.30715727E+5,1.94548750E+5,2.01305875E+5,5.13176016E+4,
597.00,1.27196828E+5,1.92128641E+5,1.94167438E+5,5.11164883E+4,
598.00,1.24247680E+5,1.86835734E+5,1.93413047E+5,4.96599375E+4,
599.00,1.17902813E+5,1.83501125E+5,1.90376219E+5,4.91784414E+4,
600.00,1.19299492E+5,1.80726969E+5,1.83310000E+5,4.58610391E+4,
601.00,1.14087984E+5,1.77782859E+5,1.82103844E+5,4.51191016E+4,
602.00,1.10160141E+5,1.77153000E+5,1.77643703E+5,4.46353047E+4,
603.00,1.05615969E+5,1.75147813E+5,1.70484313E+5,4.36043633E+4,
604.00,1.05764063E+5,1.72434031E+5,1.65472500E+5,4.39555703E+4,
605.00,1.00000883E+5,1.68854109E+5,1.66755469E+5,3.88094531E+4,
606.00,9.87344609E+4,1.69712156E+5,1.61273016E+5,4.22554609E+4,
607.00,9.35144688E+4,1.68444250E+5,1.59232609E+5,3.78845625E+4,
608.00,9.13772109E+4,1.65054016E+5,1.55847844E+5,3.97142188E+4,
609.00,8.93897344E+4,1.69175234E+5,1.49631172E+5,3.77867969E+4,
610.00,8.52861016E+4,1.66168031E+5,1.47801547E+5,3.54251758E+4,
611.00,8.52137266E+4,1.63537531E+5,1.44699734E+5,3.67585469E+4,
612.00,7.85769219E+4,1.64633891E+5,1.40189031E+5,3.43078633E+4,
613.00,7.83365938E+4,1.60325844E+5,1.39865188E+5,3.49743086E+4,
614.00,7.54128750E+4,1.55231875E+5,1.37846859E+5,3.13748281E+4,
615.00,7.22461328E+4,1.60350031E+5,1.36968672E+5,3.14681582E+4,
616.00,6.98430547E+4,1.58312766E+5,1.30147063E+5,3.16838203E+4,
617.00,6.80886875E+4,1.56955016E+5,1.28224227E+5,3.12409922E+4,
618.00,6.65319844E+4,1.56436094E+5,1.29818047E+5,2.95616855E+4,
619.00,6.59337891E+4,1.56800422E+5,1.25435023E+5,2.92636836E+4,
620.00,6.39144727E+4,1.50054172E+5,1.23321234E+5,2.82960684E+4,
621.00,6.07248359E+4,1.50327109E+5,1.22678359E+5,2.76666934E+4,
622.00,5.99257461E+4,1.49225672E+5,1.15798977E+5,2.70864336E+4,
623.00,5.68263359E+4,1.52403219E+5,1.16256047E+5,2.59081953E+4,
624.00,5.45966563E+4,1.46759734E+5,1.15009852E+5,2.55326738E+4,
625.00,5.14153125E+4,1.47704578E+5,1.09333844E+5,2.34556230E+4,
626.00,5.23096289E+4,1.47544156E+5,1.09054266E+5,2.44897344E+4,
627.00,5.05897617E+4,1.43713125E+5,1.05160945E+5,2.24019336E+4,
628.00,4.70392461E+4,1.39035875E+5,1.03950461E+5,2.20315020E+4,
629.00,4.80946523E+4,1.37810781E+5,1.02103656E+5,2.33916621E+4,
630.00,4.43490469E+4,1.38462625E+5,9.98330469E+4,1.97431426E+4,
631.00,4.45603555E+4,1.33623094E+5,9.63451172E+4,2.16985508E+4,
632.00,4.55571992E+4,1.30870438E+5,9.17495625E+4,2.07550918E+4,
633.00,4.28406133E+4,1.28633297E+5,9.29153984E+4,1.94405586E+4,
634.00,3.92307109E+4,1.27812445E+5,9.16802188E+4,2.04598223E+4,
635.00,3.96957305E+4,1.28335219E+5,8.91309375E+4,1.92980742E+4,
636.00,3.74667500E+4,1.22081703E+5,9.05236172E+4,1.90240313E+4,
637.00,3.76198242E+4,1.22042656E+5,8.40145938E+4,1.88207207E+4,
638.00,3.63777188E+4,1.19411305E+5,8.08026484E+4,1.81814453E+4,
639.00,3.35831211E+4,1.15050258E+5,8.02244297E+4,1.72006777E+4,
640.00,3.34165625E+4,1.15606438E+5,8.01231641E+4,1.72417148E+4,
641.00,3.14619336E+4,1.09964992E+5,7.63198750E+4,1.58895645E+4,
642.00,3.10021406E+4,1.09647953E+5,7.43617734E+4,1.57068848E+4,
643.00,3.13395820E+4,1.02735055E+5,7.34626797E+4,1.49797090E+4,
644.00,2.87514512E+4,1.02807766E+5,7.10443047E+4,1.53091748E+4,
645.00,2.97960332E+4,9.67596016E+4,7.01039375E+4,1.38159727E+4,
646.00,2.65160352E+4,9.35491406E+4,6.64706953E+4,1.38306025E+4,
647.00,2.51804316E+4,9.69175859E+4,6.27060000E+4,1.51847656E+4,
648.00,2.53758125E+4,8.98934609E+4,6.14984023E+4,1.28675879E+4,
649.00,2.53759824E+4,8.96473359E+4,6.30976523E+4,1.29519795E+4,
650.00,2.42738438E+4,8.65206406E+4,6.05554297E+4,1.24737979E+4,
651.00,2.32341816E+4,8.10847422E+4,5.78053711E+4,1.23113555E+4,
652.00,2.40426348E+4,7.73135781E+4,5.82420508E+4,1.18401504E+4,
653.00,2.24045195E+4,7.77505234E+4,5.32530586E+4,9.19374023E+3,
654.00,2.17451660E+4,7.61566875E+4,5.28421992E+4,1.23056846E+4,
655.00,2.10538457E+4,7.43430938E+4,5.29732422E+4,1.01977920E+4,
656.00,2.04046484E+4,7.02617266E+4,5.01329102E+4,9.91456152E+3,
657.00,2.00452539E+4,7.00250625E+4,4.85202266E+4,1.07333594E+4,
658.00,1.89640039E+4,6.73892188E+4,4.59225000E+4,9.82595313E+3,
659.00,1.79625938E+4,6.14057148E+4,4.25877773E+4,1.00035645E+4,
660.00,1.79778242E+4,6.51524414E+4,4.72946875E+4,1.05970586E+4,
661.00,1.64862520E+4,6.07395781E+4,4.17269297E+4,9.11903711E+3,
662.00,1.74221875E+4,5.95142500E+4,4.05680625E+4,8.64819336E+3,
663.00,1.53101631E+4,5.39383945E+4,4.34456641E+4,7.78121631E+3,
664.00,1.52000439E+4,5.30314219E+4,4.40604180E+4,9.47156641E+3,
665.00,1.34070811E+4,5.28632578E+4,3.72178477E+4,9.91812793E+3,
666.00,1.43926143E+4,5.00675898E+4,3.68796875E+4,8.53029199E+3,
667.00,1.41514473E+4,4.70726406E+4,3.24167500E+4,7.47814648E+3,
668.00,1.38338223E+4,4.38968672E+4,3.48379961E+4,7.28677051E+3,
669.00,1.45703926E+4,4.34351367E+4,3.12832363E+4,7.60771680E+3,
670.00,1.37590420E+4,4.32972969E+4,3.02112715E+4,7.91584180E+3,
671.00,1.27322061E+4,4.06591523E+4,2.85125078E+4,7.89881885E+3,
672.00,1.26082051E+4,3.90717773E+4,2.88295547E+4,6.22102637E+3,
673.00,1.26828281E+4,3.61037773E+4,2.79169277E+4,6.92852344E+3,
674.00,1.19985225E+4,3.63288828E+4,2.71818008E+4,6.17307520E+3,
675.00,1.11644678E+4,3.48287227E+4,2.71636289E+4,6.28523340E+3,
676.00,1.01886152E+4,3.21952402E+4,2.62829609E+4,6.71731543E+3,
677.00,1.01169717E+4,3.00650234E+4,2.45440195E+4,6.91013770E+3,
678.00,9.33043652E+3,3.13800195E+4,2.15911602E+4,4.72674756E+3,
679.00,9.22560156E+3,2.93391992E+4,2.19765430E+4,6.49563818E+3,
680.00,1.05332451E+4,2.86019883E+4,2.22950469E+4,6.26321191E+3,
681.00,9.52637109E+3,2.77971055E+4,2.13470840E+4,6.77460400E+3,
682.00,9.04753125E+3,2.70674727E+4,1.99114863E+4,6.09076416E+3,
683.00,8.74251270E+3,2.38441523E+4,2.07612168E+4,5.22202734E+3,
684.00,8.68061621E+3,2.36120684E+4,1.79796406E+4,5.39089258E+3,
685.00,8.21218457E+3,2.36544238E+4,1.86093574E+4,4.41604199E+3,
686.00,8.37011523E+3,1.98752832E+4,1.71755273E+4,5.54651123E+3,
687.00,7.61002197E+3,2.10839785E+4,1.62735000E+4,4.84459277E+3,
688.00,7.71764746E+3,1.91443262E+4,1.62610029E+4,4.59201318E+3,
689.00,7.61204248E+3,1.85356797E+4,1.84817969E+4,6.03718311E+3,
690.00,6.38767725E+3,1.78161543E+4,1.50886445E+4,4.49002295E+3,
691.00,8.00677100E+3,1.72069004E+4,1.47438691E+4,5.85677246E+3,
692.00,6.16146045E+3,1.61404922E+4,1.45789395E+4,4.72976074E+3,
693.00,7.52936572E+3,1.60614199E+4,1.39154648E+4,4.98028174E+3,
694.00,5.67247998E+3,1.44132920E+4,1.59919648E+4,3.83323682E+3,
695.00,6.00022217E+3,1.36657549E+4,1.20096367E+4,5.56491699E+3,
696.00,6.56849365E+3,1.30174941E+4,1.28145352E+4,4.35260693E+3,
697.00,5.46721973E+3,1.36909219E+4,1.21373975E+4,4.22078027E+3,
698.00,6.31208545E+3,1.07161904E+4,1.13897119E+4,4.41044189E+3,
699.00,6.07615527E+3,1.09151484E+4,1.01153125E+4,4.03494189E+3,
700.00,5.77061426E+3,1.01957119E+4,1.00888223E+4,4.08023291E+3,
