2.0000 6343.9175
2.0100 6040.3575
2.0200 5960.3325
2.0300 5829.0825
2.0400 5954.7125
2.0500 5931.9525
2.0600 5855.5600
2.0700 5963.5175
2.0800 5987.0650
2.0900 6066.5875
2.1000 5997.3550
2.1100 5908.0900
2.1200 5947.0750
2.1300 5872.8675
2.1400 5802.4450
2.1500 6091.1500
2.1600 6135.7225
2.1700 5973.9000
2.1800 5828.1350
2.1900 5593.2200
2.2000 5641.0525
2.2100 5716.8375
2.2200 5881.6900
2.2300 6177.6325
2.2400 6116.3000
2.2500 6209.1200
2.2600 6691.5775
2.2700 6916.2150
2.2800 7195.6650
2.2900 7475.2325
2.3000 7510.5425
2.3100 7514.6850
2.3200 7476.2275
2.3300 7674.6550
2.3400 7804.2575
2.3500 7493.6225
2.3600 7365.6725
2.3700 7597.7825
2.3800 7683.4975
2.3900 7481.1375
2.4000 7431.4025
2.4100 7566.3900
2.4200 7344.8775
2.4300 7103.3650
2.4400 7197.5050
2.4500 7489.4225
2.4600 7311.5600
2.4700 7156.9475
2.4800 7031.0300
2.4900 7017.5350
2.5000 7157.5450
2.5100 7084.9550
2.5200 7101.3725
2.5300 6948.4525
2.5400 6989.9575
2.5500 7031.4625
2.5600 7074.2275
2.5700 7097.0225
2.5800 6910.4150
2.5900 6472.6750
2.6000 6518.2650
2.6100 6870.3400
2.6200 6684.5975
2.6300 6757.2375
2.6400 6804.3250
2.6500 6805.0625
2.6600 6983.6425
2.6700 6563.5975
2.6800 6392.7200
2.6900 6897.4750
2.7000 6831.3050
2.7100 6424.2225
2.7200 6401.0200
2.7300 6222.4125
2.7400 6020.7525
2.7500 6101.0725
2.7600 6489.2000
2.7700 6245.3175
2.7800 6192.7425
2.7900 6322.3925
2.8000 6276.4775
2.8100 6165.7500
2.8200 6140.2000
2.8300 5955.5725
2.8400 5908.3375
2.8500 6086.0450
2.8600 5950.8975
2.8700 5984.0875
2.8800 6257.1550
2.8900 6215.0350
2.9000 6144.8300
2.9100 5902.1100
2.9200 6026.3100
2.9300 6123.3725
2.9400 5949.7700
2.9500 5908.5350
2.9600 6024.7600
2.9700 5859.3050
2.9800 5668.5100
2.9900 5798.2150
3.0000 5587.0525
3.0100 5485.4275
3.0200 5564.6075
3.0300 5914.8000
3.0400 5828.2225
3.0500 5680.3975
3.0600 5522.9600
3.0700 5668.1125
3.0800 5595.6050
3.0900 5647.0250
3.1000 5555.4750
3.1100 5722.6100
3.1200 5733.3325
3.1300 5632.1475
3.1400 5702.5250
3.1500 5600.2350
3.1600 5776.2300
3.1700 5332.1200
3.1800 5085.7100
3.1900 5370.5475
3.2000 5460.5275
3.2100 5308.4325
3.2200 5456.7550
3.2300 5437.6350
3.2400 5321.7025
3.2500 5352.8000
3.2600 5284.5300
3.2700 5142.7100
3.2800 5395.7875
3.2900 5498.9225
3.3000 5261.5975
3.3100 5376.7475
3.3200 5407.1950
3.3300 5315.1925
3.3400 5407.0075
3.3500 5339.7625
3.3600 5473.5225
3.3700 5457.7500
3.3800 5590.2225
3.3900 5302.5450
3.4000 5283.3650
3.4100 5360.8600
3.4200 5395.6650
3.4300 5496.0150
3.4400 5373.2850
3.4500 5096.9700
3.4600 5170.2325
3.4700 5354.9325
3.4800 5465.4300
3.4900 5590.1400
3.5000 5590.0875
3.5100 5265.8350
3.5200 5255.7600
3.5300 5392.9700
3.5400 5464.1400
3.5500 5449.0275
3.5600 5396.4250
3.5700 5228.9500
3.5800 5247.3575
3.5900 5343.1325
3.6000 5296.9050
3.6100 5268.6875
3.6200 5172.4425
3.6300 5110.4100
3.6400 5261.7575
3.6500 5285.7100
3.6600 5176.4200
3.6700 5166.1925
3.6800 5181.1000
3.6900 5335.1125
3.7000 5216.4725
3.7100 5246.1800
3.7200 5109.8775
3.7300 5166.6425
3.7400 5181.1375
3.7500 5113.6425
3.7600 5285.1000
3.7700 5209.2100
3.7800 5263.5075
3.7900 5299.3500
3.8000 5159.5925
3.8100 5128.5625
3.8200 5266.6875
3.8300 5291.0825
3.8400 5218.7675
3.8500 5158.1050
3.8600 5169.4875
3.8700 5316.1575
3.8800 5482.4175
3.8900 5489.5325
3.9000 5390.4300
3.9100 5230.8500
3.9200 5155.8950
3.9300 5166.0700
3.9400 5334.8200
3.9500 5329.6400
3.9600 5417.2450
3.9700 5557.6275
3.9800 5549.9900
3.9900 5473.2000
4.0000 5395.3100
4.0100 5525.4275
4.0200 5548.6200
4.0300 5581.0025
4.0400 5683.6675
4.0500 5581.5575
4.0600 5506.5900
4.0700 5491.9400
4.0800 5479.9175
4.0900 5414.9150
4.1000 5352.0925
4.1100 5370.6400
4.1200 5310.0750
4.1300 5288.1625
4.1400 5330.8900
4.1500 5525.4425
4.1600 5413.7775
4.1700 5384.2125
4.1800 5465.7900
4.1900 5411.2125
4.2000 5454.8050
4.2100 5382.0100
4.2200 5454.6800
4.2300 5559.6775
4.2400 5640.7325
4.2500 5693.0200
4.2600 5487.4400
4.2700 5350.3950
4.2800 5358.3325
4.2900 5509.0775
4.3000 5585.8275
4.3100 5478.2550
4.3200 5399.5675
4.3300 5437.9300
4.3400 5591.5975
4.3500 5579.9050
4.3600 5507.9675
4.3700 5651.5725
4.3800 5738.5625
4.3900 5655.7800
4.4000 5396.7900
4.4100 5543.1325
4.4200 5954.4000
4.4300 5825.0175
4.4400 5694.9650
4.4500 5685.2400
4.4600 5631.5925
4.4700 5471.0800
4.4800 5327.9575
4.4900 5393.9550
4.5000 5543.5825
4.5100 5657.3550
4.5200 5648.4175
4.5300 5545.3275
4.5400 5585.3900
4.5500 5757.1750
4.5600 5620.1650
4.5700 5452.6325
4.5800 5367.2125
4.5900 5520.0775
4.6000 5733.1475
4.6100 5497.5275
4.6200 5551.1875
4.6300 5798.4600
4.6400 5852.0475
4.6500 5704.2925
4.6600 5605.0775
4.6700 5558.0525
4.6800 5494.8650
4.6900 5519.0250
4.7000 5487.1475
4.7100 5451.8550
4.7200 5520.3675
4.7300 5469.1950
4.7400 5546.9750
4.7500 5566.9675
4.7600 5448.8325
4.7700 5377.0325
4.7800 5558.4375
4.7900 5714.2800
4.8000 5579.9550
4.8100 5541.6675
4.8200 5505.1625
4.8300 5441.6750
4.8400 5529.9000
4.8500 5715.8725
4.8600 5770.3300
4.8700 5681.6375
4.8800 5609.1500
4.8900 5624.6700
4.9000 5730.7475
4.9100 5750.5900
4.9200 5826.0525
4.9300 5844.1325
4.9400 5724.8075
4.9500 5561.7700
4.9600 5627.4800
4.9700 5845.3925
4.9800 5933.2300
4.9900 5888.4625
5.0000 5615.8150
5.0100 5533.5825
5.0200 5691.4900
5.0300 5729.3525
5.0400 5691.8375
5.0500 5793.1100
5.0600 5683.4350
5.0700 5495.9075
5.0800 5516.7050
5.0900 5560.2550
5.1000 5643.1625
5.1100 5716.9550
5.1200 5707.5375
5.1300 5820.9450
5.1400 6003.7750
5.1500 5868.6525
5.1600 5659.3750
5.1700 5728.6300
5.1800 5892.9325
5.1900 6011.2850
5.2000 5961.6275
5.2100 5862.1800
5.2200 5992.2650
5.2300 6262.7175
5.2400 6013.5025
5.2500 5868.2975
5.2600 5953.6500
5.2700 6278.6000
5.2800 6205.5900
5.2900 5932.3175
5.3000 5720.7000
5.3100 5667.6500
5.3200 5914.3150
5.3300 6094.9025
5.3400 5848.5925
5.3500 5814.2400
5.3600 6142.7800
5.3700 6309.0225
5.3800 6053.9025
5.3900 6278.3650
5.4000 5865.1600
5.4100 5876.9300
5.4200 6286.8625
5.4300 6304.8825
5.4400 6291.1975
5.4500 6351.5400
5.4600 6424.1600
5.4700 6423.8450
5.4800 6085.9975
5.4900 6237.8825
5.5000 6318.8650
5.5100 6230.8450
5.5200 6405.5975
5.5300 6367.4000
5.5400 6230.7575
5.5500 6221.6525
5.5600 6337.6375
5.5700 6292.9825
5.5800 6234.0400
5.5900 6327.1800
5.6000 6361.2125
5.6100 6486.7050
5.6200 6537.9650
5.6300 6659.3225
5.6400 6279.7825
5.6500 6548.0800
5.6600 6406.7025
5.6700 6393.6800
5.6800 6575.5400
5.6900 6962.8725
5.7000 6624.1275
5.7100 6747.6000
5.7200 6537.0250
5.7300 6441.3050
5.7400 6431.3250
5.7500 6397.2250
5.7600 6753.8100
5.7700 6621.4050
5.7800 6515.4875
5.7900 6762.5700
5.8000 6596.0625
5.8100 6422.4825
5.8200 6731.0425
5.8300 6587.4875
5.8400 6925.5275
5.8500 6980.0050
5.8600 6426.0750
5.8700 6799.9150
5.8800 6783.3875
5.8900 6733.6550
5.9000 6923.1800
5.9100 6974.3700
5.9200 7089.8400
5.9300 6936.3025
5.9400 6892.5750
5.9500 6924.1700
5.9600 6665.7925
5.9700 7062.0650
5.9800 7123.2950
5.9900 6860.2250
6.0000 7001.9600
6.0100 7008.3325
6.0200 7127.5375
6.0300 6990.7475
6.0400 7101.7725
6.0500 7234.2625
6.0600 7029.8500
6.0700 6789.8975
6.0800 7110.1525
6.0900 7055.6450
6.1000 6748.0025
6.1100 7026.0100
6.1200 6880.7575
6.1300 6859.0000
6.1400 6950.0400
6.1500 6996.4175
6.1600 6787.4300
6.1700 6872.5975
6.1800 6800.3800
6.1900 6558.6675
6.2000 6480.8975
6.2100 6803.4950
6.2200 6811.9050
6.2300 6845.4100
6.2400 6694.8000
6.2500 6652.9050
6.2600 6539.8950
6.2700 6393.3250
6.2800 6513.5150
6.2900 6656.8425
6.3000 6595.3575
6.3100 6871.9425
6.3200 6607.4850
6.3300 6579.8300
6.3400 6676.1575
6.3500 6407.0475
6.3600 6663.2300
6.3700 6815.5875
6.3800 6692.5150
6.3900 6828.0375
6.4000 6844.3500
6.4100 6653.5725
6.4200 6450.0650
6.4300 6361.3300
6.4400 6577.4425
6.4500 6652.4700
6.4600 6774.6600
6.4700 6820.4550
6.4800 6560.0575
6.4900 6459.3875
6.5000 6686.0450
6.5100 6768.5450
6.5200 6574.1525
6.5300 6591.7025
6.5400 6654.8550
6.5500 6626.9400
6.5600 6643.0525
6.5700 6676.2900
6.5800 6611.3075
6.5900 6572.0975
6.6000 6839.6175
6.6100 7000.8350
6.6200 6960.5000
6.6300 7031.6250
6.6400 7083.9375
6.6500 7008.7675
6.6600 6919.8075
6.6700 6805.0775
6.6800 7109.1050
6.6900 7166.4300
6.7000 7081.1925
6.7100 7120.6450
6.7200 7023.7375
6.7300 7100.8025
6.7400 7061.6075
6.7500 6984.2600
6.7600 7027.7675
6.7700 7147.3750
6.7800 7140.9000
6.7900 7070.6600
6.8000 7152.2300
6.8100 7131.7725
6.8200 7162.0225
6.8300 7242.7475
6.8400 7314.0050
6.8500 7409.9475
6.8600 7341.8875
6.8700 7422.7525
6.8800 7894.1450
6.8900 7935.8600
6.9000 7620.9625
6.9100 7565.8300
6.9200 7637.4725
6.9300 7880.7100
6.9400 8329.6975
6.9500 8169.3725
6.9600 8134.9075
6.9700 8197.2725
6.9800 8574.0550
6.9900 8758.3325
7.0000 8963.1425
7.0100 9143.8300
7.0200 9188.8225
7.0300 9371.9875
7.0400 10076.0175
7.0500 10800.8575
7.0600 11183.8600
7.0700 11339.4375
7.0800 11551.4225
7.0900 11825.6450
7.1000 12221.7425
7.1100 13014.1675
7.1200 14063.0000
7.1300 15198.6425
7.1400 15956.0375
7.1500 16528.2450
7.1600 17552.6600
7.1700 18683.4825
7.1800 19952.2225
7.1900 21395.4350
7.2000 22908.6275
7.2100 24882.7600
7.2200 27154.8350
7.2300 29549.9575
7.2400 32127.3925
7.2500 34590.2825
7.2600 37265.1875
7.2700 40531.4900
7.2800 44319.8125
7.2900 47708.0900
7.3000 51399.5100
7.3100 55910.8575
7.3200 60854.6600
7.3300 64780.9300
7.3400 68295.1625
7.3500 72824.3025
7.3600 77100.1200
7.3700 80028.7600
7.3800 82670.5975
7.3900 84819.1675
7.4000 86220.4950
7.4100 86608.5800
7.4200 85980.1475
7.4300 83752.7400
7.4400 81463.7975
7.4500 79551.1900
7.4600 75664.9275
7.4700 70489.2450
7.4800 65208.7000
7.4900 59942.6350
7.5000 55410.7900
7.5100 51129.6800
7.5200 46398.5400
7.5300 41843.2275
7.5400 37724.9275
7.5500 33876.5350
7.5600 30394.4175
7.5700 27351.5475
7.5800 24810.7550
7.5900 22575.2600
7.6000 20604.9250
7.6100 19115.2875
7.6200 17803.1225
7.6300 16688.4250
7.6400 16031.4000
7.6500 14989.7425
7.6600 13908.9325
7.6700 13331.9600
7.6800 12677.4375
7.6900 12208.6325
7.7000 11747.8950
7.7100 11198.5775
7.7200 10690.5775
7.7300 10253.0850
7.7400 9976.8550
7.7500 9708.5050
7.7600 9410.0600
7.7700 9147.6725
7.7800 8880.1000
7.7900 8762.2525
7.8000 8702.2950
7.8100 8421.2375
7.8200 8205.1525
7.8300 8083.3325
7.8400 8115.7650
7.8500 7961.3725
7.8600 7806.7650
7.8700 7847.4375
7.8800 7659.1325
7.8900 7570.7125
7.9000 7472.2650
7.9100 7354.3125
7.9200 7235.9325
7.9300 7162.7900
7.9400 7099.6450
7.9500 6844.6350
7.9600 6768.3250
7.9700 6708.6050
7.9800 6682.7300
7.9900 6804.1300
8.0000 6735.2900
8.0100 6577.9825
8.0200 6719.8725
8.0300 6804.4000
8.0400 6730.1650
8.0500 6631.5075
8.0600 6628.3625
8.0700 6457.3800
8.0800 6469.3275
8.0900 6583.8025
8.1000 6718.1800
8.1100 6704.8800
8.1200 6547.3600
8.1300 6420.1900
8.1400 6506.4050
8.1500 6695.1000
8.1600 6972.8525
8.1700 7175.1900
8.1800 7001.9225
8.1900 6947.3350
8.2000 6913.3375
8.2100 7014.7600
8.2200 7427.6625
8.2300 7373.6250
8.2400 7329.2700
8.2500 7855.9025
8.2600 8076.5400
8.2700 8165.9650
8.2800 8302.9350
8.2900 8532.8525
8.3000 8659.0450
8.3100 8948.9225
8.3200 9114.5075
8.3300 9396.1125
8.3400 9787.6575
8.3500 9947.1800
8.3600 10323.9425
8.3700 11066.1775
8.3800 12042.5100
8.3900 13083.3125
8.4000 13634.6375
8.4100 14546.2025
8.4200 15503.8200
8.4300 16124.7375
8.4400 16985.4850
8.4500 18713.4150
8.4600 20180.7000
8.4700 21286.7050
8.4800 22134.6125
8.4900 23127.6075
8.5000 24666.7425
8.5100 25717.0475
8.5200 26292.5175
8.5300 26939.9925
8.5400 27618.7450
8.5500 27546.3425
8.5600 27391.5050
8.5700 27271.1100
8.5800 26690.6325
8.5900 26162.9975
8.6000 25372.0100
8.6100 23911.1050
8.6200 22718.7875
8.6300 21204.8650
8.6400 20554.2625
8.6500 18636.5625
8.6600 16579.2775
8.6700 15209.7575
8.6800 14111.7400
8.6900 12842.0175
8.7000 11581.0575
8.7100 10984.7000
8.7200 10298.8500
8.7300 9666.2525
8.7400 8851.7250
8.7500 8359.9775
8.7600 8248.0900
8.7700 7650.8925
8.7800 7198.4175
8.7900 7090.1275
8.8000 6622.2550
8.8100 6525.8525
8.8200 6589.1625
8.8300 6298.2200
8.8400 6062.7100
8.8500 6038.7500
8.8600 5764.0450
8.8700 5489.0175
8.8800 5558.7075
8.8900 5373.0500
8.9000 5459.6175
8.9100 5296.9250
8.9200 5314.6450
8.9300 5221.3925
8.9400 5024.1875
8.9500 5065.4350
8.9600 5076.5200
8.9700 5203.5975
8.9800 5275.7925
8.9900 4941.6150
9.0000 4720.8950
9.0100 4664.9875
9.0200 4821.0275
9.0300 4835.0225
9.0400 4717.5900
9.0500 4600.1000
9.0600 4556.8000
9.0700 4657.7700
9.0800 4578.1100
9.0900 4479.7400
9.1000 4509.2425
9.1100 4438.2000
9.1200 4345.2175
9.1300 4355.0500
9.1400 4193.5000
9.1500 4308.9725
9.1600 4525.5275
9.1700 4384.4425
9.1800 4465.0325
9.1900 4351.7325
9.2000 4203.6325
9.2100 4243.7875
9.2200 4269.4125
9.2300 4293.3350
9.2400 4214.0800
9.2500 4180.2000
9.2600 4147.1275
9.2700 4217.2525
9.2800 4228.9675
9.2900 4279.5050
9.3000 4223.9450
9.3100 4203.7700
9.3200 4130.4100
9.3300 4087.5400
9.3400 4161.9125
9.3500 4216.4475
9.3600 4058.7400
9.3700 4064.7275
9.3800 4029.0525
9.3900 4114.2275
9.4000 4052.0875
9.4100 3903.7100
9.4200 4005.7875
9.4300 4164.7800
9.4400 4103.8350
9.4500 3961.7875
9.4600 4086.9150
9.4700 4224.4275
9.4800 4197.9425
9.4900 4101.5175
9.5000 4184.6550
9.5100 4262.7250
9.5200 3971.1825
9.5300 3634.5825
9.5400 3775.4325
9.5500 3841.5975
9.5600 3824.7900
9.5700 3708.3950
9.5800 3949.3075
9.5900 4032.9000
9.6000 4099.4975
9.6100 4017.4900
9.6200 3786.1775
9.6300 3840.8200
9.6400 3841.6675
9.6500 3670.0200
9.6600 3601.4325
9.6700 3608.1350
9.6800 3851.8025
9.6900 3882.6225
9.7000 3851.0250
9.7100 3785.5375
9.7200 3871.7575
9.7300 3858.9625
9.7400 3874.3325
9.7500 3978.7525
9.7600 3967.4100
9.7700 3950.7825
9.7800 3775.6850
9.7900 3679.7200
9.8000 3722.3100
9.8100 3701.4025
9.8200 3817.7050
9.8300 3973.7300
9.8400 3811.5400
9.8500 3675.3650
9.8600 3814.3100
9.8700 3662.2150
9.8800 3650.0000
9.8900 3626.8600
9.9000 3632.6950
9.9100 3925.0150
9.9200 3804.5200
9.9300 3661.8225
9.9400 3558.5725
9.9500 3990.8075
9.9600 3699.7575
9.9700 3636.4175
9.9800 3618.2450
9.9900 3722.0125
10.0000 3951.0050
10.0100 3817.7700
10.0200 3673.0400
10.0300 3635.9850
10.0400 3729.9325
10.0500 3800.9625
10.0600 3638.2875
10.0700 3646.1650
10.0800 3760.3375
10.0900 3760.3250
10.1000 3743.6950
10.1100 3654.0675
10.1200 3809.1350
10.1300 3724.3925
10.1400 3585.1850
10.1500 3566.6675
10.1600 3876.5625
10.1700 3925.0000
10.1800 3674.0575
10.1900 3504.6100
10.2000 3554.6600
10.2100 3822.7775
10.2200 3838.2850
10.2300 3635.1700
10.2400 3543.5300
10.2500 3688.2200
10.2600 3723.6875
10.2700 3746.0100
10.2800 4015.4350
10.2900 3753.1625
10.3000 3663.8725
10.3100 3692.9825
10.3200 3713.8225
10.3300 3744.2400
10.3400 3667.5000
10.3500 3684.2850
10.3600 3643.7975
10.3700 3653.7950
10.3800 3522.2925
10.3900 3600.2075
10.4000 3625.0000
10.4100 3550.7800
10.4200 3573.7075
10.4300 3670.5750
10.4400 3771.9800
10.4500 3818.3650
10.4600 3711.8375
10.4700 3577.1175
10.4800 3629.4450
10.4900 3630.1925
10.5000 3578.9100
10.5100 3599.4975
10.5200 3372.6025
10.5300 3327.9225
10.5400 3502.6475
10.5500 3426.6125
10.5600 3339.8575
10.5700 3479.9950
10.5800 3363.9950
10.5900 3290.9775
10.6000 3417.8250
10.6100 3649.9250
10.6200 3644.6475
10.6300 3637.7025
10.6400 3591.0050
10.6500 3423.4425
10.6600 3545.0225
10.6700 3449.2975
10.6800 3174.5875
10.6900 3318.5275
10.7000 3447.7000
10.7100 3497.7075
10.7200 3322.6225
10.7300 3437.3400
10.7400 3469.2250
10.7500 3556.5300
10.7600 3316.2875
10.7700 3381.4175
10.7800 3350.4025
10.7900 3419.7975
10.8000 3482.5300
10.8100 3521.8225
10.8200 3286.7700
10.8300 3197.6625
10.8400 3391.3150
10.8500 3424.9400
10.8600 3378.6150
10.8700 3402.2225
10.8800 3458.0250
10.8900 3498.5650
10.9000 3326.2550
10.9100 3255.8550
10.9200 3345.9125
10.9300 3336.7650
10.9400 3241.2200
10.9500 3364.5625
10.9600 3467.9475
10.9700 3460.3275
10.9800 3358.2550
10.9900 3259.5000
11.0000 3261.8300
11.0100 3377.2775
11.0200 3425.0000
11.0300 3238.6325
11.0400 3268.2350
11.0500 3285.7100
11.0600 3193.9225
11.0700 3124.8625
11.0800 3086.0875
11.0900 3141.5275
11.1000 3219.2150
11.1100 3302.2725
11.1200 3152.0825
11.1300 3030.9575
11.1400 3109.4550
11.1500 3185.5375
11.1600 3200.0000
11.1700 3264.8825
11.1800 3132.9175
11.1900 3073.9025
11.2000 3000.6225
11.2100 3062.1100
11.2200 3268.6825
11.2300 3259.8225
11.2400 3171.3200
11.2500 3181.6225
11.2600 3226.2675
11.2700 3136.9350
11.2800 3121.9775
11.2900 3186.4200
11.3000 3140.9175
11.3100 3089.6625
11.3200 3119.3975
11.3300 3105.7200
11.3400 3119.1625
11.3500 3111.0575
11.3600 3122.1750
11.3700 3141.6675
11.3800 3070.9525
11.3900 3035.0675
11.4000 2971.4225
11.4100 2950.0025
11.4200 3011.5225
11.4300 3026.7650
11.4400 3006.7650
11.4500 3019.7350
11.4600 2949.7425
11.4700 2974.9750
11.4800 3028.4500
11.4900 3136.9450
11.5000 3299.1250
11.5100 3242.3200
11.5200 3143.8825
11.5300 3157.3375
11.5400 2954.9300
11.5500 2839.3425
11.5600 3050.7875
11.5700 3041.2975
11.5800 2985.2300
11.5900 3067.3125
11.6000 3198.3850
11.6100 3190.9675
11.6200 3143.6075
11.6300 3033.1725
11.6400 3030.3350
11.6500 3237.2100
11.6600 3272.8725
11.6700 3253.2250
11.6800 3287.8875
11.6900 3396.0225
11.7000 3379.3550
11.7100 3246.6225
11.7200 3248.7275
11.7300 3301.2200
11.7400 3352.3100
11.7500 3392.2125
11.7600 3430.9600
11.7700 3405.4525
11.7800 3283.6950
11.7900 3317.2750
11.8000 3403.9750
11.8100 3386.9750
11.8200 3422.5825
11.8300 3660.5925
11.8400 3794.4400
11.8500 3809.8800
11.8600 3845.3625
11.8700 3922.6325
11.8800 4046.2675
11.8900 4117.1275
11.9000 4305.2150
11.9100 4512.7075
11.9200 4708.2650
11.9300 4891.4475
11.9400 5016.0500
11.9500 5219.2750
11.9600 5423.8075
11.9700 5708.3075
11.9800 6079.6025
11.9900 6363.2425
12.0000 6576.4350
12.0100 7052.6475
12.0200 7710.9550
12.0300 7891.2350
12.0400 7974.8075
12.0500 8233.9375
12.0600 8481.7450
12.0700 8910.5200
12.0800 9229.7325
12.0900 9311.1350
12.1000 9290.6775
12.1100 9253.2525
12.1200 9235.8975
12.1300 9046.7800
12.1400 8683.5575
12.1500 8386.8875
12.1600 8113.8525
12.1700 7696.5500
12.1800 7247.4000
12.1900 6618.9100
12.2000 6023.5025
12.2100 5714.7675
12.2200 5447.5275
12.2300 5210.4050
12.2400 4952.8575
12.2500 4758.9425
12.2600 4540.1175
12.2700 4332.5000
12.2800 4197.3775
12.2900 4081.9800
12.3000 3856.2150
12.3100 3682.0975
12.3200 3794.1375
12.3300 3778.5425
12.3400 3573.6725
12.3500 3593.7950
12.3600 3431.2850
12.3700 3176.4200
12.3800 3235.4800
12.3900 3257.9775
12.4000 3269.3425
12.4100 3414.5125
12.4200 3381.7575
12.4300 3307.5750
12.4400 3066.1425
12.4500 2931.6625
12.4600 3038.1125
12.4700 3197.4950
12.4800 3254.4450
12.4900 3107.1600
12.5000 3073.1800
12.5100 3086.5750
12.5200 3040.0525
12.5300 3012.9150
12.5400 3087.2175
12.5500 3060.3050
12.5600 2977.2025
12.5700 2864.6325
12.5800 2893.8075
12.5900 2956.1950
12.6000 3005.2300
12.6100 2962.9300
12.6200 2949.1875
12.6300 2993.5650
12.6400 2949.3525
12.6500 2958.3500
12.6600 2930.1375
12.6700 3043.3075
12.6800 3102.2600
12.6900 2975.1050
12.7000 2911.8150
12.7100 2977.4125
12.7200 3005.7075
12.7300 2853.0675
12.7400 2906.2600
12.7500 3223.0300
12.7600 3129.2025
12.7700 2846.7250
12.7800 2879.1825
12.7900 2994.1150
12.8000 2874.2875
12.8100 2786.3650
12.8200 2949.9500
12.8300 3014.0150
12.8400 2994.2125
12.8500 3022.4125
12.8600 2997.2850
12.8700 2937.6600
12.8800 2881.3975
12.8900 3013.3550
12.9000 2991.2025
12.9100 2872.7675
12.9200 2857.8800
12.9300 2830.5975
12.9400 2764.5000
12.9500 2887.5650
12.9600 2951.8425
12.9700 2799.4700
12.9800 2767.0500
12.9900 2852.7625
13.0000 2861.4650
13.0100 2748.3000
13.0200 2855.2525
13.0300 3034.8625
13.0400 2984.8100
13.0500 2801.0250
13.0600 2778.4900
13.0700 2778.7025
13.0800 2832.2600
13.0900 2891.6675
13.1000 2858.5775
13.1100 2817.2825
13.1200 2859.6300
13.1300 2675.4250
13.1400 2663.3075
13.1500 2769.1625
13.1600 2866.7125
13.1700 2894.8725
13.1800 2760.1950
13.1900 2699.5700
13.2000 2757.7900
13.2100 2715.6950
13.2200 2660.0950
13.2300 2650.3725
13.2400 2659.8675
13.2500 2651.0275
13.2600 2767.0650
13.2700 2787.0025
13.2800 2714.7325
13.2900 2733.2475
13.3000 2662.4850
13.3100 2689.4325
13.3200 2710.8100
13.3300 2647.7675
13.3400 2690.8975
13.3500 2760.6525
13.3600 2733.7025
13.3700 2726.1250
13.3800 2777.4450
13.3900 2697.9325
13.4000 2505.8025
13.4100 2563.4050
13.4200 2720.2575
13.4300 2812.8825
13.4400 2762.4425
13.4500 2605.3750
13.4600 2519.4325
13.4700 2541.8125
13.4800 2536.1625
13.4900 2712.3450
13.5000 2675.6350
13.5100 2678.0775
13.5200 2586.0900
13.5300 2682.8575
13.5400 2804.5425
13.5500 2901.1525
13.5600 2850.2175
13.5700 2857.8925
13.5800 2736.4650
13.5900 2641.6600
13.6000 2643.0750
13.6100 2791.5350
13.6200 2802.2275
13.6300 2708.3325
13.6400 2685.9475
13.6500 2598.0075
13.6600 2614.0000
13.6700 2583.8000
13.6800 2672.2275
13.6900 2711.9125
13.7000 2646.9900
13.7100 2748.7775
13.7200 2608.0425
13.7300 2667.1075
13.7400 2616.5100
13.7500 2752.1525
13.7600 2840.2325
13.7700 2804.9275
13.7800 2666.6675
13.7900 2658.3100
13.8000 2590.4600
13.8100 2495.2075
13.8200 2679.2775
13.8300 2661.0100
13.8400 2676.3250
13.8500 2718.7375
13.8600 2892.7600
13.8700 2813.4700
13.8800 2834.0425
13.8900 2775.3250
13.9000 2672.1400
13.9100 2625.5550
13.9200 2745.6825
13.9300 2871.4800
13.9400 2927.3625
13.9500 3069.3200
13.9600 2954.2625
13.9700 3062.6450
13.9800 2939.0125
13.9900 2964.8975
14.0000 2922.1800
14.0100 3066.6675
14.0200 3070.9950
14.0300 3109.6200
14.0400 3203.5000
14.0500 3407.2950
14.0600 3480.9700
14.0700 3642.6825
14.0800 3648.9975
14.0900 3639.6875
14.1000 3670.8600
14.1100 4002.2300
14.1200 3888.8200
14.1300 3910.6575
14.1400 4262.0250
14.1500 4318.9525
14.1600 4506.7100
14.1700 4229.9125
14.1800 4376.4625
14.1900 4632.1625
14.2000 4272.6750
14.2100 4383.3925
14.2200 4235.7850
14.2300 4239.0325
14.2400 4061.4975
14.2500 4093.2225
14.2600 4086.1525
14.2700 3847.1200
14.2800 3638.1800
14.2900 3518.8425
14.3000 3526.7025
14.3100 3373.6625
14.3200 3427.3450
14.3300 3180.3875
14.3400 3227.7950
14.3500 3069.2575
14.3600 3085.4050
14.3700 2915.1700
14.3800 3000.6075
14.3900 2995.8225
14.4000 2845.5725
14.4100 3002.0650
14.4200 2920.5650
14.4300 2979.8975
14.4400 3034.0650
14.4500 2800.0000
14.4600 2807.0775
14.4700 2914.2025
14.4800 2870.6825
14.4900 2795.7975
14.5000 2726.3625
14.5100 2744.2625
14.5200 2651.0950
14.5300 2820.8425
14.5400 2738.0400
14.5500 2679.1550
14.5600 2932.2000
14.5700 2906.1450
14.5800 2861.8550
14.5900 2949.4725
14.6000 3121.2475
14.6100 2834.1050
14.6200 3069.6800
14.6300 3148.8450
14.6400 3115.5625
14.6500 3095.7100
14.6600 3478.0075
14.6700 3577.8575
14.6800 3672.7450
14.6900 3589.1125
14.7000 3496.0725
14.7100 3681.7575
14.7200 3979.2050
14.7300 4173.2125
14.7400 4090.0875
14.7500 4457.2325
14.7600 4390.6675
14.7700 4330.0625
14.7800 4703.1000
14.7900 4959.1200
14.8000 5032.4325
14.8100 4935.2125
14.8200 5182.0800
14.8300 4974.4725
14.8400 4857.9550
14.8500 4733.2700
14.8600 4691.6550
14.8700 4475.3100
14.8800 4607.9450
14.8900 4409.2125
14.9000 4010.6875
14.9100 3834.6225
14.9200 3701.1800
14.9300 3765.9775
14.9400 3758.4325
14.9500 3602.1025
14.9600 3534.3175
14.9700 3205.4100
14.9800 3077.2125
14.9900 3091.3475
15.0000 3116.1500
15.0100 3100.3675
15.0200 2872.1675
15.0300 2866.6675
15.0400 2964.0150
15.0500 2780.3600
15.0600 2742.6475
15.0700 2757.8175
15.0800 2629.3125
15.0900 2705.5150
15.1000 2917.3600
15.1100 2788.5350
15.1200 2582.9525
15.1300 2438.9475
15.1400 2609.1350
15.1500 2760.2875
15.1600 2790.5675
15.1700 2664.3900
15.1800 2737.7600
15.1900 2567.1900
15.2000 2574.1700
15.2100 2535.4675
15.2200 2517.5450
15.2300 2666.4375
15.2400 2690.7425
15.2500 2597.3625
15.2600 2599.5125
15.2700 2458.9750
15.2800 2465.6450
15.2900 2560.3975
15.3000 2535.4700
15.3100 2471.0375
15.3200 2575.5200
15.3300 2583.3325
15.3400 2529.0725
15.3500 2478.5625
15.3600 2444.0900
15.3700 2472.5300
15.3800 2528.9275
15.3900 2548.7175
15.4000 2511.5975
15.4100 2516.0025
15.4200 2470.7250
15.4300 2512.5375
15.4400 2493.7675
15.4500 2445.9375
15.4600 2479.7150
15.4700 2604.9025
15.4800 2411.8375
15.4900 2459.8375
15.5000 2595.2350
15.5100 2729.1525
15.5200 2651.1925
15.5300 2664.2500
15.5400 2478.7625
15.5500 2563.3975
15.5600 2619.9575
15.5700 2617.5200
15.5800 2758.5900
15.5900 2678.0450
15.6000 2584.7550
15.6100 2604.7400
15.6200 2474.7150
15.6300 2502.8025
15.6400 2552.7350
15.6500 2447.5050
15.6600 2536.6125
15.6700 2505.8075
15.6800 2573.5400
15.6900 2553.9625
15.7000 2410.7100
15.7100 2450.2225
15.7200 2531.4150
15.7300 2556.2600
15.7400 2602.0450
15.7500 2550.1425
15.7600 2331.0600
15.7700 2365.2575
15.7800 2389.4800
15.7900 2304.9300
15.8000 2277.2325
15.8100 2462.3375
15.8200 2678.7100
15.8300 2571.8650
15.8400 2514.1450
15.8500 2429.5750
15.8600 2502.4500
15.8700 2423.8825
15.8800 2408.3325
15.8900 2386.9900
15.9000 2397.5400
15.9100 2513.4725
15.9200 2384.6350
15.9300 2280.5675
15.9400 2365.4825
15.9500 2411.5225
15.9600 2536.2775
15.9700 2424.8650
15.9800 2428.0550
15.9900 2475.3475
16.0000 2406.4300
16.0100 2266.0275
16.0200 2199.8550
16.0300 2553.4625
16.0400 2423.5525
16.0500 2431.8800
16.0600 2476.2875
16.0700 2559.3775
16.0800 2423.1550
16.0900 2550.1575
16.1000 2507.6550
16.1100 2601.5675
16.1200 2583.8525
16.1300 2595.5400
16.1400 2545.3150
16.1500 2451.4375
16.1600 2501.4700
16.1700 2632.3100
16.1800 2597.2100
16.1900 2535.8700
16.2000 2457.3025
16.2100 2488.9775
16.2200 2365.0450
16.2300 2299.6500
16.2400 2365.6500
16.2500 2497.4875
16.2600 2431.1450
16.2700 2314.6300
16.2800 2405.2650
16.2900 2440.0050
16.3000 2454.9875
16.3100 2411.7875
16.3200 2546.0525
16.3300 2550.1950
16.3400 2674.0075
16.3500 2714.9400
16.3600 2690.2850
16.3700 2663.5800
16.3800 2507.1375
16.3900 2519.1700
16.4000 2520.2300
16.4100 2686.7450
16.4200 2746.3950
16.4300 2639.1600
16.4400 2523.7125
16.4500 2577.9825
16.4600 2580.5375
16.4700 2665.6800
16.4800 2736.9300
16.4900 2607.9750
16.5000 2540.8875
16.5100 2610.5450
16.5200 2710.4175
16.5300 2733.3325
16.5400 2618.0900
16.5500 2647.2500
16.5600 2570.9500
16.5700 2599.0025
16.5800 2654.8275
16.5900 2653.9675
16.6000 2580.2725
16.6100 2514.0350
16.6200 2632.6700
16.6300 2801.1425
16.6400 2829.0725
16.6500 2774.7125
16.6600 2752.0575
16.6700 2706.1450
16.6800 2710.4300
16.6900 2747.8875
16.7000 2577.5625
16.7100 2622.4575
16.7200 2751.5225
16.7300 2925.9825
16.7400 2925.4675
16.7500 2741.4400
16.7600 2775.8950
16.7700 2851.4550
16.7800 2805.1675
16.7900 2807.8925
16.8000 2896.3475
16.8100 2992.3075
16.8200 2931.1475
16.8300 3070.7475
16.8400 3212.4750
16.8500 3478.6875
16.8600 3439.2575
16.8700 3197.8500
16.8800 3161.2800
16.8900 3277.6150
16.9000 3503.4700
16.9100 3514.8450
16.9200 3551.7200
16.9300 3766.8425
16.9400 3955.3775
16.9500 4131.4400
16.9600 4523.3025
16.9700 4813.1400
16.9800 4839.3375
16.9900 4967.4100
17.0000 5202.7050
17.0100 5647.5400
17.0200 6260.4450
17.0300 6485.3575
17.0400 6441.1725
17.0500 6504.7575
17.0600 7075.1575
17.0700 7422.9000
17.0800 7656.1100
17.0900 7785.8225
17.1000 8116.9025
17.1100 8191.8800
17.1200 8155.0625
17.1300 8352.7150
17.1400 8499.4850
17.1500 8328.7625
17.1600 7959.3450
17.1700 7729.8050
17.1800 7631.6600
17.1900 7442.1175
17.2000 7166.4100
17.2100 6635.2075
17.2200 6302.1975
17.2300 6253.0500
17.2400 5940.1600
17.2500 5411.6650
17.2600 5154.0700
17.2700 4805.8175
17.2800 4257.7625
17.2900 4061.0350
17.3000 4035.8450
17.3100 3991.3275
17.3200 3851.7525
17.3300 3707.7825
17.3400 3705.7450
17.3500 3524.3875
17.3600 3430.5625
17.3700 3438.8850
17.3800 3264.2900
17.3900 3224.7975
17.4000 3250.0000
17.4100 3272.0550
17.4200 3195.2725
17.4300 3177.4700
17.4400 3175.2150
17.4500 3150.2425
17.4600 3043.3025
17.4700 2964.3925
17.4800 3020.7875
17.4900 3025.7200
17.5000 2937.8000
17.5100 2867.5050
17.5200 2839.1875
17.5300 2773.9725
17.5400 2822.4675
17.5500 2898.9300
17.5600 2970.3400
17.5700 2914.2750
17.5800 2952.2350
17.5900 2829.1700
17.6000 2877.2100
17.6100 2862.5875
17.6200 2659.6675
17.6300 2559.1000
17.6400 2676.9675
17.6500 2866.1750
17.6600 2943.8750
17.6700 2950.0000
17.6800 2913.2375
17.6900 2849.7275
17.7000 2856.3975
17.7100 2728.7475
17.7200 2636.4525
17.7300 2784.2550
17.7400 2765.9100
17.7500 2570.3700
17.7600 2672.8150
17.7700 2850.4950
17.7800 2757.5925
17.7900 2711.0300
17.8000 2697.3700
17.8100 2669.8725
17.8200 2676.9050
17.8300 2703.7700
17.8400 2726.8675
17.8500 2748.6050
17.8600 2707.5225
17.8700 2629.3550
17.8800 2605.0625
17.8900 2749.8175
17.9000 2786.1875
17.9100 2734.8975
17.9200 2785.2975
17.9300 2759.7975
17.9400 2676.6175
17.9500 2635.0100
17.9600 2664.9000
17.9700 2741.4475
17.9800 2695.4975
17.9900 2621.8275
18.0000 2642.9850
18.0100 2671.6075
18.0200 2714.4550
18.0300 2800.7375
18.0400 2826.9275
18.0500 2821.5700
18.0600 2815.2100
18.0700 2759.4775
18.0800 2739.6300
18.0900 2774.3350
18.1000 2888.8225
18.1100 2919.5450
18.1200 2741.6425
18.1300 2614.0125
18.1400 2677.1375
18.1500 2747.7700
18.1600 2844.7825
18.1700 2927.5075
18.1800 2841.1925
18.1900 2742.7900
18.2000 2829.8575
18.2100 2922.6050
18.2200 2923.8375
18.2300 2850.3225
18.2400 2800.0000
18.2500 2766.9550
18.2600 2831.1900
18.2700 2871.7850
18.2800 2718.5800
18.2900 2644.7750
18.3000 2732.1225
18.3100 2918.6600
18.3200 2917.8775
18.3300 2782.2000
18.3400 2713.8300
18.3500 2825.9500
18.3600 2882.4975
18.3700 2892.4050
18.3800 2887.2975
18.3900 2964.8625
18.4000 3122.5325
18.4100 3005.6650
18.4200 2916.9125
18.4300 3003.9200
18.4400 3141.7625
18.4500 3193.2125
18.4600 3184.7950
18.4700 3331.1700
18.4800 3495.8375
18.4900 3546.1725
18.5000 3581.4750
18.5100 3630.7725
18.5200 3703.7450
18.5300 3910.9175
18.5400 4112.4550
18.5500 4104.3350
18.5600 4205.5200
18.5700 4341.6675
18.5800 4474.4425
18.5900 4600.5000
18.6000 4722.9475
18.6100 4996.5775
18.6200 5180.7350
18.6300 5252.1525
18.6400 5261.0550
18.6500 5281.3425
18.6600 5368.5575
18.6700 5586.5575
18.6800 5706.6175
18.6900 5597.3950
18.7000 5520.3700
18.7100 5374.6600
18.7200 5181.1450
18.7300 5146.7300
18.7400 5140.7125
18.7500 4890.1875
18.7600 4704.6775
18.7700 4516.2575
18.7800 4261.3975
18.7900 4178.6350
18.8000 4078.0200
18.8100 3944.9500
18.8200 3874.9000
18.8300 3769.8750
18.8400 3649.8025
18.8500 3520.2225
18.8600 3383.2075
18.8700 3516.9575
18.8800 3641.6800
18.8900 3595.8425
18.9000 3575.0725
18.9100 3566.6125
18.9200 3508.9000
18.9300 3437.5450
18.9400 3462.1325
18.9500 3606.6250
18.9600 3696.3200
18.9700 3580.8050
18.9800 3524.3075
18.9900 3656.0525
19.0000 3798.9650
19.0100 3894.3775
19.0200 4026.8800
19.0300 4290.0350
19.0400 4491.3925
19.0500 4536.1875
19.0600 4739.5150
19.0700 5000.7525
19.0800 5075.6850
19.0900 5185.9275
19.1000 5416.5150
19.1100 5429.3150
19.1200 5424.4625
19.1300 5691.0600
19.1400 5827.6550
19.1500 5889.1750
19.1600 5953.8075
19.1700 5746.1200
19.1800 5622.9625
19.1900 5763.7325
19.2000 5754.7850
19.2100 5600.5600
19.2200 5634.3325
19.2300 5702.6850
19.2400 5400.5750
19.2500 4986.4600
19.2600 4830.1425
19.2700 4665.4625
19.2800 4582.8800
19.2900 4365.2150
19.3000 4052.2875
19.3100 3947.1025
19.3200 3842.8750
19.3300 3610.6050
19.3400 3529.5525
19.3500 3558.9450
19.3600 3502.1525
19.3700 3311.9850
19.3800 3232.4950
19.3900 3200.5400
19.4000 3146.2700
19.4100 3145.3900
19.4200 3068.2850
19.4300 2877.7175
19.4400 2777.7600
19.4500 2954.0225
19.4600 3095.7425
19.4700 2965.2350
19.4800 2947.6525
19.4900 3055.8800
19.5000 3080.1725
19.5100 2935.0175
19.5200 2808.3325
19.5300 2840.9600
19.5400 2905.0350
19.5500 2973.0325
19.5600 3003.3950
19.5700 2975.0000
19.5800 2903.3025
19.5900 2847.6800
19.6000 2910.7075
19.6100 2974.8525
19.6200 2984.8200
19.6300 2901.2425
19.6400 2866.9075
19.6500 2836.8625
19.6600 2862.7925
19.6700 2789.7925
19.6800 2706.0800
19.6900 2790.3275
19.7000 2862.8025
19.7100 2950.0000
19.7200 2880.5350
19.7300 2790.2650
19.7400 2817.2875
19.7500 2820.9700
19.7600 2808.8750
19.7700 2898.5725
19.7800 2957.4100
19.7900 2853.6475
19.8000 2809.1000
19.8100 2878.7450
19.8200 2921.9100
19.8300 2904.4150
19.8400 2822.9725
19.8500 2827.1525
19.8600 2955.5625
19.8700 3050.0000
19.8800 3053.3475
19.8900 3001.5625
19.9000 2856.6975
19.9100 2756.6950
19.9200 2890.8900
19.9300 3060.4250
19.9400 2958.4975
19.9500 2933.3325
19.9600 2946.4725
19.9700 2901.1225
19.9800 2816.3475
19.9900 2776.4325
20.0000 2730.3175
20.0100 2855.6225
20.0200 2829.2250
20.0300 2736.8975
20.0400 2863.1275
20.0500 2924.2775
20.0600 2867.2950
20.0700 2736.0650
20.0800 2694.3625
20.0900 2877.7075
20.1000 2765.4175
20.1100 2727.2400
20.1200 2876.1525
20.1300 2844.3550
20.1400 2760.3750
20.1500 2750.0000
20.1600 2771.9175
20.1700 2795.8400
20.1800 2849.7825
20.1900 3015.4100
20.2000 2943.7975
20.2100 2729.9850
20.2200 2843.8075
20.2300 2956.5325
20.2400 2909.6475
20.2500 2834.3275
20.2600 2765.2775
20.2700 2837.3825
20.2800 2871.0625
20.2900 2846.2550
20.3000 2987.0450
20.3100 3048.5600
20.3200 3031.7175
20.3300 3052.3275
20.3400 3026.6900
20.3500 2943.2350
20.3600 2856.5675
20.3700 2913.0600
20.3800 2993.3525
20.3900 3015.0475
20.4000 2960.7650
20.4100 3008.8575
20.4200 3090.2475
20.4300 2974.3250
20.4400 2946.3750
20.4500 3072.5650
20.4600 2995.3400
20.4700 3010.1475
20.4800 3004.2475
20.4900 3072.1175
20.5000 3101.1800
20.5100 3003.1550
20.5200 2714.5575
20.5300 2826.8250
20.5400 2892.8650
20.5500 2806.4150
20.5600 2911.6500
20.5700 3057.0475
20.5800 3222.0650
20.5900 3183.1425
20.6000 3119.1725
20.6100 3063.9225
20.6200 3075.0000
20.6300 3044.4150
20.6400 2994.4250
20.6500 2958.5825
20.6600 2918.9075
20.6700 3063.9950
20.6800 3069.1075
20.6900 3108.5800
20.7000 3058.6225
20.7100 3095.7775
20.7200 3339.4050
20.7300 3460.4350
20.7400 3224.1550
20.7500 3115.6525
20.7600 3202.1350
20.7700 3276.4900
20.7800 3288.5550
20.7900 3211.6200
20.8000 3364.8575
20.8100 3471.2000
20.8200 3498.1675
20.8300 3474.1475
20.8400 3524.1025
20.8500 3576.6825
20.8600 3671.5625
20.8700 3903.7625
20.8800 4124.0025
20.8900 4147.0375
20.9000 4252.6075
20.9100 4158.7025
20.9200 4295.4775
20.9300 4302.5650
20.9400 4429.3575
20.9500 4574.1300
20.9600 4699.7225
20.9700 4764.8575
20.9800 4782.1225
20.9900 4927.9500
21.0000 5012.2850
21.0100 4887.3900
21.0200 4870.0075
21.0300 4995.9350
21.0400 4856.1250
21.0500 4750.6875
21.0600 4826.2750
21.0700 4873.8225
21.0800 4685.9725
21.0900 4455.3925
21.1000 4444.7900
21.1100 4216.1225
21.1200 4018.7525
21.1300 4017.2550
21.1400 4100.0000
21.1500 3981.9600
21.1600 3706.0775
21.1700 3700.9525
21.1800 3604.7750
21.1900 3566.6650
21.2000 3406.0550
21.2100 3297.7300
21.2200 3358.5700
21.2300 3630.9800
21.2400 3601.5375
21.2500 3518.2725
21.2600 3483.9900
21.2700 3536.0475
21.2800 3462.9025
21.2900 3389.7850
21.3000 3450.0000
21.3100 3429.3175
21.3200 3372.7100
21.3300 3348.3925
21.3400 3311.3875
21.3500 3357.5600
21.3600 3420.3725
21.3700 3443.4050
21.3800 3356.0825
21.3900 3354.4850
21.4000 3364.4300
21.4100 3324.8925
21.4200 3284.4525
21.4300 3378.4700
21.4400 3307.4325
21.4500 3429.2300
21.4600 3307.4375
21.4700 3299.9150
21.4800 3397.0325
21.4900 3346.0175
21.5000 3351.8300
21.5100 3383.0450
21.5200 3468.9800
21.5300 3301.8900
21.5400 3268.3450
21.5500 3263.4175
21.5600 3389.8925
21.5700 3416.3675
21.5800 3411.0625
21.5900 3537.4525
21.6000 3501.8925
21.6100 3401.9250
21.6200 3350.0775
21.6300 3495.8050
21.6400 3556.2600
21.6500 3518.9950
21.6600 3462.0875
21.6700 3566.7850
21.6800 3539.6200
21.6900 3545.5750
21.7000 3573.1650
21.7100 3537.6125
21.7200 3557.3250
21.7300 3678.4700
21.7400 3661.3850
21.7500 3430.3375
21.7600 3500.0000
21.7700 3474.1675
21.7800 3381.7650
21.7900 3359.8700
21.8000 3407.4050
21.8100 3472.0575
21.8200 3542.0700
21.8300 3578.2600
21.8400 3426.9400
21.8500 3479.7575
21.8600 3644.9000
21.8700 3629.5425
21.8800 3474.8900
21.8900 3567.8725
21.9000 3542.9575
21.9100 3393.5825
21.9200 3588.8750
21.9300 3708.6000
21.9400 3581.6700
21.9500 3666.9700
21.9600 3794.5075
21.9700 3792.5075
21.9800 3644.4525
21.9900 3613.9450
22.0000 3635.5925
22.0100 3881.1050
22.0200 3991.6675
22.0300 3940.8000
22.0400 3790.9175
22.0500 3924.5675
22.0600 4030.0600
22.0700 4201.7900
22.0800 4242.2350
22.0900 4441.3350
22.1000 4727.2950
22.1100 4779.0200
22.1200 4863.6875
22.1300 5046.8775
22.1400 5210.8675
22.1500 5309.4200
22.1600 5416.9975
22.1700 5512.1475
22.1800 5825.6775
22.1900 6192.0625
22.2000 6490.1625
22.2100 6569.3900
22.2200 6881.7425
22.2300 7362.4550
22.2400 7668.8700
22.2500 7891.5825
22.2600 7851.7000
22.2700 7973.2950
22.2800 8020.0850
22.2900 7983.1650
22.3000 8087.7975
22.3100 8220.3850
22.3200 8087.6725
22.3300 7859.3900
22.3400 7599.4375
22.3500 7136.0800
22.3600 6835.3175
22.3700 6983.3325
22.3800 6941.9225
22.3900 6668.3050
22.4000 6204.1750
22.4100 5942.2300
22.4200 5645.7925
22.4300 5540.1450
22.4400 5287.1225
22.4500 5122.7125
22.4600 4954.3275
22.4700 4777.1050
22.4800 4218.0350
22.4900 4150.0000
22.5000 4139.3775
22.5100 4059.9325
22.5200 3921.1825
22.5300 3953.6575
22.5400 4008.3325
22.5500 3989.0125
22.5600 3892.6000
22.5700 3862.7550
22.5800 3851.0450
22.5900 3666.3875
22.6000 3531.6175
22.6100 3648.9125
22.6200 3677.5625
22.6300 3618.3950
22.6400 3489.5525
22.6500 3564.3925
22.6600 3422.8650
22.6700 3590.5300
22.6800 3658.2325
22.6900 3611.0675
22.7000 3581.9400
22.7100 3522.2825
22.7200 3248.6650
22.7300 3226.1250
22.7400 3376.1275
22.7500 3476.2050
22.7600 3519.5725
22.7700 3478.1625
22.7800 3406.9900
22.7900 3420.0750
22.8000 3487.7000
22.8100 3281.0575
22.8200 3260.6375
22.8300 3436.8625
22.8400 3373.2050
22.8500 3392.7125
22.8600 3338.1325
22.8700 3472.9200
22.8800 3326.2825
22.8900 3318.0050
22.9000 3242.2325
22.9100 3291.6675
22.9200 3313.0725
22.9300 3418.2950
22.9400 3314.6275
22.9500 3205.8500
22.9600 3205.2525
22.9700 3293.1650
22.9800 3361.0075
22.9900 3415.2650
23.0000 3346.2250
23.0100 3276.2050
23.0200 3290.5275
23.0300 3321.4050
23.0400 3280.8600
23.0500 3457.2200
23.0600 3383.5500
23.0700 3312.5575
23.0800 3454.4500
23.0900 3221.5300
23.1000 3216.1150
23.1100 3284.6050
23.1200 3076.4975
23.1300 3058.2625
23.1400 3244.8475
23.1500 3423.8800
23.1600 3398.8225
23.1700 3323.2700
23.1800 3564.5750
23.1900 3408.7425
23.2000 3211.3150
23.2100 3339.4950
23.2200 3342.2750
23.2300 3448.6700
23.2400 3391.8775
23.2500 3438.3175
23.2600 3358.3325
23.2700 3384.5875
23.2800 3541.6050
23.2900 3356.2825
23.3000 3275.0725
23.3100 3197.1600
23.3200 3074.6650
23.3300 3211.9650
23.3400 3357.3250
23.3500 3353.0100
23.3600 3364.0300
23.3700 3280.3600
23.3800 3259.3200
23.3900 3262.7475
23.4000 3245.9950
23.4100 3340.6975
23.4200 3306.3925
23.4300 3094.2625
23.4400 3058.5550
23.4500 3129.7225
23.4600 3166.6675
23.4700 3176.9300
23.4800 3227.7325
23.4900 2987.9400
23.5000 3038.7350
23.5100 3148.1800
23.5200 3113.4425
23.5300 2970.6600
23.5400 3140.7750
23.5500 3104.9575
23.5600 2875.4750
23.5700 2995.5100
23.5800 3365.9450
23.5900 3209.7575
23.6000 3139.7050
23.6100 3054.2600
23.6200 3094.2050
23.6300 3089.7675
23.6400 2860.8525
23.6500 2969.1125
23.6600 3068.3125
23.6700 3065.3450
23.6800 2891.8800
23.6900 2820.6975
23.7000 2865.5375
23.7100 2942.8700
23.7200 3045.9575
23.7300 3151.0000
23.7400 3013.9975
23.7500 3150.7725
23.7600 3144.5425
23.7700 3017.4600
23.7800 3109.8425
23.7900 3110.7675
23.8000 2987.4825
23.8100 3192.6225
23.8200 3113.7375
23.8300 3086.2400
23.8400 3105.8550
23.8500 2995.9575
23.8600 3028.1875
23.8700 2896.0000
23.8800 3051.4850
23.8900 3219.5325
23.9000 2886.7675
23.9100 2931.8125
23.9200 3025.8975
23.9300 3229.6900
23.9400 3267.3900
23.9500 3069.5025
23.9600 2925.3125
23.9700 3125.6475
23.9800 3113.4375
23.9900 2886.4500
24.0000 3039.5025
24.0100 3200.4175
24.0200 3013.0050
24.0300 3172.5450
24.0400 3151.3975
24.0500 3267.1675
24.0600 3160.1000
24.0700 3079.1400
24.0800 3135.6775
24.0900 3188.1350
24.1000 3459.4850
24.1100 3265.9350
24.1200 3469.2450
24.1300 3295.0875
24.1400 3574.4475
24.1500 3562.2925
24.1600 3498.3750
24.1700 3485.1800
24.1800 3640.2250
24.1900 3748.4875
24.2000 3863.4975
24.2100 4071.2900
24.2200 4146.7475
24.2300 4217.9650
24.2400 4125.2300
24.2500 4402.4800
24.2600 4576.9450
24.2700 4613.1375
24.2800 4668.8700
24.2900 4301.9950
24.3000 4463.4025
24.3100 4260.2475
24.3200 4167.6650
24.3300 4468.2875
24.3400 4345.5800
24.3500 4276.2675
24.3600 4430.6050
24.3700 4075.0000
24.3800 4061.1400
24.3900 3804.9750
24.4000 3898.3625
24.4100 3861.0150
24.4200 3746.8150
24.4300 3686.8675
24.4400 3754.0750
24.4500 3660.9400
24.4600 3539.7850
24.4700 3496.6625
24.4800 3430.1150
24.4900 3540.9475
24.5000 3520.7450
24.5100 3408.9400
24.5200 3044.7600
24.5300 3128.1675
24.5400 3396.3400
24.5500 3307.0225
24.5600 3275.9650
24.5700 3302.8500
24.5800 3372.5100
24.5900 3310.7800
24.6000 3372.5975
24.6100 3299.7800
24.6200 3070.7200
24.6300 3183.3325
24.6400 3185.8425
24.6500 3262.4350
24.6600 3377.4375
24.6700 3193.4350
24.6800 3000.4125
24.6900 3279.2825
24.7000 3414.2025
24.7100 3332.1275
24.7200 3291.1950
24.7300 3275.6900
24.7400 3302.7000
24.7500 3396.2650
24.7600 3257.6900
24.7700 3236.6775
24.7800 3365.8525
24.7900 3331.9450
24.8000 3270.3700
24.8100 3075.0000
24.8200 3080.1025
24.8300 3309.3950
24.8400 3357.6475
24.8500 3326.3300
24.8600 3397.2975
24.8700 3682.2450
24.8800 3617.7875
24.8900 3226.0150
24.9000 3285.7075
24.9100 3422.7175
24.9200 3282.5600
24.9300 3233.0850
24.9400 3220.3375
24.9500 3476.2450
24.9600 3565.0500
24.9700 3443.6150
24.9800 3602.0425
24.9900 3772.6100
25.0000 3558.5925
25.0100 3582.4375
25.0200 3492.2000
25.0300 3550.5675
25.0400 3616.7975
25.0500 3634.2375
25.0600 3758.4425
25.0700 3772.4650
25.0800 3350.1775
25.0900 3385.0575
25.1000 3750.1350
25.1100 3783.6775
25.1200 3883.4025
25.1300 3908.2250
25.1400 3858.6825
25.1500 4083.4875
25.1600 4250.0150
25.1700 4299.9825
25.1800 4133.4950
25.1900 4391.2550
25.2000 4275.2600
25.2100 4407.9550
25.2200 4424.9425
25.2300 4466.4950
25.2400 4624.2525
25.2500 5138.9025
25.2600 4967.7125
25.2700 4958.3875
25.2800 5165.1600
25.2900 5728.8825
25.3000 5898.5875
25.3100 5875.2275
25.3200 6147.3250
25.3300 6719.0500
25.3400 6898.0800
25.3500 6702.3200
25.3600 7169.1950
25.3700 7430.0150
25.3800 8049.9175
25.3900 8181.5725
25.4000 7797.4275
25.4100 7939.3675
25.4200 8113.8750
25.4300 8567.4050
25.4400 8689.6600
25.4500 8609.8175
25.4600 8485.6375
25.4700 8303.4925
25.4800 8063.0875
25.4900 8074.6625
25.5000 8360.5700
25.5100 8366.6675
25.5200 8431.8575
25.5300 8474.0525
25.5400 8401.7525
25.5500 8635.8675
25.5600 8503.4875
25.5700 8435.0150
25.5800 8571.3400
25.5900 9053.6575
25.6000 9399.0825
25.6100 9165.2550
25.6200 9789.9350
25.6300 10552.8275
25.6400 11092.5800
25.6500 11569.0125
25.6600 12027.5675
25.6700 13107.1500
25.6800 13528.8700
25.6900 14202.7200
25.7000 15215.9525
25.7100 16063.1925
25.7200 16719.2775
25.7300 17674.4475
25.7400 18110.1375
25.7500 18638.9850
25.7600 19428.8225
25.7700 19538.5425
25.7800 19429.4475
25.7900 19889.6175
25.8000 20148.5000
25.8100 19278.2800
25.8200 18953.8325
25.8300 18701.9575
25.8400 18020.9075
25.8500 17552.7575
25.8600 16560.3725
25.8700 16038.4650
25.8800 14654.6600
25.8900 13716.0800
25.9000 13261.3500
25.9100 12534.1400
25.9200 11967.7050
25.9300 10988.9100
25.9400 9830.8250
25.9500 9108.9200
25.9600 8631.2300
25.9700 8149.0075
25.9800 7444.3650
25.9900 6641.1300
26.0000 6742.2775
26.0100 6520.9225
26.0200 6184.6725
26.0300 5795.8775
26.0400 5640.9700
26.0500 5294.5325
26.0600 5456.1025
26.0700 5332.8925
26.0800 4947.5275
26.0900 4736.3850
26.1000 4481.5275
26.1100 4717.8325
26.1200 4599.9875
26.1300 4395.6950
26.1400 4344.1650
26.1500 4357.3250
26.1600 4287.9200
26.1700 4126.9575
26.1800 4054.1550
26.1900 4120.2800
26.2000 4070.3725
26.2100 3902.8925
26.2200 3946.2225
26.2300 4074.6200
26.2400 3989.9275
26.2500 3959.9975
26.2600 3911.6900
26.2700 3768.4950
26.2800 3835.9725
26.2900 3903.7375
26.3000 3815.2875
26.3100 3785.0875
26.3200 3682.6625
26.3300 3373.1850
26.3400 3427.3400
26.3500 3572.4525
26.3600 3606.5050
26.3700 3801.3075
26.3800 3600.6750
26.3900 3691.2600
26.4000 3538.2150
26.4100 3578.8925
26.4200 3421.7575
26.4300 3454.4675
26.4400 3389.1750
26.4500 3483.1625
26.4600 3591.4325
26.4700 3546.3150
26.4800 3871.2325
26.4900 3570.6475
26.5000 3534.0125
26.5100 3594.5300
26.5200 3653.5125
26.5300 3566.6575
26.5400 3459.0825
26.5500 3450.0000
26.5600 3571.9950
26.5700 3529.9950
26.5800 3288.9400
26.5900 3297.1050
26.6000 3368.4450
26.6100 3397.8000
26.6200 3331.6450
26.6300 3287.0500
26.6400 3412.2825
26.6500 3220.3325
26.6600 3313.6300
26.6700 3536.9725
26.6800 3475.1125
26.6900 3451.5450
26.7000 3185.5525
26.7100 3211.1875
26.7200 3307.2150
26.7300 3218.6350
26.7400 3238.4775
26.7500 3219.0725
26.7600 3359.6625
26.7700 3412.6050
26.7800 3273.8575
26.7900 3273.3550
26.8000 3192.4300
26.8100 3265.8500
26.8200 3252.5100
26.8300 3160.1000
26.8400 3434.5000
26.8500 3309.5475
26.8600 3478.5925
26.8700 3305.7250
26.8800 3313.2025
26.8900 3324.1300
26.9000 3399.5750
26.9100 3445.5950
26.9200 3360.6275
26.9300 3275.5725
26.9400 3236.9150
26.9500 3352.2600
26.9600 3455.8025
26.9700 3474.0900
26.9800 3415.6550
26.9900 3452.8125
27.0000 3324.9800
27.0100 3145.4550
27.0200 3317.3675
27.0300 3215.9725
27.0400 3192.6100
27.0500 3213.8200
27.0600 3172.3925
27.0700 3137.1700
27.0800 3221.7675
27.0900 3233.3325
27.1000 3439.4050
27.1100 3304.8600
27.1200 3209.8350
27.1300 3200.0000
27.1400 3280.7425
27.1500 3291.6675
27.1600 3452.9375
27.1700 3321.1625
27.1800 3256.0750
27.1900 3440.2125
27.2000 3430.1125
27.2100 3330.0200
27.2200 3433.4875
27.2300 3515.6675
27.2400 3211.4625
27.2500 3341.5475
27.2600 3373.9475
27.2700 3331.3375
27.2800 3172.2850
27.2900 3229.9400
27.3000 3190.8300
27.3100 3292.1975
27.3200 3090.7525
27.3300 3225.0325
27.3400 3235.5150
27.3500 3052.3800
27.3600 3147.9650
27.3700 3166.6675
27.3800 3260.5725
27.3900 3188.3750
27.4000 3196.6425
27.4100 3308.1350
27.4200 3209.7325
27.4300 3213.2650
27.4400 3144.7225
27.4500 3327.4550
27.4600 3308.0400
27.4700 3156.4000
27.4800 3240.9600
27.4900 3229.6525
27.5000 3260.8275
27.5100 3302.4700
27.5200 3458.6050
27.5300 3240.2000
27.5400 3207.1450
27.5500 3215.4750
27.5600 3288.0325
27.5700 3442.6325
27.5800 3388.2725
27.5900 3375.0000
27.6000 3289.5950
27.6100 3196.7650
27.6200 3176.2250
27.6300 3118.1800
27.6400 3023.1600
27.6500 3022.5200
27.6600 3180.9400
27.6700 3286.2500
27.6800 3193.8225
27.6900 3252.8100
27.7000 3238.3925
27.7100 3247.4625
27.7200 3320.5925
27.7300 3432.0950
27.7400 3245.5625
27.7500 3151.9750
27.7600 3261.3450
27.7700 3402.9300
27.7800 3439.0600
27.7900 3308.1825
27.8000 3199.0850
27.8100 3337.6800
27.8200 3548.9525
27.8300 3457.2225
27.8400 3314.3100
27.8500 3242.6900
27.8600 3212.3575
27.8700 3166.4125
27.8800 3186.2625
27.8900 3261.4400
27.9000 3428.3950
27.9100 3541.9450
27.9200 3238.0425
27.9300 3230.6650
27.9400 3491.9825
27.9500 3583.3575
27.9600 3522.2300
27.9700 3508.3325
27.9800 3612.3425
27.9900 3723.4125
28.0000 3859.3800
28.0100 3855.6550
28.0200 3863.8300
28.0300 3915.0350
28.0400 3980.2400
28.0500 4074.4700
28.0600 4077.8750
28.0700 4095.6725
28.0800 4279.0325
28.0900 4598.7900
28.1000 4623.9525
28.1100 4664.7675
28.1200 4819.2000
28.1300 4966.6500
28.1400 4950.5250
28.1500 5181.4925
28.1600 5356.5875
28.1700 5629.6650
28.1800 5895.3050
28.1900 5586.3525
28.2000 5699.5225
28.2100 5925.8975
28.2200 5728.0175
28.2300 5852.1575
28.2400 5660.1625
28.2500 5662.7675
28.2600 5763.3900
28.2700 5864.8675
28.2800 5822.2250
28.2900 5604.7850
28.3000 5253.2275
28.3100 4980.0750
28.3200 5116.1375
28.3300 4941.8325
28.3400 4722.6450
28.3500 4507.6750
28.3600 4473.4175
28.3700 4555.9575
28.3800 4204.2075
28.3900 3934.7725
28.4000 4033.0400
28.4100 3985.9400
28.4200 3758.2700
28.4300 3681.4625
28.4400 3634.7225
28.4500 3584.7525
28.4600 3487.8575
28.4700 3473.3650
28.4800 3441.5325
28.4900 3399.8900
28.5000 3498.6100
28.5100 3331.3025
28.5200 3216.5900
28.5300 3420.0975
28.5400 3461.6700
28.5500 3571.5525
28.5600 3480.2075
28.5700 3423.3975
28.5800 3330.2750
28.5900 3268.4900
28.6000 3245.0625
28.6100 3261.5600
28.6200 3154.0200
28.6300 3151.4850
28.6400 3224.5000
28.6500 3268.1150
28.6600 3453.3925
28.6700 3295.3275
28.6800 3169.0950
28.6900 3110.4450
28.7000 3165.8800
28.7100 3051.6725
28.7200 3082.4500
28.7300 3119.7200
28.7400 2967.3525
28.7500 3062.8400
28.7600 3139.3550
28.7700 3012.3625
28.7800 2909.5050
28.7900 2937.4800
28.8000 3002.3175
28.8100 3068.9475
28.8200 2972.3200
28.8300 3019.9700
28.8400 3119.9125
28.8500 3102.5725
28.8600 3039.5800
28.8700 2992.4700
28.8800 2957.3275
28.8900 2917.5175
28.9000 2914.8250
28.9100 2916.6675
28.9200 3150.0200
28.9300 3326.7800
28.9400 3183.5775
28.9500 3178.6075
28.9600 3172.2775
28.9700 3140.8350
28.9800 2997.8175
28.9900 2997.0225
29.0000 3001.8900
29.0100 2961.3675
29.0200 2995.0375
29.0300 2944.0425
29.0400 3111.3025
29.0500 3192.3450
29.0600 3033.2225
29.0700 2989.7425
29.0800 3068.5250
29.0900 3110.8675
29.1000 2982.3650
29.1100 2980.0100
29.1200 2895.8825
29.1300 2955.9975
29.1400 2976.9575
29.1500 2892.1750
29.1600 2898.4975
29.1700 2965.5875
29.1800 3015.1175
29.1900 2999.5925
29.2000 3004.3600
29.2100 3090.7825
29.2200 2970.9075
29.2300 2874.3400
29.2400 2978.5600
29.2500 3073.5725
29.2600 2977.9425
29.2700 2929.0400
29.2800 2981.7750
29.2900 3056.7325
29.3000 3062.4025
29.3100 2982.8075
29.3200 2952.0450
29.3300 3081.9675
29.3400 3093.6025
29.3500 3102.1575
29.3600 3145.9500
29.3700 3120.7450
29.3800 2939.3150
29.3900 3064.7300
29.4000 3131.2500
29.4100 3227.0150
29.4200 3189.6875
29.4300 3060.6600
29.4400 3193.2325
29.4500 3063.2200
29.4600 3167.9700
29.4700 3050.9450
29.4800 3053.7800
29.4900 3236.3700
29.5000 3291.6675
29.5100 3403.2100
29.5200 3280.6750
29.5300 3274.4975
29.5400 3341.1250
29.5500 3345.9775
29.5600 3316.9775
29.5700 3382.3450
29.5800 3414.4950
29.5900 3453.6150
29.6000 3608.1875
29.6100 3769.0025
29.6200 3759.1850
29.6300 3944.2375
29.6400 3851.0575
29.6500 4171.6525
29.6600 4185.8550
29.6700 4276.2850
29.6800 4233.2875
29.6900 4536.0125
29.7000 4493.5125
29.7100 4463.8300
29.7200 4688.3150
29.7300 4888.4625
29.7400 4994.1825
29.7500 5144.3475
29.7600 5258.4925
29.7700 5368.3175
29.7800 5557.7000
29.7900 5810.6025
29.8000 6058.9475
29.8100 6118.9500
29.8200 6165.0325
29.8300 6249.7850
29.8400 6486.2625
29.8500 6578.7300
29.8600 6492.9400
29.8700 6476.3975
29.8800 6603.6625
29.8900 6475.6625
29.9000 6228.1325
29.9100 6314.3800
29.9200 6159.1100
29.9300 5799.3675
29.9400 5619.8225
29.9500 5579.7025
29.9600 5294.0675
29.9700 5045.9675
29.9800 5033.4400
29.9900 4900.9350
30.0000 4633.1475
30.0100 4454.7550
30.0200 4452.3550
30.0300 4496.3825
30.0400 4223.3075
30.0500 4369.3900
30.0600 4297.1550
30.0700 3993.9925
30.0800 3929.5925
30.0900 3841.1375
30.1000 3835.4500
30.1100 3826.3850
30.1200 3716.3900
30.1300 3456.9325
30.1400 3343.1125
30.1500 3162.7025
30.1600 3209.2450
30.1700 3604.9000
30.1800 3714.7850
30.1900 3506.4850
30.2000 3436.7175
30.2100 3429.9575
30.2200 3489.3425
30.2300 3458.2225
30.2400 3345.7425
30.2500 3448.3600
30.2600 3543.3100
30.2700 3569.9825
30.2800 3662.2950
30.2900 3502.3000
30.3000 3451.5250
30.3100 3414.4250
30.3200 3490.2625
30.3300 3458.0000
30.3400 3587.1175
30.3500 3739.3225
30.3600 3850.1400
30.3700 3767.8325
30.3800 3555.1050
30.3900 3454.5075
30.4000 3476.2275
30.4100 3601.0150
30.4200 3621.2500
30.4300 3751.9625
30.4400 3839.6275
30.4500 3958.9700
30.4600 4002.6025
30.4700 4011.4500
30.4800 3999.5050
30.4900 4083.1125
30.5000 4142.1300
30.5100 4366.8025
30.5200 4603.4750
30.5300 4609.7125
30.5400 4640.2375
30.5500 4774.6875
30.5600 4768.1975
30.5700 4906.2525
30.5800 5170.4550
30.5900 5326.3175
30.6000 5573.4275
30.6100 5861.6275
30.6200 6017.8050
30.6300 6219.3600
30.6400 6666.6200
30.6500 6886.7500
30.6600 7167.3275
30.6700 7831.6925
30.6800 8316.4775
30.6900 8610.3025
30.7000 9047.8325
30.7100 9311.9550
30.7200 9459.1350
30.7300 9771.3050
30.7400 10240.9950
30.7500 10413.9175
30.7600 10494.7875
30.7700 10934.7325
30.7800 11228.0225
30.7900 11191.5275
30.8000 11027.6825
30.8100 11011.1050
30.8200 11127.6800
30.8300 10919.9425
30.8400 10553.4600
30.8500 10245.1550
30.8600 10216.3550
30.8700 9741.7450
30.8800 9301.1900
30.8900 9103.5600
30.9000 8416.4250
30.9100 7926.5375
30.9200 7858.1650
30.9300 7493.0650
30.9400 6959.6775
30.9500 6728.4925
30.9600 6535.6325
30.9700 6143.4650
30.9800 5797.3950
30.9900 5448.6700
31.0000 5196.5775
31.0100 5007.9025
31.0200 4800.0075
31.0300 4594.3600
31.0400 4361.8525
31.0500 4253.2675
31.0600 4323.0875
31.0700 4301.5925
31.0800 4196.2350
31.0900 4039.2525
31.1000 3780.3250
31.1100 3723.6225
31.1200 3787.7825
31.1300 3808.3325
31.1400 3862.2050
31.1500 3789.4075
31.1600 3727.9575
31.1700 3590.7050
31.1800 3548.8675
31.1900 3523.7750
31.2000 3355.3750
31.2100 3296.4050
31.2200 3377.8350
31.2300 3352.5750
31.2400 3215.2850
31.2500 3131.6800
31.2600 3281.7625
31.2700 3199.4225
31.2800 3216.9375
31.2900 3224.9200
31.3000 3223.4975
31.3100 3082.6700
31.3200 2901.6550
31.3300 2871.1575
31.3400 3131.7000
31.3500 3132.4600
31.3600 2986.7100
31.3700 2876.2350
31.3800 2870.1800
31.3900 2933.7350
31.4000 2947.8275
31.4100 2925.9225
31.4200 2911.4225
31.4300 2897.8575
31.4400 2886.4350
31.4500 2846.7400
31.4600 2861.5550
31.4700 2987.6750
31.4800 2956.1850
31.4900 2775.0400
31.5000 2575.1650
31.5100 2707.8525
31.5200 2968.3025
31.5300 2941.0975
31.5400 2833.5550
31.5500 2979.1225
31.5600 2928.2275
31.5700 2874.6525
31.5800 2992.8750
31.5900 2905.6725
31.6000 2826.9650
31.6100 2828.1900
31.6200 2722.2225
31.6300 2776.4075
31.6400 2880.7700
31.6500 2946.1075
31.6600 2903.3500
31.6700 2735.6300
31.6800 2699.1925
31.6900 2663.7750
31.7000 2630.0975
31.7100 2775.9000
31.7200 2810.7175
31.7300 2810.5675
31.7400 2741.9675
31.7500 2698.5450
31.7600 2814.7050
31.7700 2923.8125
31.7800 2919.6725
31.7900 3011.0900
31.8000 2972.3600
31.8100 2834.4950
31.8200 2862.1375
31.8300 2893.2475
31.8400 2888.3575
31.8500 2816.4000
31.8600 2806.7675
31.8700 2818.3125
31.8800 2848.3475
31.8900 2889.9900
31.9000 2964.8850
31.9100 2958.4750
31.9200 2855.2725
31.9300 2838.1850
31.9400 2917.9725
31.9500 3062.5900
31.9600 3192.8450
31.9700 3114.4375
31.9800 2983.8475
31.9900 2974.7175
32.0000 3095.3625
32.0100 3324.5100
32.0200 3260.8800
32.0300 3082.6025
32.0400 3090.8325
32.0500 3311.6250
32.0600 3304.3025
32.0700 3144.6275
32.0800 3334.9650
32.0900 3597.7950
32.1000 3666.6675
32.1100 3715.4575
32.1200 3730.5050
32.1300 3604.6975
32.1400 3700.0625
32.1500 3883.2900
32.1600 3939.5575
32.1700 4182.6425
32.1800 4335.4750
32.1900 4305.6575
32.2000 4407.6000
32.2100 4718.4475
32.2200 4917.0700
32.2300 4922.4100
32.2400 4999.7025
32.2500 4980.2050
32.2600 5089.3950
32.2700 5274.1775
32.2800 5441.1325
32.2900 5576.3700
32.3000 5450.7150
32.3100 5347.6450
32.3200 5410.7525
32.3300 5354.8000
32.3400 5307.1050
32.3500 5405.7350
32.3600 5386.0250
32.3700 5097.5675
32.3800 4783.0175
32.3900 4651.3625
32.4000 4571.9500
32.4100 4440.1050
32.4200 4276.0725
32.4300 4200.0000
32.4400 4129.5025
32.4500 4028.0550
32.4600 3902.5775
32.4700 3805.2325
32.4800 3666.3850
32.4900 3509.5850
32.5000 3477.0000
32.5100 3412.4225
32.5200 3294.1275
32.5300 3366.2600
32.5400 3449.0425
32.5500 3172.5800
32.5600 2907.3600
32.5700 2954.6050
32.5800 2960.2800
32.5900 3005.2975
32.6000 3101.7800
32.6100 3093.6350
32.6200 3042.7950
32.6300 2929.3600
32.6400 2890.4600
32.6500 2902.9150
32.6600 2873.3525
32.6700 2872.0525
32.6800 2887.9000
32.6900 2882.5425
32.7000 2893.2250
32.7100 2921.9850
32.7200 3015.1450
32.7300 3074.2550
32.7400 3116.5400
32.7500 3162.8625
32.7600 3135.0075
32.7700 3027.0250
32.7800 2962.8450
32.7900 2984.6900
32.8000 3054.0050
32.8100 3158.4325
32.8200 3221.8000
32.8300 3233.3325
32.8400 3233.3325
32.8500 3094.6925
32.8600 2975.0000
32.8700 3068.6800
32.8800 3230.1975
32.8900 3402.3450
32.9000 3473.8900
32.9100 3387.3175
32.9200 3431.3875
32.9300 3555.9900
32.9400 3698.2925
32.9500 3932.4750
32.9600 4208.7650
32.9700 4446.9000
32.9800 4568.5250
32.9900 4679.0775
33.0000 4960.5975
33.0100 5079.8925
33.0200 4986.0350
33.0300 5176.8525
33.0400 5540.8575
33.0500 5783.2050
33.0600 5879.7275
33.0700 6087.3075
33.0800 6457.7100
33.0900 6715.7200
33.1000 6917.2500
33.1100 6985.7625
33.1200 7088.5125
33.1300 7375.9650
33.1400 7525.2825
33.1500 7847.3650
33.1600 8253.3650
33.1700 8349.7525
33.1800 8324.5275
33.1900 8120.0650
33.2000 8048.4925
33.2100 8167.0700
33.2200 7978.7800
33.2300 7847.1700
33.2400 7721.3350
33.2500 7609.5750
33.2600 7361.3575
33.2700 6753.5825
33.2800 6386.4775
33.2900 6194.2550
33.3000 5876.8825
33.3100 5658.0775
33.3200 5431.5575
33.3300 5166.1675
33.3400 4923.9350
33.3500 4544.8750
33.3600 4295.6825
33.3700 4262.5225
33.3800 4224.9750
33.3900 4100.0675
33.4000 3937.7025
33.4100 3812.6400
33.4200 3646.4950
33.4300 3566.3400
33.4400 3554.6625
33.4500 3318.3000
33.4600 3149.9100
33.4700 3232.4225
33.4800 3222.0200
33.4900 3079.9775
33.5000 3094.6725
33.5100 3133.9275
33.5200 2973.3125
33.5300 2870.2325
33.5400 2851.1025
33.5500 2795.9300
33.5600 2844.4875
33.5700 2879.7150
33.5800 2817.8200
33.5900 2783.0900
33.6000 2775.5100
33.6100 2730.1000
33.6200 2695.9725
33.6300 2735.9050
33.6400 2751.2075
33.6500 2616.4250
33.6600 2592.4125
33.6700 2687.3300
33.6800 2687.6750
33.6900 2687.3200
33.7000 2735.4450
33.7100 2723.7250
33.7200 2749.5975
33.7300 2818.3050
33.7400 2731.9050
33.7500 2611.8000
33.7600 2561.3875
33.7700 2669.9700
33.7800 2747.0075
33.7900 2677.8875
33.8000 2499.5600
33.8100 2452.2700
33.8200 2624.7675
33.8300 2680.4900
33.8400 2666.1250
33.8500 2651.6600
33.8600 2582.2775
33.8700 2587.6225
33.8800 2700.3325
33.8900 2731.2725
33.9000 2657.5450
33.9100 2673.8450
33.9200 2688.4400
33.9300 2566.7275
33.9400 2516.0050
33.9500 2505.8525
33.9600 2468.0400
33.9700 2453.8175
33.9800 2431.6550
33.9900 2468.4875
34.0000 2553.8000
34.0100 2588.6750
34.0200 2632.5725
34.0300 2618.9825
34.0400 2553.9225
34.0500 2448.0425
34.0600 2412.6200
34.0700 2522.1850
34.0800 2510.0050
34.0900 2474.8750
34.1000 2551.7175
34.1100 2529.6025
34.1200 2446.7700
34.1300 2416.9425
34.1400 2474.0100
34.1500 2534.3350
34.1600 2664.8025
34.1700 2635.3075
34.1800 2567.6225
34.1900 2595.1525
34.2000 2615.9350
34.2100 2612.6900
34.2200 2682.9700
34.2300 2728.6575
34.2400 2704.1250
34.2500 2681.2450
34.2600 2772.7700
34.2700 2844.8725
34.2800 2816.6675
34.2900 2776.8500
34.3000 2768.3625
34.3100 2897.1450
34.3200 2901.6400
34.3300 2783.3325
34.3400 2772.5675
34.3500 2815.6500
34.3600 2866.6350
34.3700 2886.8800
34.3800 2972.5875
34.3900 3077.0375
34.4000 3195.2175
34.4100 3125.5650
34.4200 2996.6950
34.4300 3057.2275
34.4400 3177.5650
34.4500 3207.6025
34.4600 3362.8250
34.4700 3476.3200
34.4800 3575.1750
34.4900 3718.0125
34.5000 3781.5725
34.5100 4005.1775
34.5200 4133.3000
34.5300 4057.6575
34.5400 4106.0400
34.5500 4242.8925
34.5600 4339.9600
34.5700 4373.9025
34.5800 4383.4225
34.5900 4459.8050
34.6000 4460.2725
34.6100 4464.7475
34.6200 4439.7675
34.6300 4476.0700
34.6400 4482.0350
34.6500 4318.8875
34.6600 4177.6050
34.6700 4040.7550
34.6800 3995.6275
34.6900 4105.2950
34.7000 3948.4225
34.7100 3616.4675
34.7200 3586.7475
34.7300 3663.4300
34.7400 3696.6625
34.7500 3625.0300
34.7600 3516.9800
34.7700 3378.4100
34.7800 3242.5575
34.7900 3053.4600
34.8000 2974.0250
34.8100 2883.3325
34.8200 2853.7975
34.8300 2778.8550
34.8400 2798.7100
34.8500 2886.9500
34.8600 2772.2500
34.8700 2650.9950
34.8800 2788.9475
34.8900 2883.4150
34.9000 2727.0750
34.9100 2628.2225
34.9200 2642.9825
34.9300 2680.8025
34.9400 2684.6325
34.9500 2716.4475
34.9600 2805.3375
34.9700 2730.1500
34.9800 2744.0625
34.9900 2743.2975
35.0000 2751.7775
35.0100 2793.1725
35.0200 2659.0425
35.0300 2676.5525
35.0400 2816.6675
35.0500 2779.1000
35.0600 2741.6575
35.0700 2767.7475
35.0800 2642.1250
35.0900 2506.0400
35.1000 2694.6175
35.1100 2844.6425
35.1200 2612.7275
35.1300 2530.0100
35.1400 2721.9375
35.1500 2773.7700
35.1600 2684.7125
35.1700 2725.4450
35.1800 2844.7100
35.1900 2834.8150
35.2000 2862.8825
35.2100 2973.4525
35.2200 2927.5925
35.2300 2818.0625
35.2400 2834.9825
35.2500 2769.3750
35.2600 2744.8500
35.2700 2842.9000
35.2800 2860.1175
35.2900 2871.9400
35.3000 2873.5200
35.3100 2747.0450
35.3200 2836.0475
35.3300 3034.8175
35.3400 3039.2975
35.3500 3040.3450
35.3600 3250.1100
35.3700 3285.4500
35.3800 3167.4500
35.3900 3284.1500
35.4000 3427.1925
35.4100 3397.1125
35.4200 3394.5475
35.4300 3434.4925
35.4400 3568.8200
35.4500 3728.6050
35.4600 3794.7475
35.4700 3791.0450
35.4800 3784.2675
35.4900 3994.1575
35.5000 4255.7975
35.5100 4331.2625
35.5200 4441.8750
35.5300 4561.9700
35.5400 4786.5075
35.5500 4944.7075
35.5600 5072.2775
35.5700 5205.5575
35.5800 5571.7525
35.5900 5919.5975
35.6000 5921.7450
35.6100 6083.0000
35.6200 6259.7225
35.6300 6573.6250
35.6400 6774.7075
35.6500 6811.0550
35.6600 6767.7950
35.6700 6821.0325
35.6800 7230.8050
35.6900 7397.8075
35.7000 7245.4725
35.7100 6911.8475
35.7200 6745.7575
35.7300 6947.6400
35.7400 7139.1975
35.7500 6943.9300
35.7600 6759.6725
35.7700 6377.5775
35.7800 5946.4875
35.7900 5901.5350
35.8000 5710.2650
35.8100 5568.5975
35.8200 5369.2950
35.8300 5200.2775
35.8400 5016.6675
35.8500 4866.9525
35.8600 4517.8875
35.8700 4365.2500
35.8800 4087.2000
35.8900 4101.7300
35.9000 4149.0875
35.9100 3916.5625
35.9200 3644.9375
35.9300 3560.1300
35.9400 3341.3250
35.9500 3240.0600
35.9600 3252.4750
35.9700 3127.6300
35.9800 2916.0300
35.9900 2873.7325
36.0000 3013.2825
36.0100 2983.0650
36.0200 2898.0900
36.0300 2849.9525
36.0400 2672.0050
36.0500 2727.4375
36.0600 2726.0425
36.0700 2732.5675
36.0800 2772.3375
36.0900 2703.3200
36.1000 2676.4175
36.1100 2708.1450
36.1200 2591.5800
36.1300 2524.9925
36.1400 2569.0400
36.1500 2608.1150
36.1600 2715.2475
36.1700 2713.8825
36.1800 2560.6775
36.1900 2524.6175
36.2000 2442.2825
36.2100 2499.0475
36.2200 2560.6200
36.2300 2716.4375
36.2400 2507.1750
36.2500 2451.0475
36.2600 2562.2275
36.2700 2603.0025
36.2800 2496.3000
36.2900 2362.6350
36.3000 2548.9250
36.3100 2640.3525
36.3200 2571.5025
36.3300 2496.5700
36.3400 2423.8625
36.3500 2366.1275
36.3600 2315.1375
36.3700 2272.5125
36.3800 2371.5075
36.3900 2403.9575
36.4000 2334.9625
36.4100 2172.8275
36.4200 2220.8150
36.4300 2422.4875
36.4400 2534.6725
36.4500 2473.0975
36.4600 2474.5775
36.4700 2450.5425
36.4800 2491.0625
36.4900 2372.6450
36.5000 2344.0450
36.5100 2435.4925
36.5200 2508.4850
36.5300 2616.6650
36.5400 2552.1350
36.5500 2510.4025
36.5600 2549.6375
36.5700 2701.3300
36.5800 2876.7425
36.5900 2900.7250
36.6000 2787.8175
36.6100 2723.7025
36.6200 2675.9250
36.6300 2799.3950
36.6400 2888.0000
36.6500 3032.2425
36.6600 3064.6700
36.6700 2978.3825
36.6800 3120.4575
36.6900 3005.3825
36.7000 3006.1525
36.7100 3169.9500
36.7200 3043.8100
36.7300 3197.0600
36.7400 3373.7100
36.7500 3237.2600
36.7600 3208.6450
36.7700 3378.5050
36.7800 3484.4625
36.7900 3522.3225
36.8000 3479.7200
36.8100 3242.3625
36.8200 3169.5025
36.8300 3226.8725
36.8400 3262.1275
36.8500 3150.9800
36.8600 3103.0325
36.8700 3025.0000
36.8800 2992.3275
36.8900 2858.7350
36.9000 2852.1875
36.9100 2978.9550
36.9200 2744.6475
36.9300 2733.8800
36.9400 2731.3000
36.9500 2622.8850
36.9600 2708.3325
36.9700 2706.5875
36.9800 2684.3675
36.9900 2628.4575
37.0000 2655.4375
37.0100 2686.0600
37.0200 2610.2325
37.0300 2633.0250
37.0400 2556.5275
37.0500 2535.1650
37.0600 2643.4850
37.0700 2778.3350
37.0800 2758.3325
37.0900 2692.3300
37.1000 2451.2750
37.1100 2600.8225
37.1200 2750.6050
37.1300 2640.2900
37.1400 2635.4275
37.1500 2776.9250
37.1600 2759.5675
37.1700 2806.3450
37.1800 2819.1275
37.1900 2758.3325
37.2000 2761.4575
37.2100 2771.8925
37.2200 2764.5175
37.2300 2774.7450
37.2400 2758.1500
37.2500 3022.7550
37.2600 3072.7125
37.2700 3185.5425
37.2800 3212.3600
37.2900 3110.7075
37.3000 3077.4050
37.3100 3038.2100
37.3200 3059.5500
37.3300 3425.4125
37.3400 3482.6100
37.3500 3600.1325
37.3600 3797.1325
37.3700 3787.6075
37.3800 3859.3425
37.3900 4133.6925
37.4000 4269.5375
37.4100 4345.8875
37.4200 4506.7550
37.4300 4799.9225
37.4400 4910.0625
37.4500 5277.3700
37.4600 5423.6550
37.4700 5708.5825
37.4800 5910.0350
37.4900 6065.9225
37.5000 6151.3175
37.5100 6176.6800
37.5200 6258.0725
37.5300 6169.2550
37.5400 6205.1900
37.5500 6317.3350
37.5600 6325.7625
37.5700 6586.9000
37.5800 6427.8400
37.5900 6203.3575
37.6000 6175.0000
37.6100 6198.3250
37.6200 6263.8350
37.6300 5830.4825
37.6400 5614.9550
37.6500 5320.2750
37.6600 5376.2500
37.6700 5262.1375
37.6800 5115.7950
37.6900 4966.5450
37.7000 4661.0850
37.7100 4326.6275
37.7200 4079.5425
37.7300 4099.3150
37.7400 4022.6475
37.7500 3885.5650
37.7600 3736.5725
37.7700 3347.6625
37.7800 3187.2825
37.7900 3309.9275
37.8000 3205.1300
37.8100 3181.2150
37.8200 3157.2075
37.8300 3058.3025
37.8400 2823.9650
37.8500 2832.0525
37.8600 2905.0500
37.8700 2641.6675
37.8800 2656.6675
37.8900 2767.6575
37.9000 2770.0850
37.9100 2721.6400
37.9200 2629.4700
37.9300 2602.8725
37.9400 2600.3300
37.9500 2412.0950
37.9600 2444.4625
37.9700 2452.8200
37.9800 2342.5800
37.9900 2375.3625
38.0000 2589.6150
38.0100 2637.2250
38.0200 2599.1200
38.0300 2569.0125
38.0400 2376.7250
38.0500 2388.2500
38.0600 2347.3450
38.0700 2251.6725
38.0800 2269.9775
38.0900 2301.6375
38.1000 2307.7500
38.1100 2237.8300
38.1200 2366.2650
38.1300 2434.6075
38.1400 2360.4600
38.1500 2309.2025
38.1600 2407.5825
38.1700 2491.5775
38.1800 2565.3700
38.1900 2468.8625
38.2000 2459.1250
38.2100 2129.5250
38.2200 2284.3050
38.2300 2463.1550
38.2400 2331.2700
38.2500 2315.8025
38.2600 2406.7025
38.2700 2469.4425
38.2800 2299.8500
38.2900 2212.8750
38.3000 2362.8575
38.3100 2313.5375
38.3200 2275.6175
38.3300 2299.1475
38.3400 2474.2275
38.3500 2143.4375
38.3600 2164.3400
38.3700 2139.6325
38.3800 2222.7450
38.3900 2208.8625
38.4000 2443.9975
38.4100 2357.7975
38.4200 2345.2500
38.4300 2277.5950
38.4400 2319.7275
38.4500 2360.6550
38.4600 2271.5850
38.4700 2344.6875
38.4800 2257.8600
38.4900 2256.0450
38.5000 2358.7900
38.5100 2368.0075
38.5200 2388.1650
38.5300 2331.0025
38.5400 2437.4700
38.5500 2350.5325
38.5600 2210.4400
38.5700 2407.2475
38.5800 2217.0500
38.5900 2223.8775
38.6000 2202.5550
38.6100 2262.2500
38.6200 2346.5300
38.6300 2259.2350
38.6400 2086.2900
38.6500 2164.4025
38.6600 2315.4250
38.6700 2282.4300
38.6800 2263.2975
38.6900 2393.4975
38.7000 2206.9650
38.7100 2169.8400
38.7200 2258.2475
38.7300 1995.6025
38.7400 2129.0250
38.7500 2270.0775
38.7600 2391.0125
38.7700 2358.9350
38.7800 2057.5350
38.7900 2030.7125
38.8000 2279.1650
38.8100 2464.2600
38.8200 2349.5125
38.8300 2323.0075
38.8400 2219.8325
38.8500 2399.5950
38.8600 2372.6200
38.8700 2217.2475
38.8800 2260.4650
38.8900 2425.0000
38.9000 2423.2425
38.9100 2258.8050
38.9200 2308.6775
38.9300 2348.7475
38.9400 2176.3575
38.9500 2399.3050
38.9600 2258.3650
38.9700 2267.1075
38.9800 2433.3825
38.9900 2466.6350
39.0000 2383.3975
39.0100 2391.6500
39.0200 2441.5150
39.0300 2391.8750
39.0400 2598.8950
39.0500 2558.6025
39.0600 2318.5000
39.0700 2341.4475
39.0800 2638.7050
39.0900 2443.8700
39.1000 2375.8100
39.1100 2407.8900
39.1200 2391.9075
39.1300 2375.2600
39.1400 2440.5500
39.1500 2449.8500
39.1600 2597.1400
39.1700 2681.6500
39.1800 2454.9850
39.1900 2450.0000
39.2000 2726.6250
39.2100 2668.3225
39.2200 2626.0825
39.2300 2470.9650
39.2400 2385.6925
39.2500 2625.9650
39.2600 2673.7225
39.2700 2771.8200
39.2800 2758.8825
39.2900 2677.8450
39.3000 2699.1175
39.3100 2892.7075
39.3200 2908.0200
39.3300 2900.3225
39.3400 2900.0000
39.3500 3019.8575
39.3600 3216.5375
39.3700 3121.3775
39.3800 3148.5100
39.3900 3253.3675
39.4000 3345.6900
39.4100 3381.7275
39.4200 3525.9250
39.4300 3430.4775
39.4400 3851.7150
39.4500 3875.0000
39.4600 3796.1750
39.4700 4004.2250
39.4800 4150.3325
39.4900 4056.2475
39.5000 4253.9150
39.5100 4423.3250
39.5200 4574.1475
39.5300 4598.9600
39.5400 4849.7000
39.5500 4796.5275
39.5600 4737.1850
39.5700 4818.8400
39.5800 5042.3725
39.5900 5035.0725
39.6000 4847.4950
39.6100 5042.1325
39.6200 4872.9750
39.6300 4727.2075
39.6400 4624.2275
39.6500 4693.5975
39.6600 4423.4075
39.6700 4277.2325
39.6800 4343.2975
39.6900 4395.9175
39.7000 4231.8575
39.7100 4147.9725
39.7200 4179.7800
39.7300 3817.9350
39.7400 3616.0825
39.7500 3615.1850
39.7600 3358.8775
39.7700 3393.9075
39.7800 3392.4375
39.7900 3104.7075
39.8000 2795.9700
39.8100 2849.5100
39.8200 2971.1475
39.8300 3005.8650
39.8400 2858.3225
39.8500 2789.2350
39.8600 2730.9725
39.8700 2792.2275
39.8800 2837.2975
39.8900 2729.9275
39.9000 2500.9350
39.9100 2556.7150
39.9200 2737.2900
39.9300 2817.5975
39.9400 2580.8725
39.9500 2572.1625
39.9600 2493.8525
39.9700 2520.1675
39.9800 2495.5750
39.9900 2469.6275
40.0000 2481.3375
40.0100 2519.9600
40.0200 2429.9050
40.0300 2255.9675
40.0400 2342.7450
40.0500 2423.8875
40.0600 2593.3450
40.0700 2551.3025
40.0800 2512.6575
40.0900 2573.5100
40.1000 2633.9525
40.1100 2583.9000
40.1200 2632.6825
40.1300 2569.6675
40.1400 2428.9225
40.1500 2501.6600
40.1600 2531.0025
40.1700 2425.9650
40.1800 2522.6900
40.1900 2634.4450
40.2000 2550.2325
40.2100 2462.1775
40.2200 2506.8400
40.2300 2637.2725
40.2400 2693.7525
40.2500 2657.5600
40.2600 2642.9375
40.2700 2592.3025
40.2800 2611.4975
40.2900 2686.9725
40.3000 2587.6800
40.3100 2475.5450
40.3200 2507.3225
40.3300 2502.6900
40.3400 2681.4075
40.3500 2723.6325
40.3600 2599.7975
40.3700 2672.2300
40.3800 2712.4700
40.3900 2626.6600
40.4000 2559.9450
40.4100 2750.1575
40.4200 2619.3875
40.4300 2707.1800
40.4400 2589.0725
40.4500 2798.3900
40.4600 2747.2800
40.4700 2827.5575
40.4800 2822.6950
40.4900 2714.4350
40.5000 2793.7350
40.5100 2952.5400
40.5200 3166.4700
40.5300 3120.2975
40.5400 3262.2650
40.5500 3408.0025
40.5600 3372.6800
40.5700 3465.9850
40.5800 3458.0800
40.5900 3631.0700
40.6000 3989.6825
40.6100 3932.9800
40.6200 3846.6125
40.6300 3720.0725
40.6400 3917.8150
40.6500 4220.6950
40.6600 4581.6550
40.6700 4770.8450
40.6800 4806.6075
40.6900 4669.8125
40.7000 4837.4725
40.7100 5082.3150
40.7200 5238.3400
40.7300 5194.5950
40.7400 5430.0900
40.7500 5519.5900
40.7600 5531.5175
40.7700 5715.5400
40.7800 5870.6075
40.7900 6088.0675
40.8000 6180.5100
40.8100 6049.4850
40.8200 6053.4950
40.8300 6021.5850
40.8400 5892.6075
40.8500 5941.7675
40.8600 5806.5000
40.8700 5585.6550
40.8800 5692.9375
40.8900 5359.2900
40.9000 5235.3050
40.9100 5036.4700
40.9200 4860.8950
40.9300 4894.6050
40.9400 4695.5900
40.9500 4290.8275
40.9600 4208.5075
40.9700 4160.1250
40.9800 3959.8050
40.9900 3737.2450
41.0000 3633.3450
41.0100 3635.3775
41.0200 3716.3750
41.0300 3611.1675
41.0400 3442.6100
41.0500 3214.2600
41.0600 3162.3600
41.0700 3030.9600
41.0800 3001.8050
41.0900 2983.7500
41.1000 2882.9900
41.1100 2819.3875
41.1200 2753.3350
41.1300 2733.3325
41.1400 2593.3075
41.1500 2602.4325
41.1600 2831.2075
41.1700 2932.5475
41.1800 2947.7075
41.1900 2660.5475
41.2000 2537.9625
41.2100 2641.4600
41.2200 2719.3050
41.2300 2697.4300
41.2400 2617.6400
41.2500 2561.8625
41.2600 2710.6225
41.2700 2638.4425
41.2800 2476.6725
41.2900 2356.4525
41.3000 2608.3075
41.3100 2666.0950
41.3200 2412.3925
41.3300 2498.5475
41.3400 2615.9875
41.3500 2639.1775
41.3600 2513.3650
41.3700 2371.0325
41.3800 2426.2675
41.3900 2507.2425
41.4000 2582.8475
41.4100 2700.7000
41.4200 2603.4000
41.4300 2478.4250
41.4400 2375.4125
41.4500 2318.7650
41.4600 2416.8950
41.4700 2483.7725
41.4800 2514.4275
41.4900 2473.8975
41.5000 2472.6650
41.5100 2505.9500
41.5200 2386.8925
41.5300 2454.4975
41.5400 2555.9950
41.5500 2625.4575
41.5600 2526.9225
41.5700 2366.1825
41.5800 2405.7950
41.5900 2444.4425
41.6000 2408.3875
41.6100 2507.8900
41.6200 2478.3075
41.6300 2323.1250
41.6400 2321.6500
41.6500 2393.8900
41.6600 2389.2950
41.6700 2391.3850
41.6800 2438.1500
41.6900 2393.0800
41.7000 2390.8875
41.7100 2413.7475
41.7200 2319.4400
41.7300 2261.2775
41.7400 2328.2350
41.7500 2377.3975
41.7600 2367.2750
41.7700 2299.5875
41.7800 2410.5325
41.7900 2427.8725
41.8000 2328.0200
41.8100 2318.1250
41.8200 2365.0100
41.8300 2446.5375
41.8400 2362.4725
41.8500 2234.0000
41.8600 2320.2950
41.8700 2360.3600
41.8800 2268.7875
41.8900 2162.6800
41.9000 2042.1050
41.9100 2126.0475
41.9200 2249.5825
41.9300 2331.5825
41.9400 2392.3225
41.9500 2387.8575
41.9600 2242.2300
41.9700 2260.2175
41.9800 2401.2250
41.9900 2399.3075
42.0000 2321.1550
42.0100 2367.3325
42.0200 2446.8575
42.0300 2562.0350
42.0400 2564.9175
42.0500 2410.1300
42.0600 2388.1325
42.0700 2385.2450
42.0800 2442.5975
42.0900 2529.6650
42.1000 2431.6425
42.1100 2374.5950
42.1200 2308.2575
42.1300 2362.5575
42.1400 2470.9550
42.1500 2486.7975
42.1600 2493.0450
42.1700 2393.4475
42.1800 2258.7000
42.1900 2346.7525
42.2000 2465.6925
42.2100 2540.8450
42.2200 2559.4350
42.2300 2446.3250
42.2400 2346.4725
42.2500 2339.2250
42.2600 2354.7300
42.2700 2377.1975
42.2800 2438.7000
42.2900 2535.9775
42.3000 2485.1000
42.3100 2417.6625
42.3200 2485.4775
42.3300 2528.6950
42.3400 2515.7475
42.3500 2489.8800
42.3600 2461.1975
42.3700 2624.3400
42.3800 2601.9675
42.3900 2393.6725
42.4000 2374.2750
42.4100 2435.5500
42.4200 2485.4725
42.4300 2508.3325
42.4400 2503.8350
42.4500 2468.6100
42.4600 2508.7375
42.4700 2682.5850
42.4800 2716.6525
42.4900 2676.0625
42.5000 2709.3450
42.5100 2738.2200
42.5200 2666.5275
42.5300 2639.8500
42.5400 2683.3325
42.5500 2687.6875
42.5600 2609.1900
42.5700 2624.2175
42.5800 2803.2575
42.5900 2900.2700
42.6000 2946.9300
42.6100 2953.4075
42.6200 2754.5175
42.6300 2727.6325
42.6400 2858.3325
42.6500 2904.7800
42.6600 2945.7900
42.6700 3017.1950
42.6800 2982.9150
42.6900 2895.8475
42.7000 2987.3225
42.7100 3103.9075
42.7200 3083.9250
42.7300 3045.4825
42.7400 3005.2475
42.7500 2896.5250
42.7600 2866.4850
42.7700 2927.8200
42.7800 3064.3275
42.7900 3226.6900
42.8000 3231.8975
42.8100 3170.0475
42.8200 3115.7400
42.8300 3029.3500
42.8400 3025.0000
42.8500 2957.7500
42.8600 2887.2750
42.8700 2844.5200
42.8800 2791.6675
42.8900 2850.1975
42.9000 2901.1125
42.9100 2883.3325
42.9200 2968.2850
42.9300 3005.1000
42.9400 2948.6700
42.9500 2947.5625
42.9600 3001.1450
42.9700 3171.3325
42.9800 3285.5675
42.9900 3304.5675
43.0000 3262.4725
43.0100 3231.6225
43.0200 3339.4125
43.0300 3464.8475
43.0400 3394.5775
43.0500 3272.2800
43.0600 3320.7375
43.0700 3487.7700
43.0800 3556.2800
43.0900 3500.0000
43.1000 3503.6150
43.1100 3598.3850
43.1200 3759.7275
43.1300 3848.8375
43.1400 4123.1150
43.1500 4408.5050
43.1600 4420.9300
43.1700 4500.9300
43.1800 4591.6050
43.1900 4795.0650
43.2000 4922.1775
43.2100 5018.4250
43.2200 5298.0325
43.2300 5586.4950
43.2400 5915.9100
43.2500 6099.2325
43.2600 6294.1050
43.2700 6586.3150
43.2800 6839.4575
43.2900 7078.7325
43.3000 7280.1475
43.3100 7474.8650
43.3200 7649.3125
43.3300 7836.2600
43.3400 8006.5475
43.3500 8421.9175
43.3600 8934.8525
43.3700 9317.1000
43.3800 9589.2500
43.3900 9724.5700
43.4000 9809.7825
43.4100 9825.3825
43.4200 10006.8025
43.4300 9905.8250
43.4400 9770.5075
43.4500 9766.7325
43.4600 9973.8000
43.4700 9861.9425
43.4800 9623.1075
43.4900 9779.3875
43.5000 9754.4300
43.5100 9538.5000
43.5200 9565.8250
43.5300 9700.8950
43.5400 9529.3800
43.5500 9279.1075
43.5600 9197.1125
43.5700 9223.0825
43.5800 9343.1250
43.5900 9135.1500
43.6000 8970.8700
43.6100 8902.1750
43.6200 8823.0850
43.6300 8615.9475
43.6400 8368.3575
43.6500 8240.5300
43.6600 8068.1775
43.6700 8023.4225
43.6800 8032.0275
43.6900 7510.8125
43.7000 7097.5600
43.7100 6855.8625
43.7200 6720.3225
43.7300 6586.2175
43.7400 6496.3950
43.7500 6201.2300
43.7600 5817.7425
43.7700 5530.3300
43.7800 5389.3900
43.7900 5269.0750
43.8000 5066.2025
43.8100 5031.1650
43.8200 4859.6050
43.8300 4622.4325
43.8400 4328.8400
43.8500 4148.5075
43.8600 4023.1675
43.8700 4050.1625
43.8800 3818.2425
43.8900 3752.4000
43.9000 3772.0950
43.9100 3654.3600
43.9200 3617.6600
43.9300 3531.9075
43.9400 3340.0800
43.9500 3301.4250
43.9600 3306.9800
43.9700 3127.4900
43.9800 3125.4475
43.9900 3293.2375
44.0000 3240.3175
44.0100 3267.5850
44.0200 3248.0000
44.0300 3101.3675
44.0400 3016.6675
44.0500 3016.6675
44.0600 2942.7950
44.0700 2797.2550
44.0800 2987.5450
44.0900 3043.4075
44.1000 2873.4750
44.1100 2781.4900
44.1200 2821.4850
44.1300 2896.1350
44.1400 2924.8600
44.1500 2887.3800
44.1600 2858.3525
44.1700 2893.7000
44.1800 2887.9525
44.1900 2826.0750
44.2000 2977.2500
44.2100 3008.6525
44.2200 3136.7025
44.2300 3059.5075
44.2400 3102.8950
44.2500 3085.6625
44.2600 3192.4325
44.2700 3276.9025
44.2800 3317.1025
44.2900 3199.1700
44.3000 3359.1625
44.3100 3402.1750
44.3200 3623.2150
44.3300 3561.9925
44.3400 3620.3675
44.3500 3779.7350
44.3600 3777.3700
44.3700 3860.8825
44.3800 4093.3775
44.3900 4410.8275
44.4000 4610.6625
44.4100 4478.0100
44.4200 4406.3925
44.4300 4365.1825
44.4400 4591.3150
44.4500 4968.6325
44.4600 4824.4750
44.4700 4718.3725
44.4800 5191.2325
44.4900 5393.6675
44.5000 5404.2950
44.5100 5554.2475
44.5200 5584.5200
44.5300 5912.6975
44.5400 5664.6700
44.5500 5469.6475
44.5600 5467.1150
44.5700 5423.7600
44.5800 5540.3650
44.5900 5333.6025
44.6000 5110.7450
44.6100 5062.8275
44.6200 5354.2925
44.6300 5165.3825
44.6400 4726.5875
44.6500 4723.6675
44.6600 4823.1500
44.6700 4430.9950
44.6800 4262.7550
44.6900 4158.8925
44.7000 4203.3150
44.7100 4142.7925
44.7200 3949.7725
44.7300 3886.7225
44.7400 3785.7000
44.7500 3598.2850
44.7600 3282.1750
44.7700 3281.8625
44.7800 3341.9150
44.7900 3434.4350
44.8000 3297.1700
44.8100 3060.4925
44.8200 3061.1700
44.8300 2980.2900
44.8400 3052.2975
44.8500 2880.4900
44.8600 2809.0000
44.8700 2848.4325
44.8800 2651.9350
44.8900 2662.8600
44.9000 2638.9475
44.9100 2688.8525
44.9200 2754.1175
44.9300 2916.1250
44.9400 2825.9825
44.9500 2712.1925
44.9600 2902.5750
44.9700 3013.9900
44.9800 3116.6550
44.9900 2895.1925
45.0000 3023.8225
45.0100 3159.0775
45.0200 3014.8400
45.0300 3182.6325
45.0400 3358.5125
45.0500 3441.6825
45.0600 3350.6775
45.0700 3358.9950
45.0800 3368.6000
45.0900 3410.5050
45.1000 3637.3850
45.1100 3579.7625
45.1200 3540.8600
45.1300 3657.9800
45.1400 3877.8725
45.1500 3811.1250
45.1600 3964.2200
45.1700 3796.5225
45.1800 3736.3825
45.1900 3657.4225
45.2000 3796.3100
45.2100 4026.7250
45.2200 4071.5975
45.2300 4310.6725
45.2400 4028.8150
45.2500 4107.9675
45.2600 4089.5500
45.2700 3850.0000
45.2800 3851.5750
45.2900 3897.3400
45.3000 4048.3075
45.3100 3992.8375
45.3200 3777.7350
45.3300 3869.4500
45.3400 3965.8050
45.3500 3929.5575
45.3600 3775.5450
45.3700 3800.1650
45.3800 3807.7400
45.3900 3776.0550
45.4000 3841.2075
45.4100 3805.7775
45.4200 3591.3400
45.4300 3557.8800
45.4400 3499.3775
45.4500 3392.1625
45.4600 3524.7725
45.4700 3391.7100
45.4800 3300.2150
45.4900 3142.3575
45.5000 3298.9875
45.5100 3118.2125
45.5200 3001.2200
45.5300 3148.1275
45.5400 2878.9950
45.5500 2825.8275
45.5600 2988.5675
45.5700 2942.6975
45.5800 2738.0575
45.5900 2830.8600
45.6000 2800.8925
45.6100 2646.2275
45.6200 2706.2750
45.6300 2603.5650
45.6400 2656.2950
45.6500 2674.3825
45.6600 2498.8300
45.6700 2411.7600
45.6800 2392.3875
45.6900 2495.0975
45.7000 2388.8525
45.7100 2407.1000
45.7200 2281.8575
45.7300 2298.6625
45.7400 2221.2975
45.7500 2444.4025
45.7600 2168.4125
45.7700 2267.2775
45.7800 2196.9875
45.7900 2269.5050
45.8000 2259.4675
45.8100 2149.8450
45.8200 2141.6675
45.8300 2288.2425
45.8400 2115.2700
45.8500 2153.7575
45.8600 2158.3325
45.8700 2181.2675
45.8800 2137.5700
45.8900 2057.2325
45.9000 2103.1475
45.9100 2199.2325
45.9200 2132.7575
45.9300 2087.3000
45.9400 2090.8550
45.9500 2099.1725
45.9600 2122.4625
45.9700 2057.7725
45.9800 2251.2100
45.9900 2245.2625
46.0000 2219.4150
46.0100 2127.8750
46.0200 2050.2300
46.0300 1923.8400
46.0400 2062.6075
46.0500 2119.9775
46.0600 2029.9575
46.0700 2075.0125
46.0800 2134.2625
46.0900 2141.6675
46.1000 2163.3875
46.1100 2202.7775
46.1200 2172.3100
46.1300 2202.6000
46.1400 2222.6700
46.1500 2139.1875
46.1600 2053.6675
46.1700 2191.0900
46.1800 2245.0575
46.1900 2186.2825
46.2000 2146.7525
46.2100 2169.8425
46.2200 2175.0000
46.2300 2203.0325
46.2400 2257.2625
46.2500 2169.0600
46.2600 2115.2300
46.2700 2080.5900
46.2800 2081.9175
46.2900 2131.6325
46.3000 2093.4925
46.3100 2069.6050
46.3200 2066.6675
46.3300 2032.5275
46.3400 1936.4775
46.3500 2038.9125
46.3600 2066.6675
46.3700 2147.7275
46.3800 2058.8750
46.3900 1986.3025
46.4000 2015.2025
46.4100 1958.1775
46.4200 1954.9950
46.4300 1971.6250
46.4400 1895.4700
46.4500 2053.4500
46.4600 2284.5475
46.4700 2326.7600
46.4800 2207.0200
46.4900 2076.9600
46.5000 2063.0350
46.5100 2073.1650
46.5200 2029.6325
46.5300 2074.8300
46.5400 2033.6700
46.5500 2145.1825
46.5600 2093.6300
46.5700 2098.6100
46.5800 2051.0000
46.5900 2084.1475
46.6000 2074.6675
46.6100 2224.5375
46.6200 2167.9625
46.6300 2227.5000
46.6400 2264.5925
46.6500 2166.8150
46.6600 2127.1125
46.6700 2100.1850
46.6800 2017.4475
46.6900 1967.0025
46.7000 1989.0700
46.7100 2030.6450
46.7200 2151.6500
46.7300 2209.9425
46.7400 2180.2300
46.7500 2130.3425
46.7600 2219.2675
46.7700 2113.9350
46.7800 2130.3075
46.7900 2158.3325
46.8000 2104.6900
46.8100 2059.5675
46.8200 2038.1550
46.8300 2080.5625
46.8400 2041.1500
46.8500 1975.6050
46.8600 2034.3450
46.8700 2142.4325
46.8800 2163.3825
46.8900 2152.5425
46.9000 2161.5425
46.9100 2178.1725
46.9200 2194.8000
46.9300 2182.8575
46.9400 2106.6550
46.9500 2052.2950
46.9600 1973.7775
46.9700 1919.1125
46.9800 1953.2875
46.9900 2008.6000
47.0000 1952.4475
47.0100 2094.6475
47.0200 2211.0475
47.0300 2109.0025
47.0400 2099.5400
47.0500 2081.1175
47.0600 2058.3325
47.0700 2123.6950
47.0800 2049.7800
47.0900 2099.8350
47.1000 2174.5000
47.1100 2129.6350
47.1200 2078.5975
47.1300 2077.3300
47.1400 2046.1500
47.1500 1966.7825
47.1600 2049.3450
47.1700 2127.1750
47.1800 2164.7400
47.1900 2073.8150
47.2000 1961.5725
47.2100 1995.4475
47.2200 2074.5875
47.2300 2156.5100
47.2400 2160.9600
47.2500 2105.9775
47.2600 2052.8600
47.2700 2033.3325
47.2800 2078.6925
47.2900 2068.1700
47.3000 2051.6675
47.3100 2053.3525
47.3200 1975.5775
47.3300 2088.0825
47.3400 2219.6900
47.3500 2071.5475
47.3600 1958.3325
47.3700 2026.4200
47.3800 2021.7200
47.3900 1925.4475
47.4000 1984.2200
47.4100 2139.6700
47.4200 2200.0000
47.4300 2081.3775
47.4400 2086.1700
47.4500 2106.5750
47.4600 1972.9550
47.4700 1900.0000
47.4800 1941.8125
47.4900 1965.7475
47.5000 1898.4525
47.5100 1932.5525
47.5200 2045.6650
47.5300 2078.7875
47.5400 1984.4700
47.5500 1908.3325
47.5600 1993.5800
47.5700 2084.5325
47.5800 2148.9150
47.5900 2218.2275
47.6000 2184.3800
47.6100 2098.2400
47.6200 2040.4675
47.6300 2025.3600
47.6400 2067.9450
47.6500 2022.4825
47.6600 2014.2950
47.6700 2028.0700
47.6800 1996.0725
47.6900 2046.3675
47.7000 2037.0675
47.7100 1958.1800
47.7200 1949.9925
47.7300 1975.0000
47.7400 1979.1250
47.7500 2073.6425
47.7600 2105.3950
47.7700 2074.1825
47.7800 2152.8200
47.7900 2147.6875
47.8000 1999.5800
47.8100 1967.7200
47.8200 2029.7775
47.8300 1981.1800
47.8400 2004.4275
47.8500 2055.4900
47.8600 2064.3875
47.8700 2076.8300
47.8800 2038.4775
47.8900 2059.3875
47.9000 2164.6075
47.9100 2218.9875
47.9200 2225.5025
47.9300 2289.1025
47.9400 2231.1375
47.9500 2132.3975
47.9600 2189.4775
47.9700 2191.4825
47.9800 2178.4925
47.9900 2319.8100
48.0000 2439.5525
48.0100 2455.9150
48.0200 2333.6850
48.0300 2321.6875
48.0400 2403.0175
48.0500 2360.4800
48.0600 2333.3300
48.0700 2288.8075
48.0800 2291.1775
48.0900 2307.5950
48.1000 2315.8175
48.1100 2170.9100
48.1200 2136.9900
48.1300 2181.7625
48.1400 2230.5775
48.1500 2366.0725
48.1600 2171.6150
48.1700 2088.9425
48.1800 2153.2250
48.1900 2174.3525
48.2000 2184.0850
48.2100 2161.4950
48.2200 2116.4000
48.2300 2023.9700
48.2400 2005.2325
48.2500 2070.8250
48.2600 2179.4325
48.2700 2188.7100
48.2800 2151.1600
48.2900 1997.6600
48.3000 2088.6650
48.3100 2138.7950
48.3200 1998.9350
48.3300 2061.2450
48.3400 2072.4500
48.3500 2086.2050
48.3600 2123.0175
48.3700 2191.8200
48.3800 2202.7175
48.3900 2186.0925
48.4000 2144.5700
48.4100 2105.2950
48.4200 2166.3475
48.4300 2224.3300
48.4400 2253.5400
48.4500 2168.4125
48.4600 2141.4225
48.4700 2274.5250
48.4800 2294.2650
48.4900 2341.2400
48.5000 2392.4300
48.5100 2325.3550
48.5200 2403.4475
48.5300 2487.4000
48.5400 2562.6400
48.5500 2489.2125
48.5600 2407.6350
48.5700 2531.7100
48.5800 2660.6250
48.5900 2578.6000
48.6000 2611.2350
48.6100 2750.5700
48.6200 2812.0600
48.6300 2813.6925
48.6400 2856.7825
48.6500 2852.6000
48.6600 2804.9800
48.6700 2826.2825
48.6800 2792.0400
48.6900 2814.5125
48.7000 2806.2000
48.7100 2791.5475
48.7200 2762.4825
48.7300 2721.0150
48.7400 2641.5300
48.7500 2628.1350
48.7600 2482.2450
48.7700 2441.6950
48.7800 2578.9275
48.7900 2529.4925
48.8000 2315.3925
48.8100 2289.0350
48.8200 2319.6075
48.8300 2369.4800
48.8400 2432.2075
48.8500 2527.5575
48.8600 2511.0550
48.8700 2297.6975
48.8800 2249.5775
48.8900 2213.2075
48.9000 2230.7550
48.9100 2329.7525
48.9200 2231.6750
48.9300 2156.6900
48.9400 2114.2900
48.9500 1969.8700
48.9600 2008.6200
48.9700 2094.8400
48.9800 1969.2475
48.9900 1845.4625
49.0000 1941.8550
49.0100 2109.7575
49.0200 2027.5875
49.0300 2161.1950
49.0400 2166.5450
49.0500 2109.7350
49.0600 2048.3625
49.0700 2131.7250
49.0800 2177.2525
49.0900 2220.3150
49.1000 2141.0375
49.1100 2089.1475
49.1200 2081.1875
49.1300 2119.0975
49.1400 2129.7500
49.1500 2095.4300
49.1600 2006.3025
49.1700 1958.6175
49.1800 2062.2325
49.1900 2010.5075
49.2000 1849.8100
49.2100 1803.1500
49.2200 1908.8950
49.2300 2080.6575
49.2400 2017.6275
49.2500 2156.7050
49.2600 2198.9700
49.2700 2103.9625
49.2800 1948.5175
49.2900 2074.1275
49.3000 2040.3175
49.3100 1819.1025
49.3200 1939.2575
49.3300 2150.0000
49.3400 2137.0175
49.3500 2015.0125
49.3600 2091.2600
49.3700 2177.0975
49.3800 2205.4175
49.3900 2257.4875
49.4000 2156.9750
49.4100 2245.9550
49.4200 2318.3150
49.4300 2554.3500
49.4400 2481.9300
49.4500 2226.5775
49.4600 2259.5825
49.4700 2402.0575
49.4800 2302.3050
49.4900 2342.9850
49.5000 2372.5150
49.5100 2480.5600
49.5200 2429.8675
49.5300 2539.3300
49.5400 2670.0325
49.5500 2551.5475
49.5600 2600.5875
49.5700 2844.4125
49.5800 2677.9325
49.5900 2775.4450
49.6000 2785.2325
49.6100 2533.6100
49.6200 2928.1525
49.6300 3093.0275
49.6400 3174.8850
49.6500 3164.4450
49.6600 2967.7300
49.6700 3092.9450
49.6800 3308.7725
49.6900 3441.5925
49.7000 3333.5400
49.7100 3142.5325
49.7200 3298.8725
49.7300 3465.0450
49.7400 3302.0550
49.7500 3357.4625
49.7600 3309.2100
49.7700 3381.8225
49.7800 3285.6100
49.7900 3340.1875
49.8000 3236.3650
49.8100 3104.0775
49.8200 3083.8875
49.8300 3284.2075
49.8400 2995.1775
49.8500 2783.5450
49.8600 2862.6675
49.8700 2977.9375
49.8800 2959.5550
49.8900 2903.0025
49.9000 2970.9450
49.9100 2880.6675
49.9200 2875.0000
49.9300 2749.9200
49.9400 2866.3975
49.9500 2867.2250
49.9600 2727.1275
49.9700 2546.5950
49.9800 2756.8875
49.9900 2844.1825
